0.05999499999999987 3.2927225399135965e-10 5.399779590373079 0.005705442184353724 
0.1599850000000003 9.313225746154785e-10 1.2020561360810746 0.002052454341435162 
0.25997500000000046 1.3431725187092979e-09 0.622931853178544 0.0017131680886843825 
0.359965 1.8250120749944285e-09 0.41151237990182454 0.001303760663997763 
0.4599550000000006 1.393875996311732e-09 0.29765929747427067 0.0012165184361538869 
0.5599449999999991 2.2351741790771484e-09 0.22128922691796543 0.0009014405487941073 
0.6599349999999992 3.871435241927678e-09 0.17223164365322532 0.0007727673485134356 
0.7599250000000001 2.9802322387695314e-09 0.13950338417847052 0.0007069910391502453 
0.8599150000000008 4.080851059445486e-09 0.1154334704001843 0.0006745735270390032 
0.9599050000000016 6.05288029062447e-09 0.09905594140113061 0.0006457289175711738 
1.0598949999999983 6.828569911354542e-09 0.08641712020155459 0.0005305643516932843 
1.1598850000000018 5.7711949142924205e-09 0.07708557004889077 0.000495797145621065 
1.2598749999999972 9.771344846937061e-09 0.06847922671528757 0.00046292796479981883 
1.359865 5.16191365590357e-09 0.06313015932225258 0.0004943416304698333 
1.459855000000002 8.688795409866126e-09 0.05643530960347534 0.0004324201236302073 
1.559844999999998 8.940696716308593e-09 0.04926529710670368 0.0004503188977610042 
1.6598349999999977 9.8843121241194e-09 0.043838214357658896 0.0004092782376096013 
1.7598250000000037 1.1733186057227569e-08 0.040293645444813814 0.0003580514771213019 
1.8598149999999982 6.322027276634104e-09 0.035946022513186564 0.000340670171457877 
1.9598049999999976 9.18569267238524e-09 0.032828864889186425 0.0002974196526280256 
2.0597950000000016 1.2644054553268208e-08 0.029740358354757208 0.00028784134157739066 
2.159785 2.9802322387695314e-09 0.027570100445874147 0.0003160879561229596 
2.259774999999997 5.16191365590357e-09 0.025722948365034616 0.0003138688597487283 
2.359765000000003 1.3978528260658472e-08 0.023211397338307117 0.0002840656952345575 
2.459755000000001 9.8843121241194e-09 0.022020728095399802 0.000271820472510859 
2.559744999999994 1.2990531157078367e-08 0.02066155034002028 0.0002659108763542515 
2.6597350000000053 1.3978528260658472e-08 0.01936223758915724 0.000264419054987723 
2.7597250000000026 1.7881393432617187e-08 0.018364048687713953 0.0002333176633356468 
2.859714999999996 1.032382731180714e-08 0.0171422703859724 0.00023250014500154366 
2.9597049999999916 2.4934411839666234e-08 0.0159214692333754 0.00020668617442937105 
3.0596949999999987 7.300048299977714e-09 0.015336377270635053 0.0002159076238967429 
3.159685000000002 7.300048299977714e-09 0.014461934027239767 0.00019834778685921773 
3.2596749999999988 4.214684851089403e-09 0.013692858172303375 0.00018378975767447048 
3.359665000000005 2.1073424255447017e-08 0.013485781109671151 0.00020434759530126565 
3.4596549999999984 1.519626234052415e-08 0.012597673115884098 0.00021159933704025685 
3.5596449999999944 1.97686242482388e-08 0.01230020451178145 0.00017986604900054742 
3.659634999999996 8.429369702178806e-09 0.012146715297370799 0.00022581644154453053 
3.7596250000000087 2.1490760299348766e-08 0.011446391974241492 0.0001806351994329811 
3.859615000000004 1.97686242482388e-08 0.010892214812955376 0.00018783090702745547 
3.959605000000006 2.5636927089222152e-08 0.01053127116219823 0.00017509835230194106 
4.059595000000001 1.1920928955078126e-08 0.010087202897726017 0.00019032561730621163 
4.159584999999994 1.5769906706002896e-08 0.00998367526893322 0.0001905731019280536 
4.259574999999997 8.429369702178806e-09 0.00988569467586962 0.0001722498058678016 
4.359564999999992 2.5981062314156734e-08 0.009281497587807169 0.0001601407838935371 
4.459555000000008 3.097148193542142e-08 0.008643313655399176 0.00014076271339035447 
4.559545000000011 3.625608998714816e-08 0.00895095516819691 0.00018253823241684618 
4.659535000000004 1.032382731180714e-08 0.008894430802957397 0.00015783828870241217 
4.759524999999997 1.5769906706002896e-08 0.008348404559947443 0.0001529558218972217 
4.859514999999991 3.2098083538618706e-08 0.00832361868335969 0.0001463310987149844 
4.95950499999999 2.9200193199910855e-08 0.007944124847348202 0.00016374144899843147 
5.0594950000000125 4.5000519962732495e-08 0.007710940773413574 0.0001462737107127547 
5.159485000000006 2.384185791015625e-08 0.007065756432414064 0.0001397700117644227 
5.259475000000005 1.6858739404357613e-08 0.006623674255879586 0.00012753752851462003 
5.359464999999999 1.6858739404357613e-08 0.006133924146293553 0.00014565823644670635 
5.459454999999998 2.5981062314156734e-08 0.005576583260530934 0.00012720353344940658 
5.559444999999993 8.429369702178806e-09 0.005504166607762846 0.00013553943828493794 
5.659434999999991 3.03925246810483e-08 0.005299042604025543 0.00013412653938421322 
5.759425000000004 2.9200193199910855e-08 0.005073904955083781 0.00010380284342536935 
5.859415000000009 4.3800289799866286e-08 0.0049088269218852745 0.0001235024027506816 
5.959404999999995 1.4600096599955428e-08 0.004517973322935698 0.00011835207907287786 
6.059394999999996 1.884864366154897e-08 0.0046567745129275084 0.0001096707578366765 
6.1593849999999986 2.2302015940987713e-08 0.004229313401104622 0.00011546663803580042 
6.259374999999989 2.9200193199910855e-08 0.004050270988860761 0.00010873215269511449 
6.359365000000014 3.03925246810483e-08 0.00405120410844575 0.00011208346979174289 
6.459354999999996 3.153981341200579e-08 0.004032645082151825 9.993183515650105e-05 
6.559345000000005 1.4600096599955428e-08 0.0037214493211273807 0.00010899075084404734 
6.659335000000012 4.6932744228910275e-08 0.003746610942930996 9.687336421041926e-05 
6.7593249999999925 2.9200193199910855e-08 0.003705648634520143 0.00010621456035800271 
6.859315000000004 2.9200193199910855e-08 0.0034661862996449204 0.00011158660440988191 
6.959304999999983 4.3800289799866286e-08 0.003399851602202507 0.00010226689086199252 
7.059295000000011 4.539354506649917e-08 0.00332362344368462 8.662202065157863e-05 
7.1592849999999935 3.264680847556389e-08 0.0034470184121690407 0.00010195511824597797 
7.2592750000000015 3.5762786865234374e-08 0.003366342619033636 0.00011000070801745553 
7.359265000000011 5.5275073620651385e-08 0.0030190353761417963 9.755546238570755e-05 
7.459254999999993 4.129530924722856e-08 0.0030094012410664395 0.00010761896113391859 
7.559245000000003 3.95372484964776e-08 0.0030759372540912267 8.99339377415572e-05 
7.659234999999995 3.3717478808715225e-08 0.002795061254459491 8.843636786525982e-05 
7.759225000000008 4.2146848510894035e-08 0.0026491680981689325 9.66705556377642e-05 
7.859214999999986 5.5275073620651385e-08 0.0026835238398396793 8.469028549364053e-05 
7.959204999999998 3.264680847556389e-08 0.002570697841897112 8.653626058541857e-05 
8.059195000000011 4.298152059869753e-08 0.00259961356340515 8.891251078645014e-05 
8.159184999999988 4.298152059869753e-08 0.0024221936878097237 8.455543637282055e-05 
8.259175000000019 5.3312014997000454e-08 0.0025947281824664726 8.431524295984642e-05 
8.35916499999999 5.196212462831347e-08 0.0023199284753979235 8.646666809906203e-05 
8.459155000000008 1.1920928955078126e-08 0.0022661788653124777 8.408178313593931e-05 
8.559144999999978 5.7170766869935025e-08 0.0022352901245308613 7.959851739147608e-05 
8.659134999999994 4.298152059869753e-08 0.0023089760077197774 7.90362646888429e-05 
8.759125000000013 5.840038639982171e-08 0.0020989623700022287 7.981584456420693e-05 
8.859114999999981 6.951036327892901e-08 0.0021346328296361224 7.940282856746153e-05 
8.959105000000015 5.960464477539063e-08 0.002020916563325194 8.151111040182736e-05 
9.059094999999987 3.3717478808715225e-08 0.0021404505706792225 8.29525026364785e-05 
9.159085000000003 5.3312014997000454e-08 0.0020237815463258176 7.573155555271811e-05 
9.259075000000022 4.6169559314339364e-08 0.0020264112615401746 7.579844188277483e-05 
9.359064999999989 6.63729234079125e-08 0.001987878189886593 7.849629857989228e-05 
9.459055000000012 6.194296387084284e-08 0.0018337865172308202 7.255905146689683e-05 
9.559044999999992 1.6858739404357613e-08 0.0018047366931122169 6.563805548387602e-05 
9.659035000000012 5.057621821307283e-08 0.0017435622978281779 7.106515887941505e-05 
9.75902499999998 3.5762786865234374e-08 0.001615934423900584 7.0382523731979e-05 
9.859015 3.5762786865234374e-08 0.0018584273776586584 8.273782443437913e-05 
9.959005000000019 7.90744969929552e-08 0.0016939611235718725 6.38494738411448e-05 
10.058994999999987 4.6169559314339364e-08 0.0015236256657586223 7.320816006844422e-05 
10.158985000000008 4.76837158203125e-08 0.0016737645678414734 7.0311250707983e-05 
10.258974999999987 3.153981341200579e-08 0.0016407547150738284 7.059645366001485e-05 
10.358965000000007 3.153981341200579e-08 0.0016020121280987624 6.258515500533865e-05 
10.458954999999976 7.539457464619587e-08 0.001559312370093813 6.861637372326742e-05 
10.558944999999996 2.9200193199910855e-08 0.0015119201329095958 6.627374944112204e-05 
10.658935000000012 5.3312014997000454e-08 0.0014469365728351882 6.885187766037899e-05 
10.758924999999987 2.9200193199910855e-08 0.0014857293510398568 6.888393021072722e-05 
10.858915000000017 7.817075877549649e-08 0.0014536650568418288 6.21895108848299e-05 
10.958904999999982 3.769728732309794e-08 0.0014879560160065827 7.004049879972239e-05 
11.058894999999998 4.4604031881975426e-08 0.001438200649375984 6.222509866680344e-05 
11.158885000000028 8.840797528142528e-08 0.0014596348326253597 6.361439346748302e-05 
11.25887499999999 3.95372484964776e-08 0.0014207683962769535 6.682955174472976e-05 
11.358865000000005 5.840038639982171e-08 0.0012496786637379467 6.364795454399084e-05 
11.45885499999999 6.307962682401158e-08 0.0013505365454635758 5.988381569287562e-05 
11.558845000000012 4.4604031881975426e-08 0.0013752161097397761 6.913632839443904e-05 
11.658834999999977 6.07850493620966e-08 0.0013156700845326857 6.870423569801438e-05 
11.758824999999986 4.76837158203125e-08 0.0013113003256494172 6.13350754557123e-05 
11.858815000000025 9.386548845782055e-08 0.0011687072671983589 4.738226263236555e-05 
11.958804999999986 4.76837158203125e-08 0.0012097682162867576 6.01318988228446e-05 
12.058794999999996 6.07850493620966e-08 0.0012934352989513764 5.91820979337502e-05 
12.158785000000002 5.057621821307283e-08 0.001266473065325495 6.246099000580996e-05 
12.258775000000012 2.9200193199910855e-08 0.0011862525328180924 5.8916182851682786e-05 
12.358764999999972 6.951036327892901e-08 0.0010492915229114981 5.5137623461933756e-05 
12.458755000000018 7.539457464619587e-08 0.0012373945984883513 6.126391124857982e-05 
12.558745000000021 6.07850493620966e-08 0.0012092262318478626 5.235315337963741e-05 
12.658734999999986 7.348554137908192e-08 0.0011544576199239353 5.123187092365652e-05 
12.758725 5.3312014997000454e-08 0.0012091279221906075 6.156429911415458e-05 
12.858715000000002 4.129530924722856e-08 0.0011170908895180682 5.823551073854941e-05 
12.958705000000007 1.6858739404357613e-08 0.001149118956659193 5.7768797473865244e-05 
13.058694999999966 1.1680077279964342e-07 0.0010793996236292108 5.213046006416143e-05 
13.158685000000018 4.76837158203125e-08 0.001155719176490579 5.9276771888740716e-05 
13.258675000000022 5.3312014997000454e-08 0.0011637520672789117 6.18699440783653e-05 
13.35866499999998 7.90744969929552e-08 0.0010587306843459696 5.7207349459923926e-05 
13.45865499999999 2.384185791015625e-08 0.001069336166799288 5.638017390840525e-05 
13.558645000000004 5.840038639982171e-08 0.0011335533585504203 6.178586551092255e-05 
13.658635000000002 5.057621821307283e-08 0.001024872107589715 5.320750141674342e-05 
13.758625000000002 2.384185791015625e-08 0.001072550490452778 5.577077176031042e-05 
13.858615000000018 6.529361695112778e-08 0.0009673573740273437 5.0297209145420786e-05 
13.958605000000018 6.307962682401158e-08 0.0010005600878297371 4.940538080852277e-05 
14.058594999999984 3.769728732309794e-08 0.0010125602958748364 5.5732688510328247e-05 
14.15858499999998 8.596304119739506e-08 0.0009460854540515 5.709092908920138e-05 
14.258575000000002 2.9200193199910855e-08 0.0009493988687486954 5.684113044186485e-05 
14.358564999999999 4.4604031881975426e-08 0.0010095620923042524 5.823433477053446e-05 
14.458554999999995 6.07850493620966e-08 0.0009437907656449887 6.088407937283975e-05 
14.55854500000002 5.840038639982171e-08 0.0009652467961099289 5.2426676853252376e-05 
14.658535000000022 9.830249847454216e-08 0.0009472803318006436 4.951328551926575e-05 
14.75852499999998 8.429369702178807e-08 0.000836566984107255 4.852591483562896e-05 
14.858514999999976 8.429369702178807e-08 0.0008684579310179473 4.9939913152707445e-05 
14.958505 6.07850493620966e-08 0.0009398578048854464 5.201749618698949e-05 
15.058494999999995 3.3717478808715225e-08 0.0007940626331958646 5.268644123130054e-05 
15.158484999999986 6.529361695112778e-08 0.0009728626525939854 5.5469951713600737e-05 
15.258475000000017 5.057621821307283e-08 0.0007204915392116725 4.5010204990365487e-05 
15.358465000000018 4.129530924722856e-08 0.0008070591035608572 5.045822213230256e-05 
15.458454999999976 5.3312014997000454e-08 0.000723955011998428 5.3083402887574295e-05 
15.558444999999965 1.2039548085167501e-07 0.000779382572334572 5.638441065066202e-05 
15.658435000000036 9.233911862867873e-08 0.0008256571185791975 5.13439827666477e-05 
15.75842499999999 6.07850493620966e-08 0.0007793631804116951 4.575507648217103e-05 
15.858414999999981 7.152557373046875e-08 0.0008760200345690267 4.947773608008719e-05 
15.958405000000026 6.07850493620966e-08 0.0007999598405330162 4.758753808131392e-05 
16.058395000000015 8.596304119739506e-08 0.0008539891611398014 4.693337888426558e-05 
16.15838499999997 8.596304119739506e-08 0.000836830865364622 4.7325306678333836e-05 
16.25837499999996 1.430511474609375e-07 0.00082058351970693 4.311350141835056e-05 
16.35836500000003 9.5367431640625e-08 0.0007439024486395051 4.489215748720563e-05 
16.458354999999987 8.920806376395085e-08 0.0007314526190582193 4.725683919551512e-05 
16.558344999999985 1.0925711858167267e-07 0.0007642742487507642 4.616994457370126e-05 
16.658335000000022 5.3312014997000454e-08 0.0007323426066906764 3.907979825581782e-05 
16.75832500000001 5.840038639982171e-08 0.0007424159414383163 4.904535265160522e-05 
16.858314999999966 1.32745846815825e-07 0.0007257985760931004 4.5917214925333025e-05 
16.958305000000042 1.348699152348609e-07 0.0007569515610813612 4.634251076224991e-05 
17.05829500000003 1.215700987241932e-07 0.000687641898837847 4.065472957177446e-05 
17.15828499999998 1.0392424925662694e-07 0.0007680899515644053 4.801809818998273e-05 
17.258274999999976 7.152557373046875e-08 0.000795082993080144 5.123505069876872e-05 
17.358265000000024 6.307962682401158e-08 0.0007094946567497651 4.353322382121836e-05 
17.458255000000005 5.3312014997000454e-08 0.000724678558391797 3.911713967786885e-05 
17.55824499999996 1.1680077279964342e-07 0.0007682859369572155 4.918867715691934e-05 
17.65823500000004 1.3902072655785801e-07 0.0007179307534944034 3.963828096003681e-05 
17.758225000000024 9.233911862867873e-08 0.0007748374171310502 4.622065197276705e-05 
17.858214999999976 1.1182822608526778e-07 0.0007415720714443641 4.4727917693249036e-05 
17.958204999999968 1.1182822608526778e-07 0.0008355877841754358 4.8330152261984576e-05 
18.05819500000002 9.830249847454216e-08 0.0007762492346839338 4.840147355458699e-05 
18.158185000000003 5.840038639982171e-08 0.000888759728896126 4.739577257069971e-05 
18.258174999999984 1.1434153373987005e-07 0.0009317569904583798 5.838706645222883e-05 
18.35816500000004 8.920806376395085e-08 0.0007894756849475611 4.865313540614301e-05 
18.45815500000002 5.3312014997000454e-08 0.0008547079967754978 4.963829973597351e-05 
18.558144999999982 7.539457464619587e-08 0.0008354973364345747 5.1630200517605875e-05 
18.658134999999962 1.2839233415447482e-07 0.0008986186647684055 5.500370684244098e-05 
18.758125000000017 6.743495761743045e-08 0.0009810110099300285 5.295598759640994e-05 
18.858115 2.384185791015625e-08 0.0008057803276138205 4.597169837448904e-05 
18.95810499999998 7.90744969929552e-08 0.0009898348348314993 5.272673524458486e-05 
19.058095000000037 1.238859277416857e-07 0.0009205623170842252 5.470289330331015e-05 
19.158085000000025 9.830249847454216e-08 0.0009324493213975365 5.4023648130987804e-05 
19.258074999999973 1.0925711858167267e-07 0.0008148261710843527 4.550937601461938e-05 
19.358064999999957 1.4105033357380905e-07 0.0009350770781653748 5.102654020513747e-05 
19.458055000000044 9.233911862867873e-08 0.0008163839937166748 5.0335343759358224e-05 
19.558044999999996 5.3312014997000454e-08 0.0008444886914957058 5.575655593612849e-05 
19.658034999999973 9.830249847454216e-08 0.0007811375938343643 5.08538431616718e-05 
19.758025000000035 1.4697108275816384e-07 0.0007278243480436411 4.305171691002188e-05 
19.85801500000002 5.840038639982171e-08 0.0007180406123368202 4.194638628051037e-05 
19.95800499999997 8.920806376395085e-08 0.0006801187416436799 4.096830719306835e-05 
20.05799499999995 1.4502435994859264e-07 0.0006747240582226372 4.0348523873673785e-05 
20.15798500000004 1.2839233415447482e-07 0.0006452161713215575 4.287280310007857e-05 
20.25797499999999 1.0115243642614566e-07 0.0005805840980042825 3.714351880365248e-05 
20.357964999999968 8.596304119739506e-08 0.000587045551820116 4.55831852730171e-05 
20.45795500000003 8.596304119739506e-08 0.0005362768636073125 4.0358124366510345e-05 
20.557945000000014 9.233911862867873e-08 0.0005781963178274213 3.7147587262369724e-05 
20.657934999999966 1.2615925364802317e-07 0.00045112955422877424 3.3421640320642325e-05 
20.757924999999947 1.3902072655785801e-07 0.00043287844743166576 3.301635224438959e-05 
20.857915000000034 1.581489939859104e-07 0.0004741786355356593 3.66416977726397e-05 
20.957904999999993 6.743495761743045e-08 0.00042055511980822695 3.9646399755856015e-05 
21.05789499999997 1.1434153373987005e-07 0.0004111682621892501 3.762868298336668e-05 
21.157885000000032 1.4502435994859264e-07 0.00048405599255708725 3.747700882287733e-05 
21.257875000000002 9.830249847454216e-08 0.0004178543136548818 3.580415720587706e-05 
21.35786499999996 9.5367431640625e-08 0.0003948169205843441 3.6011128564544655e-05 
21.457855000000055 1.488923549270248e-07 0.0003422143640908875 3.265704284854895e-05 
21.55784500000002 1.1920928955078125e-07 0.0003800194438873313 3.0681786808672604e-05 
21.65783499999998 5.3312014997000454e-08 0.00038633956323592283 3.189859795404689e-05 
21.757824999999976 1.0925711858167267e-07 0.00034538862525049246 3.1247186937380723e-05 
21.85781500000002 7.90744969929552e-08 0.0003777208672503291 3.276245724185322e-05 
21.957805000000004 7.152557373046875e-08 0.00033847344780447644 2.8614005664127022e-05 
22.057794999999974 1.0392424925662694e-07 0.0003217497474761498 3.168719603932915e-05 
22.157785000000036 9.5367431640625e-08 0.0003460200092688146 3.2669700863549036e-05 
22.257775000000024 1.0925711858167267e-07 0.00027834046062240493 3.0837473083663955e-05 
22.357764999999993 1.0115243642614566e-07 0.0002990521205214451 3.0799805508766494e-05 
22.457754999999956 8.259061849445712e-08 0.00030476116258480897 2.840384518867359e-05 
22.557745000000025 1.1434153373987005e-07 0.00028479015210470713 2.7008792901025984e-05 
22.657734999999985 1.0662402999400091e-07 0.00028459690616768085 2.6875687730477038e-05 
22.75772499999998 1.1182822608526778e-07 0.00028901325137819465 3.150078153964981e-05 
22.85771500000005 1.581489939859104e-07 0.0003245168905696708 3.516913473631602e-05 
22.957704999999997 5.840038639982171e-08 0.00033166831499973465 3.322705806405356e-05 
23.05769499999998 1.2615925364802317e-07 0.00028116790127447126 2.6964796119240652e-05 
23.15768499999998 4.76837158203125e-08 0.0002493524491055277 2.6899097553397754e-05 
23.257675 7.539457464619587e-08 0.0002610510631803355 2.7813698725605356e-05 
23.357665 8.920806376395085e-08 0.0002418220494328252 2.6883995018224864e-05 
23.457655 9.5367431640625e-08 0.00026133966579520827 2.876069624813978e-05 
23.557645000000015 1.1680077279964342e-07 0.0003019941930357754 3.0347178954390083e-05 
23.657635000000024 1.3058723390225555e-07 0.0003366138090757213 3.448354648185663e-05 
23.757625000000004 8.920806376395085e-08 0.00024412872672462476 2.7100774069253792e-05 
23.857614999999946 1.9660499694908432e-07 0.00030532693136856313 2.997569436602053e-05 
23.957605000000044 1.3058723390225555e-07 0.0002935812621226193 3.0312984498793798e-05 
24.057595000000028 1.581489939859104e-07 0.00019767655359467507 2.5037860037761535e-05 
24.15758499999997 1.1680077279964342e-07 0.0002556419604205121 2.6402273605440227e-05 
24.257575000000042 7.539457464619587e-08 0.00020643281266208703 2.3921806403919013e-05 
24.35756499999998 1.4697108275816384e-07 0.0002382984357764231 2.4746661825924945e-05 
24.45755499999997 1.7192608239479013e-07 0.00023785831102460754 2.5026328618864844e-05 
24.557544999999973 1.581489939859104e-07 0.0002380012422478078 2.720173329655489e-05 
24.657535000000003 1.0662402999400091e-07 0.00023739272511034862 2.5559584901009954e-05 
24.75752499999999 5.840038639982171e-08 0.00023282101641111734 2.88084297566527e-05 
24.857515 1.1182822608526778e-07 0.00024696673450735516 2.745024946945372e-05 
24.957505000000005 0.0 0.00022676304323650777 2.2717901895807535e-05 
25.057495000000014 6.743495761743045e-08 0.00023241891918443866 2.6241825377649103e-05 
25.157485000000005 1.0662402999400091e-07 0.0002759063757234945 3.002947783697044e-05 
25.257474999999932 1.581489939859104e-07 0.0002478470772428827 2.425211416022034e-05 
25.357465000000033 1.581489939859104e-07 0.00018574893918908733 2.1792760352687887e-05 
25.45745500000003 1.430511474609375e-07 0.00020818913499499544 2.3129685424985034e-05 
25.557444999999962 7.539457464619587e-08 0.00023466315406327708 2.737777876336571e-05 
25.657435000000042 8.920806376395085e-08 0.00020062487450575814 2.5509120157330303e-05 
25.757424999999962 1.0662402999400091e-07 0.00015997869642749233 1.9940323225667686e-05 
25.85741499999996 1.6170334775746508e-07 0.00020009961855677538 2.448625675269753e-05 
25.957405000000062 2.0509541671377722e-07 0.00025264229682207037 2.7457275748166703e-05 
26.057394999999982 6.743495761743045e-08 0.00022655446009888278 2.1910668508552116e-05 
26.15738499999998 7.539457464619587e-08 0.00015066627411576777 1.8500290084009276e-05 
26.257375000000003 4.76837158203125e-08 0.00022887728899775568 2.318115115017052e-05 
26.357364999999987 4.76837158203125e-08 0.00017932961608668714 2.228280765608907e-05 
26.457355000000003 8.920806376395085e-08 0.0001565978310154549 2.1569806882366603e-05 
26.557345000000005 6.743495761743045e-08 0.00019508798132961307 2.614034759617262e-05 
26.657335000000007 6.743495761743045e-08 0.00018054355591176247 2.1746360451342613e-05 
26.757325000000026 8.259061849445712e-08 0.0001854977729571054 2.3646776909772288e-05 
26.857315000000032 1.54512898884007e-07 0.00021467432543519646 2.377446512732079e-05 
26.95730499999995 1.3902072655785801e-07 0.00018003418548705714 2.528237348016776e-05 
27.057295000000035 1.54512898884007e-07 0.0002117657465961742 2.717117538403276e-05 
27.157285000000055 1.6518123698891423e-07 0.00020979158398271995 2.53908173279753e-05 
27.257274999999968 1.1680077279964342e-07 0.00017150567490908204 1.9321719349763547e-05 
27.357265000000055 2.2365645217053555e-07 0.00016542084254633652 2.065565309755106e-05 
27.457254999999964 1.3058723390225555e-07 0.00020069785783665198 2.6169376684449386e-05 
27.557244999999977 4.76837158203125e-08 0.0001890829874260403 2.3399943803098124e-05 
27.657235 7.539457464619587e-08 0.00018555755157286804 2.415173302178559e-05 
27.75722499999997 1.3902072655785801e-07 0.0002003190308596059 2.2727211098248105e-05 
27.857215 7.539457464619587e-08 0.00020050369288235684 2.3923321585703472e-05 
27.957205000000023 1.1680077279964342e-07 0.00015142130380244221 1.9576387356085423e-05 
28.057194999999993 1.0662402999400091e-07 0.0001683648045560785 2.4546192421268777e-05 
28.157185000000023 1.0115243642614566e-07 0.00019487547166464073 2.337641978405886e-05 
28.257175000000032 1.0662402999400091e-07 0.00014772669905124274 1.988927070114559e-05 
28.357164999999938 1.4697108275816384e-07 0.0001335925905776733 1.983567243893478e-05 
28.457155000000043 1.0115243642614566e-07 0.00015080882656611736 2.025695846700491e-05 
28.55714500000006 2.2110029448260554e-07 0.00020385191914570926 2.423057293797904e-05 
28.657134999999958 1.3902072655785801e-07 0.00014486205800071347 2.0328263217576254e-05 
28.757125000000045 1.9073486328125e-07 0.00016830024984902325 2.137975099564529e-05 
28.857114999999954 1.348699152348609e-07 0.00013900733992441505 2.058412014409381e-05 
28.957104999999967 1.4697108275816384e-07 0.00016255681399653373 2.1085968040371617e-05 
29.057094999999993 5.840038639982171e-08 0.000156238874096602 2.100122375401347e-05 
29.157084999999974 1.1680077279964342e-07 0.00013683678731881116 1.8592257433908525e-05 
29.25707499999999 1.1182822608526778e-07 0.000127434243206192 1.84304596029343e-05 
29.35706500000002 9.5367431640625e-08 0.00013729010248890677 1.963185108888419e-05 
29.457054999999983 9.5367431640625e-08 0.00011909514994884114 2.0141624312183523e-05 
29.557045000000013 5.840038639982171e-08 0.00014503871066246085 2.1088030719596238e-05 
29.65703500000003 1.4697108275816384e-07 0.00015916720319734522 1.9702313975025983e-05 
29.757024999999928 1.9660499694908432e-07 0.0001391226514392836 2.0295196949292078e-05 
29.857015000000036 1.0662402999400091e-07 0.00015974582335657209 2.231962736342971e-05 
29.957005000000052 1.6518123698891423e-07 0.00016020062656039262 2.2342054706596313e-05 
30.05699499999995 2.0230487285229132e-07 0.00017138900679313857 2.25963509089497e-05 
30.156985000000045 1.2615925364802317e-07 0.00013126109410732938 1.9101389407784483e-05 
30.256974999999933 2.1851423716334533e-07 0.00014768297499281752 2.0729645061310832e-05 
30.356964999999956 1.784161275279017e-07 0.00017641020551995153 2.5741086553043954e-05 
30.45695500000007 1.784161275279017e-07 0.00013054383446613841 1.8930414048656902e-05 
30.55694499999996 1.4697108275816384e-07 0.00012460287580427613 1.9722938097831822e-05 
30.65693499999998 9.5367431640625e-08 0.00014815094311758828 2.235825372630217e-05 
30.756925000000024 6.743495761743045e-08 0.00013918892443307167 1.8545511192983688e-05 
30.85691499999997 1.4697108275816384e-07 0.00015133861287604591 2.0766882809877576e-05 
30.956905000000003 8.920806376395085e-08 0.0001153371402139919 1.9548230936883027e-05 
31.056895000000043 1.1680077279964342e-07 0.00013964093855615484 2.1465069648258036e-05 
31.15688499999999 1.215700987241932e-07 0.0001570014792418534 2.243076036464662e-05 
31.256875000000026 1.3058723390225555e-07 0.00012231265130362037 1.806900859830803e-05 
31.356865000000052 1.581489939859104e-07 0.00010492568487748906 1.626015758754827e-05 
31.45685499999994 1.6518123698891423e-07 0.00016003449698407478 1.9865845719828404e-05 
31.55684500000004 1.9073486328125e-07 0.00014224084619721323 1.9861765639904404e-05 
31.65683499999992 2.3360154559928684e-07 0.000126988345734571 1.8775148306267524e-05 
31.756824999999964 1.1182822608526778e-07 0.00016021194398214197 2.308824856616452e-05 
31.85681500000006 1.3902072655785801e-07 0.00011890468282643543 1.791346207067957e-05 
31.956804999999946 1.7520115919946514e-07 0.00012169744391248516 2.097604859305758e-05 
32.05679499999997 1.7192608239479013e-07 9.939295835377546e-05 1.7670170181205166e-05 
32.15678500000002 1.7192608239479013e-07 0.00013302979767479856 2.141754053513664e-05 
32.256774999999955 1.2615925364802317e-07 0.00013990878289119645 1.9144803517394875e-05 
32.356764999999996 1.348699152348609e-07 0.0001600693282094302 2.15751502572517e-05 
32.45675500000004 9.5367431640625e-08 0.00012186786859386627 1.932112031043179e-05 
32.55674499999997 0.0 0.00012479077572917743 1.7504875394745306e-05 
32.65673500000002 1.581489939859104e-07 0.00011662598245532447 2.0162962567543014e-05 
32.75672500000005 1.9073486328125e-07 0.00012197234893741308 1.799310926423704e-05 
32.85671499999993 1.9660499694908432e-07 0.000116173963149785 1.7461924456192676e-05 
32.95670500000005 2.1324805998800182e-07 0.00011305773685237177 1.7866467288462446e-05 
33.056695000000076 2.7392209274950163e-07 0.00010131380764688769 1.7007065509346806e-05 
33.15668499999995 1.1680077279964342e-07 0.00013049661306816136 1.896429543733932e-05 
33.25667500000006 1.581489939859104e-07 0.00014521168712199953 2.157565301044453e-05 
33.35666499999993 2.384185791015625e-07 0.00014504428461741673 2.0298276454620627e-05 
33.45665499999996 2.2365645217053555e-07 0.00010777771438566421 1.7761053222462175e-05 
33.55664500000001 6.743495761743045e-08 0.00011305303802249804 1.8219447924687307e-05 
33.65663499999995 1.1680077279964342e-07 0.0001021319502094324 1.824936216057292e-05 
33.75662499999999 1.430511474609375e-07 0.00010178865816002898 1.7131056438766217e-05 
33.85661500000004 2.384185791015625e-07 9.859363678196961e-05 1.6468859933890032e-05 
33.95660499999996 1.9073486328125e-07 0.00012801045633531235 1.7539195003865695e-05 
34.05659500000001 1.0662402999400091e-07 0.0001282456548244389 1.9057015139439382e-05 
34.15658500000005 2.2365645217053555e-07 0.00010411202885456495 1.8495032305463668e-05 
34.25657499999992 1.8467823725735746e-07 0.00013997609987459619 1.9973595796083042e-05 
34.35656500000004 1.581489939859104e-07 0.00011637083215028021 1.8831358869065893e-05 
34.45655500000007 2.611744678045111e-07 0.00010749224179580563 1.866815219499849e-05 
34.55654499999994 2.2365645217053555e-07 0.00015649997942674809 2.332521665734519e-05 
34.65653500000005 2.286830674797401e-07 0.00010187358118870117 1.7185494092268455e-05 
34.75652499999992 2.384185791015625e-07 0.00010459900439232601 1.8615274748001558e-05 
34.85651499999995 1.1680077279964342e-07 0.00010475708847744979 1.6728154344735932e-05 
34.95650500000007 2.611744678045111e-07 0.00011588594090238594 1.9267179792343286e-05 
35.056494999999934 2.477718554833714e-07 9.045125756550812e-05 1.4701194625494664e-05 
35.15648499999998 1.5078914929239175e-07 8.41399146252685e-05 1.6558088481086203e-05 
35.25647500000004 4.76837158203125e-08 0.00012487663923805206 2.023069875457614e-05 
35.35646499999995 2.1851423716334533e-07 0.00010181536732245881 1.8495840657723146e-05 
35.456455 1.7192608239479013e-07 0.00010446365981347817 1.7235413888364696e-05 
35.556445000000046 1.581489939859104e-07 0.00010170709056561 1.6622862448749306e-05 
35.65643499999997 2.0784849851325387e-07 8.411569348554075e-05 1.4364534465078065e-05 
35.75642500000003 1.581489939859104e-07 8.105801814985762e-05 1.6442064306221138e-05 
35.85641500000007 2.1851423716334533e-07 0.00011921067814732363 1.7928873222753477e-05 
35.95640499999993 1.1680077279964342e-07 9.856950187747145e-05 1.6984170208660858e-05 
36.05639500000004 4.76837158203125e-08 9.011927769299675e-05 1.719148204156473e-05 
36.1563850000001 3.0532475649990315e-07 9.28604979653906e-05 1.4100010914310526e-05 
36.25637499999994 1.1680077279964342e-07 9.268565635833826e-05 1.523215005200118e-05 
36.35636500000007 2.5231850729604634e-07 0.0001252654921087572 1.9956741104991516e-05 
36.45635499999993 1.348699152348609e-07 9.613828039000648e-05 1.5459230176276848e-05 
36.55634499999997 4.76837158203125e-08 0.00010520438462337584 1.8802350536674452e-05 
36.656335000000034 1.348699152348609e-07 6.978271976941284e-05 1.3667301661451974e-05 
36.75632499999993 2.384185791015625e-07 0.00010161817348738696 1.6595666985875347e-05 
36.856314999999995 1.430511474609375e-07 0.00013353086254912788 2.1465943621231885e-05 
36.95630500000006 2.5231850729604634e-07 8.702286394845724e-05 1.710238504701137e-05 
37.056294999999956 1.7192608239479013e-07 8.686051248781644e-05 1.6134757873404423e-05 
37.15628500000002 1.8467823725735746e-07 0.00010172438285374681 1.7064192893992704e-05 
37.256275000000066 2.3360154559928684e-07 0.00011047827078490385 1.6862177773992605e-05 
37.35626499999992 1.581489939859104e-07 0.00011086333232571492 1.641116355401716e-05 
37.45625500000005 2.2365645217053555e-07 0.00011362429957244334 1.8853861438155557e-05 
37.5562450000001 2.384185791015625e-07 8.731973446628871e-05 1.816908133267583e-05 
37.65623499999995 2.477718554833714e-07 9.533597696104514e-05 1.6272985765180234e-05 
37.75622500000006 2.0784849851325387e-07 9.58550173394213e-05 1.5872322250980664e-05 
37.856214999999914 2.286830674797401e-07 7.545920556182709e-05 1.4597411494660611e-05 
37.95620499999996 2.0230487285229132e-07 9.926025535842062e-05 1.613069908968487e-05 
38.05619500000009 2.5678466830894965e-07 9.57732213735221e-05 1.6889160522316553e-05 
38.15618499999994 2.0784849851325387e-07 0.0001196331491024828 2.0366155438252687e-05 
38.25617499999999 6.743495761743045e-08 8.408149253078368e-05 1.7475968111044968e-05 
38.35616500000005 2.2365645217053555e-07 0.00010756258795744293 1.7724005432751486e-05 
38.456154999999946 2.7392209274950163e-07 9.575076947232685e-05 1.8732526926269642e-05 
38.55614500000001 1.581489939859104e-07 0.00011639949979191949 1.934160255176585e-05 
38.65613500000006 2.5231850729604634e-07 7.829669205872699e-05 1.4112801420418006e-05 
38.75612499999991 2.477718554833714e-07 0.00011028002145698096 1.5778220004715248e-05 
38.85611500000004 1.9660499694908432e-07 7.564766618782878e-05 1.5809372896809528e-05 
38.956105000000086 2.5678466830894965e-07 8.166043594519147e-05 1.5510251653831887e-05 
39.05609499999994 2.286830674797401e-07 9.307720073176311e-05 1.5350715169224894e-05 
39.15608500000005 2.1851423716334533e-07 7.866865291064173e-05 1.4806811113704738e-05 
39.2560749999999 2.7804145311571603e-07 8.969873849553874e-05 1.765111653649232e-05 
39.35606499999995 2.5231850729604634e-07 6.0966401639424436e-05 1.3176725099157387e-05 
39.45605500000008 2.5231850729604634e-07 7.221236676717472e-05 1.4903691772254454e-05 
39.55604499999992 2.0230487285229132e-07 8.715121519997609e-05 1.5053337026490547e-05 
39.65603499999998 9.5367431640625e-08 6.6703855934581e-05 1.350754677253618e-05 
39.756025000000044 1.348699152348609e-07 4.9218470280005255e-05 1.2344459034625997e-05 
39.856014999999935 1.8467823725735746e-07 7.523196032738367e-05 1.4545029808860462e-05 
39.956005 8.259061849445712e-08 0.00010198527228451264 1.5638242112952142e-05 
40.05599500000006 2.86102294921875e-07 0.0001018657428159631 1.5654669476793805e-05 
40.155984999999966 1.581489939859104e-07 7.560526146023647e-05 1.70910448912568e-05 
40.25597500000003 1.784161275279017e-07 6.374777714696646e-05 1.3307173654458397e-05 
40.35596500000008 2.821006671476181e-07 8.721770705477974e-05 1.7667880422414605e-05 
40.45595499999993 2.1324805998800182e-07 6.420634691962451e-05 1.4692389707332667e-05 
40.555945000000044 1.8467823725735746e-07 9.573177533830802e-05 1.5399930436001082e-05 
40.65593499999989 2.611744678045111e-07 7.546793503560518e-05 1.3957516194738408e-05 
40.75592499999994 0.0 8.138141342846517e-05 1.4281421997935844e-05 
40.85591500000007 2.2365645217053555e-07 6.93416928049241e-05 1.5327860520026632e-05 
40.955904999999916 2.384185791015625e-07 7.001038589841524e-05 1.661833570757097e-05 
41.05589499999997 1.2615925364802317e-07 9.931636255597249e-05 1.618127894137715e-05 
41.15588500000003 1.0662402999400091e-07 6.944057554151476e-05 1.4738414535625749e-05 
41.255874999999925 2.0784849851325387e-07 8.157070404034641e-05 1.4354980448812195e-05 
41.355864999999994 1.2615925364802317e-07 6.41076594605042e-05 1.3431411365562776e-05 
41.455855000000064 2.0784849851325387e-07 8.968200052911659e-05 1.4576607493399764e-05 
41.555844999999955 1.7192608239479013e-07 7.857018061616544e-05 1.4765563077831359e-05 
41.65583500000002 4.76837158203125e-08 9.281622018477403e-05 1.6317759985603803e-05 
41.75582500000008 2.1851423716334533e-07 0.00010488164114765586 1.5723741730103585e-05 
41.85581499999992 2.286830674797401e-07 6.390585760315831e-05 1.4562457474134038e-05 
41.95580500000003 6.743495761743045e-08 7.58999262169631e-05 1.580448521834732e-05 
42.05579500000011 3.015782985847835e-07 7.563332813124446e-05 1.4041213537898845e-05 
42.15578499999995 1.9073486328125e-07 8.141779334164675e-05 1.4345918364772267e-05 
42.25577500000004 1.430511474609375e-07 0.00012749150603302378 1.973092394371222e-05 
42.35576499999992 1.9073486328125e-07 6.0578466216833824e-05 1.369100648154614e-05 
42.45575499999996 1.430511474609375e-07 8.420633767073535e-05 1.5020321348279184e-05 
42.55574500000007 3.015782985847835e-07 5.216558718064836e-05 1.1135725410522411e-05 
42.65573499999994 2.477718554833714e-07 6.388907634127672e-05 1.2670521752018579e-05 
42.75572499999999 4.76837158203125e-08 8.708857399511356e-05 1.7659778184395298e-05 
42.85571500000004 1.9073486328125e-07 8.716159397926088e-05 1.5090151073455247e-05 
42.95570499999995 2.697398304697218e-07 0.00012462174599143087 1.7506809726110247e-05 
43.05569500000001 1.430511474609375e-07 8.66812908733726e-05 1.555681727803438e-05 
43.15568500000005 1.6518123698891423e-07 8.138743864136974e-05 1.53920378440591e-05 
43.25567499999994 2.431401974483864e-07 6.98330978878018e-05 1.4947163631364712e-05 
43.35566500000004 2.2365645217053555e-07 5.53260571246637e-05 1.2109427613567641e-05 
43.45565500000008 2.5678466830894965e-07 8.103382500712434e-05 1.4817699947364658e-05 
43.55564499999997 2.1324805998800182e-07 6.108276782674485e-05 1.450894698076541e-05 
43.655635000000046 2.5678466830894965e-07 8.374013940169516e-05 1.5407391956410105e-05 
43.75562499999989 3.504023183989303e-07 6.659632995813758e-05 1.350154552211665e-05 
43.85561499999998 6.743495761743045e-08 6.381419322075013e-05 1.3330551093524562e-05 
43.95560500000008 3.198720899820027e-07 8.743905305309664e-05 1.7732133935544346e-05 
44.05559499999991 2.939421655163277e-07 5.8252656394647915e-05 1.1652800155246682e-05 
44.15558500000001 1.348699152348609e-07 4.9215562194968085e-05 1.16089343797049e-05 
44.25557500000005 2.7804145311571603e-07 5.199664723289383e-05 1.247526521752359e-05 
44.355564999999935 1.9660499694908432e-07 9.287775439961744e-05 1.5864017332684813e-05 
44.45555499999997 2.697398304697218e-07 6.628349146656137e-05 1.3403811418862035e-05 
44.555545000000066 3.198720899820027e-07 5.504903923816206e-05 1.1368771410260207e-05 
44.65553499999996 6.743495761743045e-08 8.142448223464309e-05 1.4881169394542239e-05 
44.75552499999999 1.0662402999400091e-07 7.544689838138279e-05 1.2731156741634675e-05 
44.855515000000096 3.09025797768014e-07 5.5153317597906564e-05 1.625578663496274e-05 
44.95550499999993 1.9660499694908432e-07 5.500755217672885e-05 1.4602970215234702e-05 
45.055495 1.9660499694908432e-07 6.083517898296728e-05 1.3159813634712702e-05 
45.15548500000012 2.7392209274950163e-07 5.233767625832028e-05 1.2615500999803113e-05 
45.25547499999994 6.743495761743045e-08 8.13268145100784e-05 1.4847941569853478e-05 
45.355465000000024 2.431401974483864e-07 6.147470143645767e-05 1.2647696438783392e-05 
45.455454999999944 1.5078914929239175e-07 4.961279054332701e-05 1.1725153193954076e-05 
45.55544499999997 2.3360154559928684e-07 5.507551436146818e-05 1.1374544216430723e-05 
45.655435 1.6518123698891423e-07 6.718419363145896e-05 1.5953875170699346e-05 
45.75542499999996 2.2365645217053555e-07 7.310994175371232e-05 1.5198940078016263e-05 
45.855414999999994 6.743495761743045e-08 6.665592105501167e-05 1.283970325726176e-05 
45.95540500000003 0.0 6.998036434873954e-05 1.374939494075109e-05 
46.05539499999999 2.3360154559928684e-07 4.641985024431616e-05 1.0637927739428584e-05 
46.15538500000002 0.0 5.25844037022201e-05 1.2637587483515904e-05 
46.25537500000004 2.611744678045111e-07 6.642336227767205e-05 1.3419243925946761e-05 
46.35536499999998 1.9073486328125e-07 6.975712212442895e-05 1.4304193004081766e-05 
46.45535500000005 1.1680077279964342e-07 4.636795715408969e-05 1.2108220809176224e-05 
46.55534500000006 2.86102294921875e-07 7.495768782424679e-05 1.5586144185146027e-05 
46.655334999999994 1.348699152348609e-07 4.630622368490355e-05 1.1366286483810124e-05 
46.755325000000056 9.5367431640625e-08 4.04067321787963e-05 1.0820817925838729e-05 
46.85531499999989 3.6314836053199334e-07 5.227951175196632e-05 1.1881861748939505e-05 
46.95530500000002 1.6518123698891423e-07 7.545528395129976e-05 1.4004761861766845e-05 
47.055295000000086 2.697398304697218e-07 5.508951642275135e-05 1.3411988187818387e-05 
47.155284999999914 3.2340669551493016e-07 6.047850321493005e-05 1.4209939025514053e-05 
47.25527500000005 1.5078914929239175e-07 4.6681981494217344e-05 1.0697089979971771e-05 
47.35526500000006 3.162979879718208e-07 5.8436850645819525e-05 1.3121656687054242e-05 
47.45525499999994 1.348699152348609e-07 4.93743839714789e-05 1.2343507278318554e-05 
47.55524499999995 1.784161275279017e-07 7.309718800891923e-05 1.3924910353447657e-05 
47.65523500000008 2.1324805998800182e-07 7.843371957296323e-05 1.5300796021641367e-05 
47.75522499999991 1.9073486328125e-07 6.080953642673139e-05 1.1796043592022888e-05 
47.85521499999997 6.743495761743045e-08 6.393161992252618e-05 1.338423788201565e-05 
47.955205000000106 3.6314836053199334e-07 4.948724169655594e-05 1.1668437840474672e-05 
48.05519499999994 3.2340669551493016e-07 4.3549965399705794e-05 1.1150279078811086e-05 
48.15518499999998 2.1324805998800182e-07 7.794608251778338e-05 1.6204369869191687e-05 
48.255174999999944 3.371747880871523e-07 8.442067234799697e-05 1.4438496541630195e-05 
48.35516499999995 2.939421655163277e-07 5.235494191377852e-05 1.1875317771530888e-05 
48.455155000000005 2.2365645217053555e-07 4.345943931879584e-05 1.0346793937109002e-05 
48.555144999999975 1.5078914929239175e-07 5.226881415544417e-05 1.1882168688154705e-05 
48.65513499999998 1.5078914929239175e-07 5.2534841510959326e-05 1.2698556139594945e-05 
48.75512499999999 1.348699152348609e-07 5.559579096139293e-05 1.3542077425650933e-05 
48.855115 2.2365645217053555e-07 4.953066730835305e-05 1.1671148815411376e-05 
48.955104999999996 1.9073486328125e-07 6.10570577878741e-05 1.3823441656496665e-05 
49.055095 1.6518123698891423e-07 5.8206321249625607e-05 1.5349318801739048e-05 
49.155085000000014 2.1324805998800182e-07 4.680916547859194e-05 1.2911389598095895e-05 
49.255075000000026 1.5078914929239175e-07 4.365245766109369e-05 1.039279859957276e-05 
49.355065000000025 1.784161275279017e-07 4.950532625027717e-05 1.1723127044971939e-05 
49.455055 2.1324805998800182e-07 6.972478455814715e-05 1.3089278998170776e-05 
49.55504500000004 2.2365645217053555e-07 6.9634386768996e-05 1.6047103886537397e-05 
49.65503499999987 3.754619538312822e-07 4.6018411862180475e-05 1.1279556686254658e-05 
49.75502500000003 2.611744678045111e-07 5.49900628249012e-05 1.2068352721062158e-05 
49.855015000000066 1.5078914929239175e-07 4.9603178022297234e-05 1.2457338241975233e-05 
49.95500499999989 2.5231850729604634e-07 4.6223647172269436e-05 1.2072300842026325e-05 
50.054995000000055 3.3036247397782847e-07 3.2337787160852924e-05 9.199360202072746e-06 
50.15498500000005 1.5078914929239175e-07 5.207910655089076e-05 1.1838501190715128e-05 
50.254974999999924 2.431401974483864e-07 4.0794803662411335e-05 1.0111970677265595e-05 
50.354965000000064 3.162979879718208e-07 7.59112338702407e-05 1.4089648820832634e-05 
50.45495500000008 3.2340669551493016e-07 5.22406997651776e-05 1.1891780652427084e-05 
50.55494499999993 3.162979879718208e-07 4.658141375361352e-05 1.0675208341440327e-05 
50.65493499999993 1.6518123698891423e-07 4.952475329415884e-05 1.3716491452307539e-05 
50.75492500000009 3.754619538312822e-07 4.9325257856650447e-05 1.0900831205865643e-05 
50.85491499999992 3.504023183989303e-07 5.805025844419225e-05 1.474407003965089e-05 
50.954904999999954 1.348699152348609e-07 4.673890664611109e-05 1.2944068385985324e-05 
51.05489500000012 3.4385216478958025e-07 5.842094745860763e-05 1.3771970794093697e-05 
51.15488499999994 2.2365645217053555e-07 3.476392181656176e-05 9.416751345403572e-06 
51.25487499999996 1.1680077279964342e-07 4.6817376509211425e-05 1.2857688662042523e-05 
51.354864999999975 1.1680077279964342e-07 4.717785471195985e-05 1.2281847323154625e-05 
51.45485499999996 2.0230487285229132e-07 2.875432809793606e-05 8.626649782453411e-06 
51.55484499999999 1.784161275279017e-07 3.786792048107162e-05 1.0657496181152661e-05 
51.65483499999999 2.0230487285229132e-07 5.514549757683192e-05 1.404127264238529e-05 
51.75482499999999 2.1324805998800182e-07 2.025732922888314e-05 7.384607523594327e-06 
51.854814999999974 1.784161275279017e-07 4.976768364101083e-05 1.2479758811021108e-05 
51.954805000000015 1.6518123698891423e-07 6.112117061814835e-05 1.3245196279679788e-05 
52.054795000000006 2.0230487285229132e-07 6.094894508202099e-05 1.2511477270574491e-05 
52.15478499999999 2.1324805998800182e-07 4.3188513583031545e-05 1.0282173734182147e-05 
52.254775 2.3360154559928684e-07 7.594663583840639e-05 1.4751748263358225e-05 
52.354765000000036 9.5367431640625e-08 4.652709389271924e-05 1.2122981199439476e-05 
52.45475500000002 1.6518123698891423e-07 6.084721543801604e-05 1.2501839552008627e-05 
52.55474500000004 9.5367431640625e-08 4.960902135186698e-05 1.1689466175507826e-05 
52.65473500000005 1.348699152348609e-07 5.841241031593341e-05 1.2368014818663214e-05 
52.75472499999987 3.015782985847835e-07 3.174331433080476e-05 9.910930204641113e-06 
52.85471500000005 2.939421655163277e-07 4.927116239634237e-05 1.0889119135655419e-05 
52.954705000000075 3.504023183989303e-07 6.084263348047284e-05 1.3157156893482568e-05 
53.054694999999896 3.8738433859996607e-07 4.400526363864998e-05 1.2047710936992223e-05 
53.15468500000008 3.162979879718208e-07 4.065628044102643e-05 1.162232571216163e-05 
53.25467500000006 3.504023183989303e-07 4.6451648302814596e-05 1.0645015933467017e-05 
53.35466499999991 1.6518123698891423e-07 4.9329591621172776e-05 1.1649484749107094e-05 
53.454654999999896 3.4385216478958025e-07 4.078067509678384e-05 1.0110164984245603e-05 
53.55464500000008 2.939421655163277e-07 1.7484673433630733e-05 8.048493910051179e-06 
53.65463499999994 2.86102294921875e-07 4.0371457613187446e-05 1.0780404656767401e-05 
53.754624999999926 2.2365645217053555e-07 4.366133471861624e-05 1.3194753714656683e-05 
53.8546150000001 3.3036247397782847e-07 3.484258144218262e-05 1.0298967411135714e-05 
53.95460499999993 3.162979879718208e-07 3.4933150643548084e-05 1.0310667432884052e-05 
54.054594999999935 3.4385216478958025e-07 4.643512157372594e-05 1.1383937991302542e-05 
54.15458500000013 4.3702847432669067e-07 2.916412163492413e-05 8.750156994605036e-06 
54.25457499999995 2.5231850729604634e-07 3.50235595384704e-05 9.485382608238838e-06 
54.35456499999996 1.348699152348609e-07 3.7856630394156646e-05 1.140523473574102e-05 
54.45455499999999 0.0 5.520777042302861e-05 1.1400969023075451e-05 
54.55454499999997 2.0230487285229132e-07 4.624609783730017e-05 1.1341311777612078e-05 
54.65453499999994 3.4385216478958025e-07 5.7923722136976865e-05 1.1585887485307332e-05 
54.75452500000002 0.0 5.212187808498075e-05 1.1843712526234898e-05 
54.85451499999999 1.1680077279964342e-07 4.6632298318199275e-05 1.1484430468220345e-05 
54.95450499999997 2.697398304697218e-07 3.755648333510256e-05 1.0523247995047418e-05 
55.054495000000045 1.784161275279017e-07 3.51758018380182e-05 1.0421399280101147e-05 
55.154485000000015 2.2365645217053555e-07 3.790772217876455e-05 9.808488951163698e-06 
55.254474999999985 1.348699152348609e-07 2.9020212879318228e-05 8.708636559354417e-06 
55.35446500000003 2.3360154559928684e-07 2.6304655684155633e-05 1.0228839600848045e-05 
55.454455000000046 3.162979879718208e-07 3.75311732459078e-05 1.202457366787706e-05 
55.554445000000015 1.1680077279964342e-07 4.345229899589918e-05 1.0345008901801305e-05 
55.654435000000056 3.2340669551493016e-07 4.387222980081001e-05 1.0445227618165267e-05 
55.754425000000055 2.431401974483864e-07 4.6745554379735796e-05 1.146512436600483e-05 
55.854414999999875 3.504023183989303e-07 4.645737740266789e-05 1.0646618224270275e-05 
55.95440500000008 3.2340669551493016e-07 4.368694249727621e-05 1.1923798656063095e-05 
56.054395000000085 1.6518123698891423e-07 1.7381829632692872e-05 6.880768885861092e-06 
56.154384999999905 4.1569699702650775e-07 5.249076848048944e-05 1.3898831164068211e-05 
56.25437500000011 3.8738433859996607e-07 3.1669452109560426e-05 1.0710201915617438e-05 
56.35436500000008 3.3036247397782847e-07 3.773858140657786e-05 1.138299454101554e-05 
56.454354999999914 2.7804145311571603e-07 5.231917966911654e-05 1.1916521143093397e-05 
56.554344999999884 2.611744678045111e-07 2.050395348552501e-05 7.47489914424788e-06 
56.65433500000009 3.371747880871523e-07 2.928147854213451e-05 8.785685205757537e-06 
56.75432499999991 1.348699152348609e-07 4.6612866359562256e-05 1.1488380304628642e-05 
56.854314999999914 2.697398304697218e-07 4.058688546593612e-05 1.1644905324479365e-05 
56.95430500000012 3.09025797768014e-07 5.827128846857633e-05 1.1656625487551202e-05 
57.05429499999993 2.86102294921875e-07 5.223947955597794e-05 1.1885766158710433e-05 
57.15428499999993 2.7804145311571603e-07 3.184972826238619e-05 9.060582770156847e-06 
57.254274999999986 9.5367431640625e-08 3.512079866980376e-05 9.512663479676903e-06 
57.35426499999995 2.1324805998800182e-07 4.358575044799702e-05 1.0378129107193233e-05 
57.45425499999996 1.5078914929239175e-07 3.182982409263567e-05 9.924184625618078e-06 
57.554245000000016 1.5078914929239175e-07 5.228285152392043e-05 1.1160877820797083e-05 
57.65423499999998 2.1324805998800182e-07 5.255452895364351e-05 1.1929822310858785e-05 
57.754224999999934 3.504023183989303e-07 4.395636452150454e-05 1.1239165713830872e-05 
57.85421500000004 2.1324805998800182e-07 3.493212041872915e-05 1.1105478243128014e-05 
57.954204999999995 2.431401974483864e-07 3.485458530582796e-05 9.44143293307439e-06 
58.05419499999996 1.348699152348609e-07 3.7798033113777e-05 1.0566472156741173e-05 
58.15418500000007 3.568322550558034e-07 2.3575019008003203e-05 7.996136259412998e-06 
58.254175000000025 6.743495761743045e-08 6.12003156519885e-05 1.3911202528779732e-05 
58.35416499999999 1.784161275279017e-07 3.481490952167078e-05 1.2531700661530816e-05 
58.45415500000006 3.162979879718208e-07 2.3202141436767476e-05 8.882515074663257e-06 
58.55414500000004 2.2365645217053555e-07 4.9501690789080024e-05 1.0941925345694098e-05 
58.654134999999854 4.1569699702650775e-07 3.779954728279296e-05 9.779720803680246e-06 
58.75412500000009 3.504023183989303e-07 3.5038939156362405e-05 9.490232650036892e-06 
58.85411500000007 2.431401974483864e-07 2.6288294411692047e-05 9.330417596817405e-06 
58.954104999999885 4.523674478771752e-07 4.359095889323612e-05 1.119650525556832e-05 
59.0540950000001 3.814697265625e-07 3.200386917971236e-05 9.104289390329926e-06 
59.15408500000006 3.8738433859996607e-07 5.8001947953347196e-05 1.3558057527301266e-05 
59.2540749999999 3.015782985847835e-07 4.0814235827411465e-05 1.0118174006786046e-05 
59.35406499999986 4.720447033220132e-07 2.9106323088765383e-05 8.733611126154164e-06 
59.45405500000009 2.939421655163277e-07 4.0735051175668096e-05 1.0906487277714623e-05 
59.554044999999924 2.3360154559928684e-07 4.9789981724891403e-05 1.100366150327843e-05 
59.65403499999988 3.6314836053199334e-07 5.227170819864999e-05 1.2570846600105885e-05 
59.75402500000011 2.1324805998800182e-07 3.508294243581565e-05 1.0373181588286687e-05 
59.85401499999991 2.5231850729604634e-07 2.6336095961206463e-05 9.372986353239978e-06 
59.95400499999991 3.3036247397782847e-07 3.476600301544083e-05 1.0236142802360646e-05 
60.05399500000013 3.4385216478958025e-07 2.3202256605364692e-05 7.869676321650228e-06 
60.15398499999994 9.5367431640625e-08 2.9086710537337015e-05 8.727125452187517e-06 
60.25397499999992 2.1324805998800182e-07 4.084286298424564e-05 1.0125407822856905e-05 
60.35396500000001 1.5078914929239175e-07 1.4450251851884556e-05 6.299299047949794e-06 
60.45395499999996 3.4385216478958025e-07 3.194265381304647e-05 9.087526513092944e-06 
60.55394499999995 3.015782985847835e-07 3.496979559990078e-05 1.0394873384305256e-05 
60.65393500000004 2.0230487285229132e-07 6.369401872294369e-05 1.3970497719314326e-05 
60.75392499999999 1.9073486328125e-07 4.071545710151661e-05 1.08727688918848e-05 
60.85391499999994 1.6518123698891423e-07 3.466587162596461e-05 1.1029186627050806e-05 
60.953905000000056 1.348699152348609e-07 3.494407536312262e-05 1.0337027895158894e-05 
61.053895000000004 2.611744678045111e-07 2.333775403050285e-05 7.916363511950218e-06 
61.153884999999946 1.5078914929239175e-07 3.516469598376587e-05 1.0439280388738702e-05 
61.25387500000005 2.611744678045111e-07 4.9344329015652485e-05 1.1617930385095166e-05 
61.353865000000035 2.0230487285229132e-07 4.034607952850098e-05 1.1488758267907454e-05 
61.453854999999976 2.3360154559928684e-07 4.085465375709506e-05 1.0942254651372608e-05 
61.55384500000008 3.8738433859996607e-07 2.3220806068036437e-05 7.875866181768111e-06 
61.65383500000005 6.743495761743045e-08 4.375307254680459e-05 1.1916630301733765e-05 
61.75382499999985 3.568322550558034e-07 3.2119758958213654e-05 9.137934282354761e-06 
61.8538150000001 2.431401974483864e-07 4.085779337836994e-05 1.0127901736075474e-05 
61.95380500000008 2.431401974483864e-07 2.3143418575249824e-05 7.849461748940225e-06 
62.05379499999988 4.2113117534293403e-07 4.0343790271333314e-05 1.0801888271567782e-05 
62.153785000000134 4.0460974570458265e-07 2.015936264441225e-05 7.349288702503836e-06 
62.253775000000076 3.015782985847835e-07 3.501815040969593e-05 1.0310183245286967e-05 
62.3537649999999 3.8738433859996607e-07 2.346285147795734e-05 9.001192092072853e-06 
62.45375500000014 3.693564745147149e-07 3.217218037511415e-05 9.995890506495744e-06 
62.55374500000009 2.431401974483864e-07 5.236640660377689e-05 1.1179291020808932e-05 
62.65373499999993 2.2365645217053555e-07 3.510534087001438e-05 1.195482964011881e-05 
62.75372499999987 4.76837158203125e-07 3.4886859684730593e-05 9.449017038266293e-06 
62.85371500000012 4.6231077741778654e-07 5.233589439241154e-05 1.117256382891401e-05 
62.95370499999992 3.8738433859996607e-07 4.366493118848683e-05 1.117274672988951e-05 
63.05369499999989 3.6314836053199334e-07 3.7588275094282525e-05 1.0558533422351638e-05 
63.15368500000015 4.422005889652111e-07 2.331327242675567e-05 7.907249193557893e-06 
63.25367499999995 1.1680077279964342e-07 6.080877442646281e-05 1.2492356216487556e-05 
63.35366499999991 2.3360154559928684e-07 3.81178164713888e-05 1.07229887994176e-05 
63.45365500000003 9.5367431640625e-08 2.0454542418882658e-05 7.4563780058923e-06 
63.55364499999997 1.1680077279964342e-07 3.773401856957104e-05 1.0573294255314409e-05 
63.6536349999999 2.697398304697218e-07 2.3281212163659525e-05 7.89756264610569e-06 
63.753625000000056 2.0230487285229132e-07 5.227514946300219e-05 1.3220968700659693e-05 
63.85361499999999 2.0230487285229132e-07 4.0487296079052355e-05 1.0818673837744597e-05 
63.95360499999993 4.0460974570458265e-07 3.8104750281277725e-05 1.1501164912287884e-05 
64.05359500000007 3.568322550558034e-07 3.477838325998315e-05 1.1051474182034781e-05 
64.153585 3.015782985847835e-07 1.7580597387396018e-05 6.958969079537183e-06 
64.25357499999994 9.5367431640625e-08 1.7438034022962573e-05 6.903440069838062e-06 
64.35356500000007 2.1324805998800182e-07 5.1848691362550524e-05 1.179674187566099e-05 
64.45355500000004 1.348699152348609e-07 4.065964220721645e-05 1.086045124596318e-05 
64.55354499999997 1.9073486328125e-07 3.456670043393167e-05 1.1715389974609551e-05 
64.6535350000001 2.1324805998800182e-07 2.8948935495557536e-05 8.686060123883853e-06 
64.75352500000007 2.697398304697218e-07 3.782137344876949e-05 9.785931469372334e-06 
64.85351499999986 3.4385216478958025e-07 4.9219416251307725e-05 1.1687989013027294e-05 
64.95350500000012 2.86102294921875e-07 3.491886615713237e-05 1.0286302587874788e-05 
65.0534950000001 1.348699152348609e-07 2.358640698696629e-05 9.937584722823676e-06 
65.15348499999989 3.4385216478958025e-07 3.20129640918118e-05 9.106769572796851e-06 
65.25347500000015 5.394796609394436e-07 1.4723674609689941e-05 7.67287579890485e-06 
65.35346500000009 3.693564745147149e-07 2.318552709279001e-05 7.864881251345114e-06 
65.4534549999999 0.0 5.196092589359322e-05 1.109189600504682e-05 
65.55344499999984 5.135693366178993e-07 3.4802830691546565e-05 9.426899032723468e-06 
65.6534350000001 4.3702847432669067e-07 2.6237563993923703e-05 8.34410881210626e-06 
65.7534249999999 4.1569699702650775e-07 2.5986614474900007e-05 8.263682285775761e-06 
65.85341499999987 5.309833872633e-07 3.213382898130071e-05 1.0068488709444159e-05 
65.95340500000013 4.76837158203125e-07 4.37271636003152e-05 1.1209433302497773e-05 
66.05339499999992 3.9320999389816863e-07 3.4599409305728605e-05 1.0208675143942337e-05 
66.15338499999989 4.672030911985737e-07 3.471296794178005e-05 1.1798167331888296e-05 
66.25337500000016 5.223489356090222e-07 3.778909392189151e-05 9.77775577050846e-06 
66.35336499999995 9.5367431640625e-08 3.5014440542912724e-05 1.0321770078259549e-05 
66.45335499999992 1.348699152348609e-07 2.613860531306153e-05 8.312683752854762e-06 
66.55334500000005 1.9073486328125e-07 2.606805280277299e-05 8.29034631054195e-06 
66.65333499999998 2.86102294921875e-07 2.9039302560964795e-05 9.633764399647887e-06 
66.7533249999999 4.473129043410711e-07 2.8935072204625454e-05 9.633110690065503e-06 
66.85331500000008 3.162979879718208e-07 4.959420710738958e-05 1.2434662330206725e-05 
66.953305 1.348699152348609e-07 2.932900573542817e-05 9.75348693242866e-06 
67.05329499999992 3.693564745147149e-07 2.0297661769904547e-05 7.398604729714128e-06 
67.15328500000011 4.1569699702650775e-07 2.3156345206781573e-05 8.856597592359938e-06 
67.25327500000002 1.6518123698891423e-07 3.49762080547318e-05 9.472768503400984e-06 
67.35326499999995 3.568322550558034e-07 2.9280776854084632e-05 8.786078822946874e-06 
67.4532550000001 2.5231850729604634e-07 2.9005198441498257e-05 8.70470165732476e-06 
67.55324500000005 2.3360154559928684e-07 2.9039848382924e-05 8.713301070195199e-06 
67.65323499999984 3.162979879718208e-07 1.738531331776493e-05 6.883021366159022e-06 
67.75322500000011 4.955437109667428e-07 2.6140637275147814e-05 8.314400000240774e-06 
67.85321500000008 4.3702847432669067e-07 3.766455656309639e-05 1.0536937714687466e-05 
67.95320499999987 4.955437109667428e-07 2.6432654291147483e-05 8.406320606168589e-06 
68.05319500000014 3.9320999389816863e-07 2.6434085790998733e-05 8.406976705860899e-06 
68.15318500000011 4.955437109667428e-07 2.31924038853886e-05 7.866418852033195e-06 
68.25317499999989 4.862803948967728e-07 4.093606171126345e-05 1.171843585192747e-05 
68.35316500000017 3.9320999389816863e-07 3.193148580700969e-05 9.974578904627258e-06 
68.4531550000001 4.76837158203125e-07 2.640334553709159e-05 9.423179239118278e-06 
68.55314499999992 4.1569699702650775e-07 3.791164145897966e-05 9.809173586969557e-06 
68.65313499999984 5.478441854990033e-07 2.904136705109763e-05 9.638646121898069e-06 
68.75312500000013 4.76837158203125e-07 2.6294511283785213e-05 8.362641355889745e-06 
68.8531149999999 2.3360154559928684e-07 2.607377724443972e-05 8.291574018741994e-06 
68.95310499999987 3.4385216478958025e-07 3.455578713796662e-05 9.35932844595496e-06 
69.05309500000016 3.693564745147149e-07 3.475383672533778e-05 9.413159615236441e-06 
69.15308499999993 4.473129043410711e-07 3.510765702754601e-05 1.0362109591090946e-05 
69.25307499999988 1.6518123698891423e-07 2.9150435654672057e-05 8.746940281690858e-06 
69.35306500000003 1.348699152348609e-07 2.3255655911490232e-05 8.950301828421332e-06 
69.45305499999996 3.015782985847835e-07 3.496602440458613e-05 1.0312150252416402e-05 
69.5530449999999 4.862803948967728e-07 2.925272371969776e-05 9.728026565733583e-06 
69.65303500000007 2.1324805998800182e-07 1.7411721605567597e-05 8.037469351584244e-06 
69.753025 2.86102294921875e-07 3.190088341701331e-05 9.075547606035855e-06 
69.8530149999999 2.1324805998800182e-07 2.3207789805098546e-05 7.87100359957799e-06 
69.95300500000009 1.9073486328125e-07 3.488407133885833e-05 9.447479783331177e-06 
70.05299500000001 3.568322550558034e-07 3.4910910919987284e-05 1.1817218003319351e-05 
70.15298499999992 3.4385216478958025e-07 1.4436578287840606e-05 6.293914807136698e-06 
70.25297500000009 4.3702847432669067e-07 3.474686666221193e-05 9.411205647541016e-06 
70.35296500000003 9.5367431640625e-08 1.4583675506685403e-05 6.3576872708401465e-06 
70.45295499999995 9.5367431640625e-08 3.218131997607143e-05 9.156036954930613e-06 
70.55294500000012 5.223489356090222e-07 2.6250421424910706e-05 8.347802833764248e-06 
70.65293500000006 3.4385216478958025e-07 2.6366803295311143e-05 9.37956913214517e-06 
70.75292499999983 3.693564745147149e-07 2.9029896314691727e-05 9.6704279559156e-06 
70.85291500000014 5.309833872633e-07 2.0354490025772457e-05 7.420934872143417e-06 
70.95290500000009 3.4385216478958025e-07 1.461613417206352e-05 6.371419307114667e-06 
71.05289499999986 4.0460974570458265e-07 2.35075261893424e-05 8.921176882221884e-06 
71.15288500000017 5.478441854990033e-07 2.609117529948647e-05 8.29796967640122e-06 
71.25287500000007 1.9073486328125e-07 3.464798451478718e-05 9.384018473795424e-06 
71.3528649999999 4.76837158203125e-07 4.678384347169565e-05 1.0722134036833963e-05 
71.45285499999981 5.878843310326554e-07 3.503214389301836e-05 9.488168598920997e-06 
71.5528450000001 4.473129043410711e-07 2.6430973396148664e-05 9.409090701373037e-06 
71.65283499999993 1.6518123698891423e-07 5.517396018650482e-05 1.279744210577735e-05 
71.75282499999983 5.309833872633e-07 1.7167001862610086e-05 6.795488232618291e-06 
71.85281500000013 5.046370145920927e-07 2.046994205274487e-05 7.462564364252565e-06 
71.95280499999991 2.697398304697218e-07 2.311144151487296e-05 7.838042053167808e-06 
72.05279499999986 4.76837158203125e-07 3.774837954865823e-05 1.1349253960266912e-05 
72.15278500000016 5.800974397943706e-07 2.6061114633011342e-05 8.287125453903776e-06 
72.25277499999994 1.6518123698891423e-07 3.496848813558094e-05 9.471769503848448e-06 
72.35276499999988 4.862803948967728e-07 3.7876046605528974e-05 1.0631311133734118e-05 
72.45275500000007 2.3360154559928684e-07 3.483665794619604e-05 9.435248005180605e-06 
72.55274499999997 3.814697265625e-07 2.3410888304409726e-05 7.940531673015923e-06 
72.65273499999991 1.9073486328125e-07 8.699174394823206e-06 4.946598456874553e-06 
72.75272500000008 4.573661349594802e-07 4.36239393222326e-05 1.2612766252985003e-05 
72.852715 2.5231850729604634e-07 4.081582925505653e-05 1.0117461633221736e-05 
72.95270499999991 5.309833872633e-07 3.190303780342033e-05 9.076120981662164e-06 
73.0526950000001 1.9073486328125e-07 2.9093963310200025e-05 8.7293403890938e-06 
73.152685 3.162979879718208e-07 3.774644656055835e-05 1.0558100160767951e-05 
73.25267499999991 5.046370145920927e-07 1.7517351535585328e-05 6.934286793072574e-06 
73.3526650000001 9.5367431640625e-08 4.049348795275953e-05 1.0814397724459099e-05 
73.45265500000004 2.86102294921875e-07 4.3524261043051086e-05 1.0363064209886906e-05 
73.55264499999994 9.5367431640625e-08 1.716052336720378e-05 6.793537597878374e-06 
73.65263500000013 5.046370145920927e-07 2.58793676052079e-05 9.170171821065417e-06 
73.75262500000007 2.3360154559928684e-07 2.9301890067080836e-05 9.748274482604213e-06 
73.85261499999984 5.478441854990033e-07 4.382267943745522e-05 1.1236717651837464e-05 
73.95260500000016 3.9320999389816863e-07 2.9178447247174524e-05 8.75430131158542e-06 
74.0525950000001 3.9320999389816863e-07 1.4522836545786162e-05 6.331373156968837e-06 
74.15258499999987 3.568322550558034e-07 3.4703982834895943e-05 9.399065778288585e-06 
74.25257500000019 4.955437109667428e-07 2.616070206930171e-05 8.320747304098389e-06 
74.35256500000008 4.1569699702650775e-07 3.802037351232706e-05 9.838282451180905e-06 
74.4525549999999 3.162979879718208e-07 2.6244209477526743e-05 9.289105871107993e-06 
74.55254500000021 5.135693366178993e-07 2.3276307520942303e-05 7.89457871033829e-06 
74.65253500000011 4.672030911985737e-07 3.458542497038385e-05 1.0195311187790625e-05 
74.75252499999989 3.4385216478958025e-07 2.3220361251671905e-05 7.875858552353626e-06 
74.85251499999983 6.325959759436416e-07 1.7403028149828598e-05 6.889226954091605e-06 
74.95250500000014 4.0460974570458265e-07 3.7938896312488146e-05 9.816343257530277e-06 
75.05249499999992 4.955437109667428e-07 2.8799883631585162e-05 8.64098353357448e-06 
75.15248499999986 5.046370145920927e-07 1.4551057646217345e-05 6.344992140465666e-06 
75.25247500000017 5.642013342952362e-07 3.4617045443985174e-05 1.0253185140131507e-05 
75.35246499999995 2.86102294921875e-07 1.7375251587013425e-05 6.87812179523509e-06 
75.45245499999989 3.4385216478958025e-07 2.9308663810067174e-05 8.79478612105604e-06 
75.55244500000008 3.3036247397782847e-07 2.328344675884257e-05 7.896600508369353e-06 
75.65243499999998 1.6518123698891423e-07 2.8854802661234538e-05 9.568830180982263e-06 
75.75242499999987 3.3036247397782847e-07 3.7823232394097984e-05 1.0617965911069031e-05 
75.85241500000011 4.0460974570458265e-07 2.3102625702342772e-05 7.835352517747784e-06 
75.952405 2.3360154559928684e-07 2.3376036626229367e-05 7.928303659141029e-06 
76.05239499999989 4.473129043410711e-07 2.6348546102178946e-05 8.379739994186423e-06 
76.15238500000012 3.162979879718208e-07 2.3274548119415962e-05 7.893860633826399e-06 
76.25237500000001 1.6518123698891423e-07 3.185880165569009e-05 9.063662396020185e-06 
76.35236499999992 9.5367431640625e-08 2.326079457414214e-05 7.889311303859334e-06 
76.45235500000013 4.573661349594802e-07 3.486797583502687e-05 9.443716569434697e-06 
76.55234500000005 1.9073486328125e-07 3.487599681754349e-05 9.445304605896272e-06 
76.65233499999982 5.878843310326554e-07 2.611684266999885e-05 8.305835348502424e-06 
76.75232500000016 5.135693366178993e-07 3.785655142585162e-05 1.0600460427932656e-05 
76.85231500000008 3.015782985847835e-07 2.0420634049511317e-05 7.444685268022567e-06 
76.95230499999985 5.560829062314321e-07 1.741784768381117e-05 6.8951256192605365e-06 
77.05229500000017 6.03156597169567e-07 2.2905773988287332e-05 7.768817134672701e-06 
77.1522850000001 5.642013342952362e-07 3.490404038000465e-05 1.0313997865270934e-05 
77.25227499999988 2.697398304697218e-07 1.4743578761567718e-05 6.426730151504172e-06 
77.3522650000002 5.135693366178993e-07 3.201005792567092e-05 9.106613933583691e-06 
77.45225500000011 3.4385216478958025e-07 4.077982726821975e-05 1.0108953312325462e-05 
77.5522449999999 4.573661349594802e-07 1.4464439125506652e-05 6.305228530827671e-06 
77.6522349999998 4.862803948967728e-07 3.498599570245749e-05 9.47600673341252e-06 
77.75222500000012 5.394796609394436e-07 2.0265508978345666e-05 7.387514222055613e-06 
77.8522149999999 3.162979879718208e-07 3.2054347876769825e-05 1.084190818430754e-05 
77.95220499999984 4.2649611997600363e-07 1.457057117272432e-05 6.3534548427075975e-06 
78.05219500000015 6.253660702039719e-07 2.5918186484372813e-05 9.230672327409374e-06 
78.15218499999993 3.693564745147149e-07 1.7343344854841992e-05 6.8658824241424425e-06 
78.25217499999985 4.573661349594802e-07 2.9230875402722977e-05 9.678857847295218e-06 
78.35216500000006 3.015782985847835e-07 2.6349166412424823e-05 8.379669082231447e-06 
78.45215499999996 2.1324805998800182e-07 2.0414597874593896e-05 7.442114515049774e-06 
78.55214499999987 4.2649611997600363e-07 8.746254231705064e-06 4.973894280685837e-06 
78.65213500000009 4.2649611997600363e-07 2.3516166973364168e-05 9.936731376140976e-06 
78.75212499999999 9.5367431640625e-08 2.9196478886426414e-05 8.759951977472872e-06 
78.85211499999987 3.693564745147149e-07 2.3388996412997783e-05 7.932601262844554e-06 
78.95210500000012 4.473129043410711e-07 1.743538922440118e-05 8.027478420749802e-06 
79.05209500000001 9.5367431640625e-08 2.9146835428007093e-05 9.714206828665291e-06 
79.1520849999999 4.955437109667428e-07 4.648538724210779e-05 1.2107734291091054e-05 
79.25207500000012 5.394796609394436e-07 2.313042282032405e-05 7.844771930471468e-06 
79.35206500000002 1.6518123698891423e-07 2.0153914900381615e-05 7.3466909820026936e-06 
79.45205499999993 3.814697265625e-07 2.318615509750218e-05 7.86472722966249e-06 
79.55204500000015 5.560829062314321e-07 3.198473666720461e-05 9.098734209743726e-06 
79.65203500000005 3.162979879718208e-07 2.9199042055119928e-05 8.761662152689461e-06 
79.75202499999983 4.473129043410711e-07 2.9037414110065215e-05 8.711941696308236e-06 
79.85201500000016 5.135693366178993e-07 2.3207552949293317e-05 8.884000139400449e-06 
79.95200500000009 4.473129043410711e-07 1.7542663761613628e-05 6.94468822965298e-06 
80.05199499999986 4.3702847432669067e-07 2.3321622806018955e-05 7.909582770352888e-06 
80.1519850000002 6.18051595536028e-07 2.573892823582426e-05 9.096800948451176e-06 
80.25197500000009 3.4385216478958025e-07 1.1616613716945277e-05 5.6925399463698425e-06 
80.3519649999999 4.76837158203125e-07 1.4507961123239056e-05 6.324719852502457e-06 
80.45195500000021 6.607249479556569e-07 3.778292602752345e-05 9.775894788574546e-06 
80.55194500000012 5.223489356090222e-07 2.3249543737010773e-05 7.885391879648621e-06 
80.65193499999991 4.672030911985737e-07 2.0140773649126113e-05 8.364615440437121e-06 
80.7519249999998 6.253660702039719e-07 2.6092280388892416e-05 8.297314783310284e-06 
80.85191500000013 4.672030911985737e-07 3.78182602650683e-05 1.063074974031588e-05 
80.95190499999991 4.2649611997600363e-07 2.5773355703303677e-05 9.141862636381053e-06 
81.05189499999983 4.862803948967728e-07 2.019252357444484e-05 7.361210458789408e-06 
81.15188500000016 6.743495761743046e-07 2.0076664723621953e-05 7.318587404424135e-06 
81.25187499999994 3.4385216478958025e-07 3.77192772785487e-05 1.0589462202301944e-05 
81.35186499999985 5.800974397943706e-07 1.4523737279222328e-05 6.331426828205861e-06 
81.45185500000008 2.3360154559928684e-07 1.735949467710244e-05 6.8723479313005745e-06 
81.55184499999997 1.6518123698891423e-07 1.4625456454355909e-05 7.613709303194221e-06 
81.65183499999988 3.568322550558034e-07 2.0249716358582925e-05 7.3815072648142854e-06 
81.75182500000011 3.4385216478958025e-07 2.6080717452273732e-05 9.29912188133432e-06 
81.851815 2.697398304697218e-07 2.0310222016060325e-05 7.4034355814394055e-06 
81.95180499999988 4.1569699702650775e-07 2.8857251012098465e-05 9.53812033378253e-06 
82.05179500000013 4.76837158203125e-07 2.900325085950466e-05 9.6465061205234e-06 
82.151785 2.697398304697218e-07 2.0322577814044993e-05 7.408186178500591e-06 
82.25177499999991 3.3036247397782847e-07 3.489050476240692e-05 9.449924007739518e-06 
82.35176500000013 5.309833872633e-07 2.0400509237637198e-05 7.436314480065002e-06 
82.45175500000003 9.5367431640625e-08 2.6132497645201526e-05 8.312000844663726e-06 
82.55174499999994 2.697398304697218e-07 2.6295546884345563e-05 8.362651232299992e-06 
82.65173500000016 6.468133910298603e-07 2.0308530685136358e-05 7.402586707471365e-06 
82.75172500000006 5.394796609394436e-07 2.3217608724153987e-05 7.874203135423502e-06 
82.85171499999986 3.9320999389816863e-07 3.454343123356244e-05 1.0160649331113964e-05 
82.95170500000016 3.3036247397782847e-07 1.738171878699154e-05 6.88093368134767e-06 
83.0516950000001 5.642013342952362e-07 2.3107221057865695e-05 8.834654257874569e-06 
83.15168499999989 5.394796609394436e-07 2.632061912936812e-05 8.370471375577691e-06 
83.25167500000019 5.223489356090222e-07 2.6374154467239687e-05 8.388415031840413e-06 
83.35166500000008 2.86102294921875e-07 3.473613040166553e-05 9.407771188095686e-06 
83.4516549999999 3.3036247397782847e-07 3.5061592389989976e-05 9.49738570962877e-06 
83.5516449999998 6.397441799640054e-07 2.8591128538979466e-05 9.437032401281397e-06 
83.65163500000011 4.862803948967728e-07 2.3315805758821288e-05 7.9079933355016e-06 
83.75162499999992 4.76837158203125e-07 2.8812555480940797e-05 8.644354838816659e-06 
83.8516149999998 6.397441799640054e-07 3.1782290915928996e-05 9.04228604548914e-06 
83.95160500000014 5.800974397943706e-07 1.4528714956066113e-05 6.333903817433666e-06 
84.05159499999995 1.6518123698891423e-07 2.8999803933515317e-05 8.701087770260593e-06 
84.15158499999983 6.18051595536028e-07 2.6365250183398818e-05 9.379869531582841e-06 
84.25157500000017 4.862803948967728e-07 3.4429361529776146e-05 1.0161538838808081e-05 
84.35156499999998 1.6518123698891423e-07 2.343395890998682e-05 8.994531685121335e-06 
84.45155499999986 4.573661349594802e-07 1.456952024760279e-05 6.351088943645334e-06 
84.55154500000009 1.9073486328125e-07 3.498143467563919e-05 9.474862617322382e-06 
84.65153500000001 2.86102294921875e-07 5.817909209801969e-06 4.073137654145411e-06 
84.75152499999986 6.03156597169567e-07 2.048856481783252e-05 8.544441395604713e-06 
84.8515150000001 4.76837158203125e-07 3.7379356066096274e-05 1.1263361602167912e-05 
84.95150500000004 3.9320999389816863e-07 3.2140520741697085e-05 1.0021386883808621e-05 
85.05149499999989 4.573661349594802e-07 3.454355083543218e-05 9.355444317206824e-06 
85.15148500000014 4.2649611997600363e-07 1.1549174351680583e-05 5.658068367672608e-06 
85.25147499999999 3.015782985847835e-07 3.4738322891292864e-05 1.0246998091917205e-05 
85.3514649999999 5.560829062314321e-07 1.1500341449697548e-05 5.634137117509364e-06 
85.45145500000015 4.573661349594802e-07 1.7684415318630844e-05 7.000872244670852e-06 
85.551445 2.86102294921875e-07 3.203636147117481e-05 9.981579936514088e-06 
85.65143499999982 4.573661349594802e-07 1.7478261920203033e-05 8.042407748627695e-06 
85.75142500000018 5.878843310326554e-07 1.4553019533110829e-05 6.3442170550014144e-06 
85.85141500000003 4.3702847432669067e-07 1.1519884557618395e-05 5.643797321423665e-06 
85.95140499999985 5.135693366178993e-07 3.812970517776916e-05 9.865113554367138e-06 
86.0513950000002 4.473129043410711e-07 2.6149266353356597e-05 8.316359807316003e-06 
86.15138500000006 2.3360154559928684e-07 1.4508599858033919e-05 6.325432706838839e-06 
86.25137499999988 3.693564745147149e-07 2.311398494867627e-05 7.83860330218003e-06 
86.35136500000023 5.642013342952362e-07 2.6012648409006966e-05 9.256638637973272e-06 
86.45135500000006 3.015782985847835e-07 2.6111132791269305e-05 8.303542110242926e-06 
86.55134499999991 1.9073486328125e-07 2.0651945850291796e-05 8.657720496021293e-06 
86.65133499999982 4.573661349594802e-07 2.5921322846120105e-05 9.179148604729689e-06 
86.75132500000007 5.135693366178993e-07 2.0240280619731265e-05 7.378985002082056e-06 
86.8513149999999 5.135693366178993e-07 2.020679103359941e-05 7.366075386799422e-06 
86.95130499999985 4.672030911985737e-07 2.6068270775294736e-05 9.271930528956265e-06 
87.0512950000001 1.9073486328125e-07 2.037556214556539e-05 7.427083657430346e-06 
87.15128499999993 4.573661349594802e-07 2.892919933620751e-05 9.55076868864371e-06 
87.25127499999988 5.800974397943706e-07 8.693291366264431e-06 4.944498038489429e-06 
87.35126500000013 4.862803948967728e-07 2.324856962680069e-05 7.885123882188431e-06 
87.45125499999996 4.473129043410711e-07 2.04699428921905e-05 8.541116097295369e-06 
87.55124499999991 1.6518123698891423e-07 1.1680833038894035e-05 5.7237803455150785e-06 
87.65123500000006 4.473129043410711e-07 2.9112773765172247e-05 8.736217773898777e-06 
87.75122499999999 1.9073486328125e-07 2.6218077089283177e-05 8.338944720478887e-06 
87.85121499999993 0.0 1.7278164262186037e-05 6.8395095859588335e-06 
87.95120500000006 9.5367431640625e-08 2.306112402886343e-05 8.843244027137213e-06 
88.051195 2.3360154559928684e-07 1.4617061874621023e-05 6.371603508280138e-06 
88.15118499999996 4.473129043410711e-07 1.4387121159795316e-05 6.271505841030743e-06 
88.25117500000009 3.162979879718208e-07 3.4557299961490916e-05 9.359877561863743e-06 
88.35116500000002 2.3360154559928684e-07 2.025586373667527e-05 7.384075775712117e-06 
88.45115499999999 2.1324805998800182e-07 1.7359352275319546e-05 6.871596109966847e-06 
88.55114500000009 2.697398304697218e-07 1.4600872576241169e-05 6.365528240326157e-06 
88.65113500000005 3.568322550558034e-07 1.4344430160847066e-05 6.2543893092612706e-06 
88.7511249999999 0.0 2.0312428427670214e-05 7.40571044241635e-06 
88.85111500000012 6.397441799640054e-07 2.3277031782086505e-05 8.895895780177958e-06 
88.95110500000008 4.672030911985737e-07 2.888679941811193e-05 8.666631395339397e-06 
89.05109499999993 3.568322550558034e-07 2.9283120189509076e-05 8.786733153317734e-06 
89.15108500000015 6.67572021484375e-07 2.0078737686753334e-05 7.318927297368562e-06 
89.25107500000007 2.3360154559928684e-07 2.9139466277789525e-05 9.684200187026302e-06 
89.35106499999996 4.1569699702650775e-07 2.0109666355061492e-05 7.332211796715076e-06 
89.45105499999976 7.448434520632414e-07 1.755924234901276e-05 6.950514049869836e-06 
89.5510450000001 2.3360154559928684e-07 1.7357202618079236e-05 6.8704365961497475e-06 
89.651035 2.86102294921875e-07 1.160645191642367e-05 5.686294478612684e-06 
89.75102499999977 7.509239076625644e-07 3.475099758793413e-05 1.0318382546574125e-05 
89.85101500000013 4.862803948967728e-07 2.0310066068538458e-05 7.403099894054108e-06 
89.95100499999998 4.2649611997600363e-07 2.323706347776488e-05 7.881165852660242e-06 
90.0509949999998 6.810596874754763e-07 1.4705106299605945e-05 6.4108381991646216e-06 
90.15098500000016 6.106495129998063e-07 1.734111664807601e-05 6.8651285171730435e-06 
90.25097500000004 2.5231850729604634e-07 1.1517049853667301e-05 5.642577190801278e-06 
90.35096499999983 4.76837158203125e-07 4.0791120264293956e-05 1.0111321438289098e-05 
90.45095500000008 5.955694197080992e-07 3.208032068166593e-05 9.127027828009834e-06 
90.55094500000004 4.862803948967728e-07 2.3405677696955808e-05 8.927497945118289e-06 
90.65093499999986 5.046370145920927e-07 2.302928853967731e-05 7.810961515311198e-06 
90.75092500000011 2.697398304697218e-07 2.6233006774889543e-05 8.342798327636527e-06 
90.85091500000007 3.568322550558034e-07 1.7389429855874757e-05 6.8834782551374165e-06 
90.95090499999986 3.015782985847835e-07 2.3003312007929174e-05 7.802858894842536e-06 
91.05089500000014 5.394796609394436e-07 1.1472369868033888e-05 6.908468362000909e-06 
91.1508849999999 3.015782985847835e-07 2.028714990542132e-05 7.3967392627100975e-06 
91.2508749999999 5.7220458984375e-07 1.7441341138598677e-05 6.904875669173852e-06 
91.35086500000014 6.03156597169567e-07 2.017196524902827e-05 8.375920781223756e-06 
91.45085499999993 4.672030911985737e-07 1.7348370135978694e-05 6.868069137717897e-06 
91.55084499999992 5.223489356090222e-07 1.1570658513951997e-05 5.6695264137110466e-06 
91.65083500000017 3.814697265625e-07 2.6277145129626577e-05 8.357697950834861e-06 
91.75082499999996 4.473129043410711e-07 2.049902574614348e-05 7.472553875945783e-06 
91.85081499999984 4.2649611997600363e-07 1.7398462179982818e-05 6.8866604360833e-06 
91.9508050000002 5.046370145920927e-07 2.3376764318356406e-05 7.928554355830482e-06 
92.05079499999998 3.814697265625e-07 5.764530587721095e-06 4.035206867840422e-06 
92.15078499999987 5.560829062314321e-07 1.4548860218648195e-05 6.341857639793705e-06 
92.25077500000023 5.223489356090222e-07 2.3269184447394248e-05 7.891472027571802e-06 
92.350765 4.672030911985737e-07 1.4349363559383219e-05 6.255203285725789e-06 
92.4507549999999 4.0460974570458265e-07 1.4382785863976823e-05 6.270286210626158e-06 
92.55074500000026 7.62939453125e-07 2.604930125575191e-05 8.284120814851757e-06 
92.65073500000003 3.814697265625e-07 1.4641078827782642e-05 6.383602383794347e-06 
92.75072499999993 5.7220458984375e-07 2.015458518417979e-05 8.34844241126292e-06 
92.8507149999999 3.015782985847835e-07 3.212344616952931e-05 9.139311072953568e-06 
92.95070500000003 1.348699152348609e-07 2.8987338624833874e-05 8.697008350708523e-06 
93.05069499999992 1.348699152348609e-07 1.7362892692479142e-05 6.873143910134272e-06 
93.15068499999992 5.223489356090222e-07 2.6120814617955632e-05 8.307183450968692e-06 
93.25067500000006 2.697398304697218e-07 1.1470612892593387e-05 5.619580933317348e-06 
93.35066499999995 4.2649611997600363e-07 1.1639142741892994e-05 5.702123827840999e-06 
93.45065499999993 1.9073486328125e-07 1.4696196838375744e-05 6.406182362385481e-06 
93.55064499999999 3.3036247397782847e-07 2.01250996160829e-05 7.335897845603569e-06 
93.65063499999998 4.2649611997600363e-07 1.1422761105069523e-05 5.5961081511188854e-06 
93.75062499999994 2.3360154559928684e-07 1.4409716219361205e-05 6.281556593133779e-06 
93.85061500000002 4.473129043410711e-07 1.4650635956201876e-05 6.386514284097416e-06 
93.950605 4.473129043410711e-07 1.7446815886380255e-05 6.907026046229355e-06 
94.05059499999997 3.814697265625e-07 1.1861639433258508e-05 5.81130170786903e-06 
94.15058500000005 4.2649611997600363e-07 1.7482282332887212e-05 6.920359659150782e-06 
94.25057500000001 3.568322550558034e-07 2.6300503403616466e-05 8.365255098730358e-06 
94.350565 2.3360154559928684e-07 2.0332696885694233e-05 8.46513041887841e-06 
94.45055500000004 2.3360154559928684e-07 2.3112755798236135e-05 8.861912003928471e-06 
94.55054500000004 4.672030911985737e-07 8.596732503285584e-06 4.888419466573431e-06 
94.65053499999995 3.814697265625e-07 1.4361914134694414e-05 7.470486907286613e-06 
94.75052500000007 4.862803948967728e-07 2.019793608287765e-05 7.3625472701725135e-06 
94.85051500000007 2.697398304697218e-07 1.1639457064839957e-05 5.7032293516073855e-06 
94.95050499999996 5.223489356090222e-07 2.033800375563472e-05 7.414953054771841e-06 
95.0504950000001 5.560829062314321e-07 2.0402419004057632e-05 7.438209233524094e-06 
95.1504850000001 4.473129043410711e-07 2.873897749470756e-05 1.0317767023337304e-05 
95.250475 4.862803948967728e-07 2.3207494871517164e-05 8.895459538361254e-06 
95.35046500000011 2.3360154559928684e-07 2.333871290719559e-05 7.916093369743213e-06 
95.4504550000001 3.3036247397782847e-07 1.164347152568068e-05 5.704640376672916e-06 
95.55044500000002 2.697398304697218e-07 1.4441859583599003e-05 6.2963759593731215e-06 
95.65043499999976 7.864199877963373e-07 8.524776649072695e-06 4.847412802481935e-06 
95.75042500000012 5.878843310326554e-07 2.3271218985007527e-05 7.892967849342508e-06 
95.85041500000003 3.814697265625e-07 2.0623535995318003e-05 7.5182501965229664e-06 
95.95040499999979 7.747686771999321e-07 1.723292400635689e-05 6.82179593483126e-06 
96.05039500000015 3.568322550558034e-07 1.1732753746946074e-05 5.748394612917863e-06 
96.15038500000006 1.348699152348609e-07 1.7457974429963563e-05 6.911751504053474e-06 
96.2503749999998 5.046370145920927e-07 1.17664239609605e-05 5.76487997362428e-06 
96.35036500000018 4.473129043410711e-07 1.1440544577957352e-05 5.6047519597106285e-06 
96.45035500000009 5.394796609394436e-07 8.672872168959257e-06 4.931721187387891e-06 
96.55034499999984 3.015782985847835e-07 1.156228153860074e-05 5.665432789275784e-06 
96.65033500000013 6.325959759436416e-07 3.198257205184472e-05 9.957057297990852e-06 
96.75032500000012 4.473129043410711e-07 2.6243711086797483e-05 8.34629687568407e-06 
96.85031499999985 7.008046367978606e-07 1.7604268122423616e-05 6.969129293265519e-06 
96.95030500000013 4.672030911985737e-07 1.1651217076160706e-05 5.708645420830755e-06 
97.05029500000015 6.607249479556569e-07 1.7513015605080596e-05 6.932925916022853e-06 
97.15028499999985 2.697398304697218e-07 2.0276213977566796e-05 7.39115056390287e-06 
97.25027500000016 6.468133910298603e-07 2.0240876684476868e-05 7.3781310152780946e-06 
97.3502649999999 6.18051595536028e-07 2.058658518207563e-05 7.505114330691246e-06 
97.45025499999988 3.3036247397782847e-07 1.759064463473074e-05 6.9639383064570575e-06 
97.55024500000017 4.473129043410711e-07 2.3098194321856798e-05 7.833446160069802e-06 
97.6502349999999 6.325959759436416e-07 2.032226313349139e-05 7.4083175909696185e-06 
97.75022499999983 6.468133910298603e-07 2.90180963075236e-05 8.706356047281802e-06 
97.8502150000002 4.0460974570458265e-07 8.619114068012379e-06 4.901458744437828e-06 
97.95020499999993 2.697398304697218e-07 1.4419355689268536e-05 6.286131082433745e-06 
98.05019499999986 7.008046367978606e-07 2.0554829831604236e-05 7.493027518386398e-06 
98.15018500000023 5.394796609394436e-07 8.61388878837412e-06 4.8982362496551635e-06 
98.25017499999994 4.672030911985737e-07 2.033882296655815e-05 7.413766589347709e-06 
98.35016499999989 5.394796609394436e-07 2.3340287901394467e-05 7.91620116603261e-06 
98.45015500000025 8.313939940530155e-07 2.02237693202796e-05 7.371784091310799e-06 
98.55014499999997 3.015782985847835e-07 1.9982339283105286e-05 7.283921391737921e-06 
98.6501349999999 2.697398304697218e-07 3.169711979858717e-05 9.016886012834624e-06 
98.75012499999991 2.3360154559928684e-07 1.4558505196223507e-05 6.346985757884308e-06 
98.85011499999999 4.2649611997600363e-07 1.1577841892953043e-05 5.672959699566682e-06 
98.95010499999991 1.348699152348609e-07 2.3098741646752815e-05 7.833764890548138e-06 
99.05009499999994 4.672030911985737e-07 8.679887999859056e-06 4.937054789308513e-06 
99.15008500000002 3.814697265625e-07 1.438977018768656e-05 6.273104257408322e-06 
99.25007499999994 5.878843310326554e-07 1.1699774211738289e-05 5.733102764115305e-06 
99.35006499999996 5.046370145920927e-07 1.163675600929845e-05 5.70114399313419e-06 
99.45005499999994 6.03156597169567e-07 2.330794503965953e-05 8.900716371021327e-06 
99.55004499999997 0.0 1.158219118169605e-05 5.674136032491173e-06 
99.65003499999999 4.473129043410711e-07 2.0000481775594223e-05 8.334766461771438e-06 
99.75002499999997 2.3360154559928684e-07 2.614110349106581e-05 8.313533991616719e-06 
99.850015 3.814697265625e-07 8.851471370233103e-06 5.033436036460914e-06 
99.950005 3.814697265625e-07 2.0344120201283006e-05 8.509070464377354e-06 
