5.0 0.0 0.030325806423880865 2.9846482105641014e-06 
15.0 0.0 0.018359267471854956 4.587441493743979e-06 
25.0 0.0 0.01195553695708191 3.4052172798462665e-06 
35.0 0.0 0.008216710655701313 3.2266800269481485e-06 
45.0 0.0 0.005886988468604937 2.8958267005402687e-06 
55.0 0.0 0.0043625163497847 2.3536487365277998e-06 
65.0 0.0 0.003321192266304532 2.0310708534859174e-06 
75.0 0.0 0.0025867022070884143 1.9319763008639006e-06 
85.0 0.0 0.0020581321654643313 1.773005223693654e-06 
95.0 0.0 0.0016600521330042647 1.6481758801638718e-06 
105.0 0.0 0.0013592381082162166 1.4367517648219952e-06 
115.0 0.0 0.0011281780906521814 1.2534880328000262e-06 
125.0 0.0 0.0009445300761241521 1.1785880399831735e-06 
135.0 0.0 0.0007987180650441305 1.1778231903818315e-06 
145.0 0.0 0.0006839960535521068 1.0730332218024522e-06 
155.0 0.0 0.0005883600467160935 9.970897609098712e-07 
165.0 0.0 0.0005116040408960817 8.560277666398163e-07 
175.0 0.0 0.00044584003610007207 9.28592476360863e-07 
185.0 0.0 0.00038973603104806214 8.490783816649942e-07 
195.0 0.0 0.00034475002737605477 7.565353802070616e-07 
205.0 0.0 0.0003056640247240495 7.974815151357081e-07 
215.0 0.0 0.00027365802220004435 6.510330833513665e-07 
225.0 0.0 0.0002448300195840391 6.393771183068241e-07 
235.0 0.0 0.0002187660177160354 5.792973417203591e-07 
245.0 0.0 0.0001973300155160311 6.01054070873736e-07 
255.0 0.0 0.00017928601405602806 5.901330989374053e-07 
265.0 0.0 0.0001625200125960252 5.723904227547538e-07 
275.0 0.0 0.00014790401154802312 5.492860051327412e-07 
285.0 0.0 0.00013491201074002153 5.416442473967121e-07 
295.0 0.0 0.00012348601012402024 4.539544932838628e-07 
305.0 0.0 0.00011418200929601858 4.4761721869493394e-07 
315.0 0.0 0.00010442200802801609 4.5361493518819966e-07 
325.0 0.0 9.636400785601574e-05 4.34450654072273e-07 
335.0 0.0 8.954400716401434e-05 4.4637276876173093e-07 
345.0 0.0 8.18960066520133e-05 4.2226533426170665e-07 
355.0 0.0 7.733800609201219e-05 3.263823322343354e-07 
365.0 0.0 7.136000567601139e-05 3.834579581499868e-07 
375.0 0.0 6.66640053000106e-05 3.357245976670506e-07 
385.0 0.0 6.166400504401009e-05 3.1615057586866093e-07 
395.0 0.0 5.766400473200947e-05 3.325645550516494e-07 
405.0 0.0 5.4294004192008407e-05 3.1796145551771994e-07 
415.0 0.0 5.0190004064008115e-05 2.8262175302140323e-07 
425.0 0.0 4.757400376400752e-05 2.6684305384372765e-07 
435.0 0.0 4.4762003464006936e-05 2.998223889894406e-07 
445.0 0.0 4.2046003512007034e-05 2.8350480862975294e-07 
455.0 0.0 3.95820031440063e-05 3.081180928121768e-07 
465.0 0.0 3.714400300000601e-05 2.6925208655509696e-07 
475.0 0.0 3.4626002792005596e-05 2.4920125358851254e-07 
485.0 0.0 3.365000288000576e-05 2.3377582746355225e-07 
495.0 0.0 3.150000241600483e-05 2.5126075176470003e-07 
505.0 0.0 2.9648002416004843e-05 2.5738880078610565e-07 
515.0 0.0 2.7966002160004322e-05 2.2563777569780967e-07 
525.0 0.0 2.703000226000453e-05 2.1164843972340512e-07 
535.0 0.0 2.532400187600375e-05 2.1015749363806064e-07 
545.0 0.0 2.435600195200391e-05 2.2757118796254874e-07 
555.0 0.0 2.317200182800366e-05 1.8697633497439516e-07 
565.0 0.0 2.1934001876003747e-05 2.051743151890241e-07 
575.0 0.0 2.0816001632003267e-05 2.046788581324265e-07 
585.0 0.0 1.9288001508003018e-05 1.7895963447227672e-07 
595.0 0.0 1.8884001464002928e-05 1.7067345252550182e-07 
605.0 0.0 1.8160001448002893e-05 2.045091683590399e-07 
615.0 0.0 1.7644001356002725e-05 1.8162770654040264e-07 
625.0 0.0 1.6628001312002625e-05 1.8488957327464633e-07 
635.0 0.0 1.5950001184002377e-05 1.7170607323064526e-07 
645.0 0.0 1.5492001428002858e-05 1.6917278948199595e-07 
655.0 0.0 1.4586001164002331e-05 1.5438278444909806e-07 
665.0 0.0 1.3656001024002046e-05 1.485685894304241e-07 
675.0 0.0 1.2972001056002112e-05 1.6704540043844148e-07 
685.0 0.0 1.2844001032002062e-05 1.4895853088731153e-07 
695.0 0.0 1.227600106000212e-05 1.4404951078401094e-07 
705.0 0.0 1.1876000960001917e-05 1.3884611158050826e-07 
715.0 0.0 1.1338000892001786e-05 1.7176018794319007e-07 
725.0 0.0 1.1298000860001719e-05 1.484720680888222e-07 
735.0 0.0 1.0782000888001775e-05 1.378142500610359e-07 
745.0 0.0 1.0212000828001662e-05 1.3611232030000636e-07 
755.0 0.0 9.790000756001511e-06 1.4317470656275869e-07 
765.0 0.0 9.498000768001537e-06 1.3586744704626363e-07 
775.0 0.0 8.914000692001384e-06 1.4735683809837738e-07 
785.0 0.0 8.928000728001455e-06 1.1010978009448334e-07 
795.0 0.0 8.5000007000014e-06 1.20382743714075e-07 
805.0 0.0 8.42200071200142e-06 1.2528035456070927e-07 
815.0 0.0 7.81600059200118e-06 1.0532538673387719e-07 
825.0 0.0 7.52000053200106e-06 1.0586780906043417e-07 
835.0 0.0 7.348000532001067e-06 1.194527220674914e-07 
845.0 0.0 7.38800056000112e-06 1.1540606031953286e-07 
855.0 0.0 7.074000584001167e-06 1.278954411688342e-07 
865.0 0.0 6.582000532001063e-06 1.1342293087198461e-07 
875.0 0.0 6.398000504001006e-06 1.2193424531370424e-07 
885.0 0.0 6.11600046400093e-06 9.924433289395926e-08 
895.0 0.0 6.072000468000935e-06 1.0073807342873291e-07 
905.0 0.0 5.928000436000875e-06 1.0172590295439518e-07 
915.0 0.0 5.620000504001011e-06 1.0633911998168275e-07 
925.0 0.0 5.654000472000945e-06 1.0205313895368553e-07 
935.0 0.0 5.480000356000714e-06 1.1668758963325097e-07 
945.0 0.0 5.208000408000816e-06 1.0150549651510536e-07 
955.0 0.0 5.082000444000885e-06 1.026877036840176e-07 
965.0 0.0 4.84600044000088e-06 9.498866700433857e-08 
975.0 0.0 4.730000392000784e-06 8.869611908556082e-08 
985.0 0.0 4.538000400000798e-06 8.563624139377117e-08 
995.0 0.0 4.378000376000752e-06 7.594184452251961e-08 
1005.0 0.0 4.3440003600007215e-06 8.60734680795159e-08 
1015.0 0.0 4.066000336000672e-06 8.304481395312713e-08 
1025.0 0.0 4.318000332000664e-06 9.165565549656436e-08 
1035.0 0.0 4.018000332000663e-06 8.868349325839366e-08 
1045.0 0.0 3.862000284000567e-06 9.220389579543976e-08 
1055.0 0.0 3.6760002920005843e-06 7.687809084637286e-08 
1065.0 0.0 3.786000332000662e-06 9.135668924057018e-08 
1075.0 0.0 3.6100002520005034e-06 8.682740469236745e-08 
1085.0 0.0 3.5960002600005184e-06 9.130082078939778e-08 
1095.0 0.0 3.308000284000569e-06 8.257942742949595e-08 
1105.0 0.0 3.366000272000544e-06 7.122107009151207e-08 
1115.0 0.0 3.176000324000646e-06 8.608279537493335e-08 
1125.0 0.0 3.07600022000044e-06 8.830763836503627e-08 
1135.0 0.0 3.098000268000538e-06 6.994256056751975e-08 
1145.0 0.0 2.954000272000544e-06 7.837629290968775e-08 
1155.0 0.0 3.0320002400004802e-06 7.384958057034331e-08 
1165.0 0.0 2.8140002040004087e-06 7.50602436905951e-08 
1175.0 0.0 2.772000236000472e-06 7.869029615003777e-08 
1185.0 0.0 2.7600002160004326e-06 7.964924233674055e-08 
1195.0 0.0 2.7360001880003756e-06 7.132348124318442e-08 
1205.0 0.0 2.5840001880003752e-06 7.136833782685667e-08 
1215.0 0.0 2.5140002040004073e-06 6.034932363243534e-08 
1225.0 0.0 2.5400002280004555e-06 7.329394660965441e-08 
1235.0 0.0 2.46400022000044e-06 7.412854774252013e-08 
1245.0 0.0 2.262000160000321e-06 6.5280634016609e-08 
1255.0 0.0 2.2980001920003847e-06 6.47144539626972e-08 
1265.0 0.0 2.372000188000377e-06 6.151552670089564e-08 
1275.0 0.0 2.232000152000303e-06 6.509808155949948e-08 
1285.0 0.0 2.1920001840003674e-06 5.9324197807042294e-08 
1295.0 0.0 2.120000140000281e-06 6.590902262970883e-08 
1305.0 0.0 1.9300001480002955e-06 6.224949875465484e-08 
1315.0 0.0 2.0060001200002405e-06 6.263895798623885e-08 
1325.0 0.0 2.014000152000304e-06 5.777577614750677e-08 
1335.0 0.0 1.9800001680003357e-06 6.814690439930572e-08 
1345.0 0.0 1.938000152000303e-06 6.070881712310929e-08 
1355.0 0.0 1.8700001200002394e-06 6.550572316983972e-08 
1365.0 0.0 1.8140001120002227e-06 6.288115419299043e-08 
1375.0 0.0 1.7400001360002718e-06 5.875372630910828e-08 
1385.0 0.0 1.7900001960003916e-06 6.035729913786173e-08 
1395.0 0.0 1.6520001520003042e-06 5.341311810714979e-08 
1405.0 0.0 1.672000144000288e-06 4.862263325495655e-08 
1415.0 0.0 1.6260001080002157e-06 4.977187438545844e-08 
1425.0 0.0 1.5100001640003273e-06 5.624057090046444e-08 
1435.0 0.0 1.526000144000288e-06 5.3039993562659315e-08 
1445.0 0.0 1.5660001320002649e-06 4.5524062843345156e-08 
1455.0 0.0 1.5660001400002804e-06 5.5789255876086034e-08 
1465.0 0.0 1.4960001520003044e-06 5.909180515239503e-08 
1475.0 0.0 1.4140001200002397e-06 5.240267442033975e-08 
1485.0 0.0 1.424000084000168e-06 5.573365338538915e-08 
1495.0 0.0 1.3780001080002164e-06 4.7235157240376634e-08 
1505.0 0.0 1.3440001080002157e-06 5.3894712699512334e-08 
1515.0 0.0 1.3540001120002237e-06 4.7147006257487124e-08 
1525.0 0.0 1.352000104000208e-06 5.5578414549564144e-08 
1535.0 0.0 1.2740000760001523e-06 5.205035684335721e-08 
1545.0 0.0 1.2780000680001359e-06 5.01912308468388e-08 
1555.0 0.0 1.1820001080002162e-06 4.271721665656881e-08 
1565.0 0.0 1.3060001000002e-06 5.744249406147764e-08 
1575.0 0.0 1.1460000960001921e-06 4.8567894659777926e-08 
1585.0 0.0 1.1860001040002074e-06 5.471782683115335e-08 
1595.0 0.0 1.120000096000192e-06 4.824935491385154e-08 
1605.0 0.0 1.1780001000002e-06 4.963023816186943e-08 
1615.0 0.0 1.1180001160002318e-06 4.490836267607161e-08 
1625.0 0.0 1.0140000800001605e-06 4.002549319623503e-08 
1635.0 0.0 1.0940000600001197e-06 4.7113053639100394e-08 
1645.0 0.0 1.0400000880001765e-06 5.027922411496495e-08 
1655.0 0.0 1.1140000520001038e-06 4.1400961648734956e-08 
1665.0 0.0 1.0580000800001594e-06 4.1597595353595346e-08 
1675.0 0.0 1.058000104000208e-06 4.012929751894055e-08 
1685.0 0.0 9.62000068000136e-07 4.4604484300138656e-08 
1695.0 0.0 9.160000600001206e-07 3.8281064624704074e-08 
1705.0 0.0 9.300000880001764e-07 4.7106270614470614e-08 
1715.0 0.0 9.620000480000962e-07 4.369850895030568e-08 
1725.0 0.0 8.840000720001444e-07 3.8696772049380385e-08 
1735.0 0.0 8.700000680001359e-07 4.1024387878459985e-08 
1745.0 0.0 8.360000640001282e-07 4.348609030392559e-08 
1755.0 0.0 8.420000760001519e-07 4.282943940987158e-08 
1765.0 0.0 9.02000048000096e-07 4.312725131607922e-08 
1775.0 0.0 8.000000800001608e-07 4.0298890108821e-08 
1785.0 0.0 7.900000560001119e-07 4.063249905187705e-08 
1795.0 0.0 8.580001000002006e-07 3.839740736044918e-08 
1805.0 0.0 7.500000480000962e-07 3.830143454232951e-08 
1815.0 0.0 8.220000640001284e-07 3.89764064511055e-08 
1825.0 0.0 7.500000520001043e-07 3.7349698419139355e-08 
1835.0 0.0 7.920000840001681e-07 3.877319730746674e-08 
1845.0 0.0 7.180000680001364e-07 3.213658699242333e-08 
1855.0 0.0 7.980000760001522e-07 3.9849220457146433e-08 
1865.0 0.0 7.480000800001601e-07 4.055811893079071e-08 
1875.0 0.0 6.66000048000096e-07 3.878711333215064e-08 
1885.0 0.0 6.940000760001523e-07 3.703566520426606e-08 
1895.0 0.0 7.540000480000961e-07 3.7186558595292425e-08 
1905.0 0.0 6.600000560001124e-07 3.9242835330810094e-08 
1915.0 0.0 6.380000680001362e-07 3.5292497734249556e-08 
1925.0 0.0 6.340000560001121e-07 3.8787112833015066e-08 
1935.0 0.0 6.820000800001604e-07 3.3715879653401374e-08 
1945.0 0.0 6.160000240000482e-07 3.471944596793089e-08 
1955.0 0.0 6.160000560001121e-07 3.208489111842785e-08 
1965.0 0.0 6.140000400000803e-07 3.443893036666856e-08 
1975.0 0.0 6.540000560001121e-07 3.6644784451834114e-08 
1985.0 0.0 7.020000400000798e-07 3.872931518114039e-08 
1995.0 0.0 6.000000360000723e-07 3.0463094524371565e-08 
2005.0 0.0 6.160000240000482e-07 3.2084885293855766e-08 
2015.0 0.0 5.800000560001125e-07 3.181195282282492e-08 
2025.0 0.0 5.820000520001041e-07 3.533780189430729e-08 
2035.0 0.0 5.860000480000963e-07 3.3136691649009527e-08 
2045.0 0.0 5.960000600001203e-07 3.2370361332576353e-08 
2055.0 0.0 5.620000280000561e-07 3.483618654904675e-08 
2065.0 0.0 5.380000600001202e-07 3.390517049658312e-08 
2075.0 0.0 5.74000048000096e-07 3.494624891117021e-08 
2085.0 0.0 5.3200004000008e-07 3.1776720888102674e-08 
2095.0 0.0 5.000000520001044e-07 3.364521160583303e-08 
2105.0 0.0 4.800000160000322e-07 3.019933784704837e-08 
2115.0 0.0 5.180000240000481e-07 3.201187241259357e-08 
2125.0 0.0 5.180000440000882e-07 3.112491388198894e-08 
2135.0 0.0 4.480000440000884e-07 2.994929431157034e-08 
2145.0 0.0 5.240000280000562e-07 3.663659343552864e-08 
2155.0 0.0 4.520000440000882e-07 2.80884346705341e-08 
2165.0 0.0 4.860000320000643e-07 2.7893368548103402e-08 
2175.0 0.0 4.580000320000644e-07 3.1278747207654574e-08 
2185.0 0.0 4.740000440000882e-07 2.7225725167215067e-08 
2195.0 0.0 4.640000200000399e-07 3.3332266505597165e-08 
2205.0 0.0 4.3600004400008797e-07 3.290957672655614e-08 
2215.0 0.0 4.7000003200006417e-07 2.8053522331440532e-08 
2225.0 0.0 4.460000200000403e-07 2.797927743170054e-08 
2235.0 0.0 4.4800005200010404e-07 2.8442226039484027e-08 
2245.0 0.0 4.6600003200006445e-07 2.8433080834839917e-08 
2255.0 0.0 4.420000240000482e-07 2.7755360056036727e-08 
2265.0 0.0 4.4200004000008026e-07 2.902344098139835e-08 
2275.0 0.0 4.4400003600007224e-07 2.4096473773572094e-08 
2285.0 0.0 3.7600005200010403e-07 2.627242647647038e-08 
2295.0 0.0 3.8400004000008035e-07 2.8660777602863573e-08 
2305.0 0.0 4.200000320000645e-07 2.905168007535191e-08 
2315.0 0.0 4.1000006000012017e-07 2.6739491767827492e-08 
2325.0 0.0 4.020000280000563e-07 2.8212765034298687e-08 
2335.0 0.0 3.300000160000322e-07 2.4228083341448378e-08 
2345.0 0.0 4.120000240000483e-07 2.7102767280116833e-08 
2355.0 0.0 3.9200003600007204e-07 2.6671334532799912e-08 
2365.0 0.0 3.440000280000562e-07 2.210520480249893e-08 
2375.0 0.0 3.700000200000402e-07 3.051229253923949e-08 
2385.0 0.0 4.020000360000723e-07 2.4737826229489386e-08 
2395.0 0.0 3.6600002400004834e-07 2.1364457594807128e-08 
2405.0 0.0 3.52000016000032e-07 2.6399999684849628e-08 
2415.0 0.0 3.620000360000723e-07 2.524995642295532e-08 
2425.0 0.0 3.520000200000402e-07 2.8017139953973342e-08 
2435.0 0.0 3.7800003200006404e-07 2.740730089010329e-08 
2445.0 0.0 3.2000000800001624e-07 2.4331050384233048e-08 
2455.0 0.0 3.360000320000641e-07 2.2068985861625226e-08 
2465.0 0.0 3.4600001200002434e-07 2.9645235653643745e-08 
2475.0 0.0 2.8400002800005617e-07 2.352530928512272e-08 
2485.0 0.0 3.600000520001042e-07 2.607681808813473e-08 
2495.0 0.0 2.960000240000481e-07 2.357626301856742e-08 
2505.0 0.0 2.960000160000321e-07 2.9594594122577434e-08 
2515.0 0.0 3.260000320000642e-07 2.5243615893144687e-08 
2525.0 0.0 3.220000120000241e-07 2.3815120632068767e-08 
2535.0 0.0 3.0600002000004027e-07 2.5838730417729234e-08 
2545.0 0.0 3.300000320000641e-07 2.4392622753618234e-08 
2555.0 0.0 3.480000200000403e-07 2.5079077590703596e-08 
2565.0 0.0 3.080000240000481e-07 2.5521755663750436e-08 
2575.0 0.0 2.860000200000402e-07 2.2136848501995373e-08 
2585.0 0.0 2.6800001200002404e-07 2.1581473899623008e-08 
2595.0 0.0 2.620000280000562e-07 2.0531929409593094e-08 
2605.0 0.0 2.7000003200006413e-07 2.269361890931411e-08 
2615.0 0.0 2.720000200000402e-07 2.236425726913624e-08 
2625.0 0.0 2.940000360000722e-07 2.199182166899457e-08 
2635.0 0.0 3.2400002000004024e-07 2.4458945488310947e-08 
2645.0 0.0 2.4400002000004006e-07 2.0895933728843802e-08 
2655.0 0.0 2.560000240000482e-07 1.9815148273995316e-08 
2665.0 0.0 2.360000080000161e-07 2.2517549294719332e-08 
2675.0 0.0 2.320000120000242e-07 2.0730653446527693e-08 
2685.0 0.0 2.3400002800005612e-07 2.098666655190008e-08 
2695.0 0.0 2.3800001600003213e-07 2.110829267942182e-08 
2705.0 0.0 2.2400002000004017e-07 1.9652990978480815e-08 
2715.0 0.0 2.7000000400000807e-07 2.0074859760406882e-08 
2725.0 0.0 2.840000320000642e-07 2.5008802495137138e-08 
2735.0 0.0 2.8200003600007224e-07 2.2644208905607172e-08 
2745.0 0.0 2.1200002800005616e-07 2.0749944994644263e-08 
2755.0 0.0 2.0600002800005613e-07 1.989070447823507e-08 
2765.0 0.0 2.520000080000162e-07 2.3258546637311925e-08 
2775.0 0.0 2.540000200000401e-07 2.1882415460831005e-08 
2785.0 0.0 2.420000040000081e-07 2.250244423701586e-08 
2795.0 0.0 2.300000240000481e-07 2.3895607998131136e-08 
2805.0 0.0 2.2600000800001613e-07 2.0328305286964343e-08 
2815.0 0.0 2.0600001600003208e-07 2.048511806361509e-08 
2825.0 0.0 2.0600001200002418e-07 1.8645107416159837e-08 
2835.0 0.0 1.7800001200002408e-07 1.9574474125251813e-08 
2845.0 0.0 2.280000120000241e-07 2.1357902361421938e-08 
2855.0 0.0 2.060000080000161e-07 1.9277967502828842e-08 
2865.0 0.0 2.2200003600007213e-07 2.057086133736638e-08 
2875.0 0.0 1.9800001200002408e-07 1.9077736565959366e-08 
2885.0 0.0 1.9200000400000809e-07 1.7645396018225728e-08 
2895.0 0.0 2.0600002000004006e-07 1.968857611916532e-08 
2905.0 0.0 2.2400003200006414e-07 2.3879704199192894e-08 
2915.0 0.0 1.960000200000401e-07 1.9591837524856275e-08 
2925.0 0.0 1.6199999999999994e-07 1.7820213242270698e-08 
2935.0 0.0 1.9400000800001603e-07 1.9688576204493026e-08 
2945.0 0.0 2.0200001600003207e-07 2.0492925592995735e-08 
2955.0 0.0 1.8200002000004006e-07 1.8781911489533378e-08 
2965.0 0.0 1.840000120000241e-07 2.052900396609767e-08 
2975.0 0.0 1.7400002000004004e-07 1.6408536631896468e-08 
2985.0 0.0 1.9800002400004808e-07 1.9492565992205227e-08 
2995.0 0.0 1.9200001200002405e-07 2.0960916819646656e-08 
3005.0 0.0 1.8800001200002407e-07 1.7394252926761407e-08 
3015.0 0.0 1.8600002000004004e-07 1.6310733815502682e-08 
3025.0 0.0 2.1600001600003214e-07 2.2570777454045545e-08 
3035.0 0.0 1.8200001600003205e-07 1.9615301113165935e-08 
3045.0 0.0 1.7000000400000792e-07 1.705872217957784e-08 
3055.0 0.0 1.5200001600003194e-07 1.8356471538947457e-08 
3065.0 0.0 1.8800002000004003e-07 1.784825024477697e-08 
3075.0 0.0 1.9200001600003203e-07 2.3819321286725576e-08 
3085.0 0.0 1.6600002000004005e-07 1.8342302952472863e-08 
3095.0 0.0 1.900000200000401e-07 1.6583126002062314e-08 
3105.0 0.0 1.64000016000032e-07 1.774936921471781e-08 
3115.0 0.0 1.5200000400000794e-07 1.7232527494248295e-08 
3125.0 0.0 1.9400001600003205e-07 1.90693488593674e-08 
3135.0 0.0 1.6000002000003997e-07 1.8761668582529743e-08 
3145.0 0.0 1.4200002400004795e-07 1.6563819723736245e-08 
3155.0 0.0 1.500000120000239e-07 1.862793719122347e-08 
3165.0 0.0 1.7800001600003207e-07 2.1146159723227932e-08 
3175.0 0.0 1.5400000800001597e-07 1.894307280670288e-08 
3185.0 0.0 1.5800001200002398e-07 1.7503142862927977e-08 
3195.0 0.0 1.2800000800001597e-07 1.637559292117847e-08 
3205.0 0.0 1.60000012000024e-07 1.766352200440404e-08 
3215.0 0.0 1.439999999999999e-07 1.576832267554162e-08 
3225.0 0.0 1.7000002000004e-07 1.6583125278432767e-08 
3235.0 0.0 1.4600002000003995e-07 1.8730726563601508e-08 
3245.0 0.0 1.5200000800001595e-07 1.7690675727061608e-08 
3255.0 0.0 1.5400001200002397e-07 1.763065634172944e-08 
3265.0 0.0 1.3800000400000795e-07 1.4884891835684453e-08 
3275.0 0.0 1.3200000400000792e-07 1.7022338424553385e-08 
3285.0 0.0 1.2800002000003997e-07 1.5879548507442816e-08 
3295.0 0.0 1.4600000800001597e-07 1.5193419912582174e-08 
3305.0 0.0 1.4600000400000794e-07 1.5193419770414566e-08 
3315.0 0.0 1.3600002000003996e-07 1.5717509013845648e-08 
3325.0 0.0 1.3600001600003198e-07 1.6218509564081353e-08 
3335.0 0.0 1.3600000800001596e-07 1.7861691136061326e-08 
3345.0 0.0 1.3400001200002393e-07 1.674634431272014e-08 
3355.0 0.0 1.3800000800001596e-07 1.5923568755782957e-08 
3365.0 0.0 1.1800000400000798e-07 1.551644310272263e-08 
3375.0 0.0 1.7400001600003208e-07 1.868796511983511e-08 
3385.0 0.0 1.3000001200002397e-07 1.5588458833386195e-08 
3395.0 0.0 1.3199999999999996e-07 1.6545694303957148e-08 
3405.0 0.0 1.2600000800001598e-07 1.6408534725564467e-08 
3415.0 0.0 1.460000040000079e-07 1.5963708977553574e-08 
3425.0 0.0 1.1800001200002397e-07 1.329511382727436e-08 
3435.0 0.0 1.1200000400000799e-07 1.5574338093159204e-08 
3445.0 0.0 1.1800000400000797e-07 1.4168980434739431e-08 
3455.0 0.0 1.3600000400000796e-07 1.6704490567509867e-08 
3465.0 0.0 1.5400000800001597e-07 1.6212341205391834e-08 
3475.0 0.0 8.999999999999997e-08 1.3674794331177341e-08 
3485.0 0.0 1.62000012000024e-07 1.8909257233431057e-08 
3495.0 0.0 9.000002000003999e-08 1.3674799450099879e-08 
3505.0 0.0 1.0400001600003197e-07 1.482700666757828e-08 
3515.0 0.0 1.2800002000003994e-07 1.587955354538375e-08 
3525.0 0.0 9.2000008000016e-08 1.3392535879364521e-08 
3535.0 0.0 9.600000800001596e-08 1.2158948007128935e-08 
3545.0 0.0 1.0400002800005597e-07 1.509438113209931e-08 
3555.0 0.0 7.599999999999998e-08 1.2257242756835649e-08 
3565.0 0.0 1.0400001600003197e-07 1.4277256834568002e-08 
3575.0 0.0 1.0999999999999997e-07 1.5066519173319363e-08 
3585.0 0.0 9.400002000003998e-08 1.4547855732043562e-08 
3595.0 0.0 7.4000012000024e-08 1.1884446231953893e-08 
3605.0 0.0 1.3200000400000797e-07 1.771327201394555e-08 
3615.0 0.0 1.06000012000024e-07 1.6113349203691067e-08 
3625.0 0.0 9.800000800001598e-08 1.3414917678467658e-08 
3635.0 0.0 1.0400000400000796e-07 1.6119553581908876e-08 
3645.0 0.0 1.0800000800001596e-07 1.534144760836019e-08 
3655.0 0.0 1.0000000400000795e-07 1.3711309492533226e-08 
3665.0 0.0 9.200000400000797e-08 1.3090454867575577e-08 
3675.0 0.0 1.1599999999999999e-07 1.5538339679644025e-08 
3685.0 0.0 1.0000000400000799e-07 1.6370705788084755e-08 
3695.0 0.0 7.6e-08 1.1926441212700459e-08 
3705.0 0.0 9.200000400000797e-08 1.3687951221422182e-08 
3715.0 0.0 1.1400000400000796e-07 1.3639648341509009e-08 
3725.0 0.0 1.0200001200002397e-07 1.5360991358639237e-08 
3735.0 0.0 1.3000003200006393e-07 1.5588467942715583e-08 
3745.0 0.0 7.200000800001601e-08 1.077775581835441e-08 
3755.0 0.0 1.1400000800001595e-07 1.3929824613399079e-08 
3765.0 0.0 8.800001600003197e-08 1.3948479051144934e-08 
3775.0 0.0 8.200001200002399e-08 1.3592649643111936e-08 
3785.0 0.0 1.0800001200002399e-07 1.3392536058569741e-08 
3795.0 0.0 8.000001200002401e-08 1.200000120000428e-08 
3805.0 0.0 9.000000400000798e-08 1.2449899951406575e-08 
3815.0 0.0 1.0400000400000799e-07 1.4827002653268503e-08 
3825.0 0.0 1.1000000400000796e-07 1.452583929416921e-08 
3835.0 0.0 9.600000400000801e-08 1.4554724604747163e-08 
3845.0 0.0 8.599999999999998e-08 1.140350823211875e-08 
3855.0 0.0 9.200000800001597e-08 1.397712478588018e-08 
3865.0 0.0 9.600000400000801e-08 1.427725492943348e-08 
3875.0 0.0 1.1400000800001597e-07 1.5034627157334463e-08 
3885.0 0.0 8.8000008000016e-08 1.3948477261696601e-08 
3895.0 0.0 9.200000800001601e-08 1.4260436503843837e-08 
3905.0 0.0 9.4e-08 1.482025640803829e-08 
3915.0 0.0 9.400002000003998e-08 1.3698178944675554e-08 
3925.0 0.0 7.600000800001601e-08 1.289341117936472e-08 
3935.0 0.0 8.8000008000016e-08 1.2749902663160501e-08 
3945.0 0.0 9.000001200002401e-08 1.506652111139779e-08 
3955.0 0.0 8e-08 1.2649110640673515e-08 
3965.0 0.0 7.0000004000008e-08 1.14455235965873e-08 
3975.0 0.0 6.8000008000016e-08 1.2073112818166227e-08 
3985.0 0.0 1.0400001600003197e-07 1.4827006667578287e-08 
3995.0 0.0 7.8000012000024e-08 1.2929039456982145e-08 
4005.0 0.0 8.8000012000024e-08 1.3059863202962744e-08 
4015.0 0.0 9.400000400000799e-08 1.586316514696965e-08 
4025.0 0.0 9.200000800001597e-08 1.3687951537029414e-08 
4035.0 0.0 9.400000400000796e-08 1.1473447976961108e-08 
4045.0 0.0 5.0000004000008006e-08 1.1090537047412983e-08 
4055.0 0.0 6.000000000000001e-08 1.1489125293076058e-08 
4065.0 0.0 6.8000004000008e-08 1.1034491857808271e-08 
4075.0 0.0 9.0000008000016e-08 1.4247807466416247e-08 
4085.0 0.0 4.8000012000024005e-08 9.846830377345572e-09 
4095.0 0.0 9.000002000003999e-08 1.5066522757436636e-08 
4105.0 0.0 6.400000800001601e-08 1.0150863104193404e-08 
4115.0 0.0 6.599999999999998e-08 1.2346659467240523e-08 
4125.0 0.0 7.2000012000024e-08 1.3120977963559117e-08 
4135.0 0.0 7.2000004000008e-08 1.2172099664397935e-08 
4145.0 0.0 8e-08 1.2961481396815718e-08 
4155.0 0.0 8.399999999999997e-08 1.3617635624439358e-08 
4165.0 0.0 4.600000400000801e-08 8.416650896885324e-09 
4175.0 0.0 6.200000400000798e-08 1.0077698697621297e-08 
4185.0 0.0 6.800000400000802e-08 1.207311105556629e-08 
4195.0 0.0 7.600000800001601e-08 1.349963035938655e-08 
4205.0 0.0 6.600000800001601e-08 1.1333138199107708e-08 
4215.0 0.0 6.400000800001601e-08 1.2289834081877384e-08 
4225.0 0.0 7.2000012000024e-08 1.1496089018453367e-08 
4235.0 0.0 6.8000004000008e-08 1.207311105556629e-08 
4245.0 0.0 6.200000400000801e-08 1.1205356354888406e-08 
4255.0 0.0 9.2000012000024e-08 1.2781237260926593e-08 
4265.0 0.0 7.2000004000008e-08 1.249639989117011e-08 
4275.0 0.0 7.6000012000024e-08 1.543502710591083e-08 
4285.0 0.0 5.6000000000000005e-08 9.830564581955608e-09 
4295.0 0.0 7.2000008000016e-08 1.0777755818354414e-08 
4305.0 0.0 5.8000004000008005e-08 1.0313099018240763e-08 
4315.0 0.0 7.4000004000008e-08 1.1884444037481772e-08 
4325.0 0.0 6.600000800001601e-08 1.0603773924413623e-08 
4335.0 0.0 6.000000400000802e-08 1.2489996445157151e-08 
4345.0 0.0 7.000000800001601e-08 1.2124357830424217e-08 
4355.0 0.0 5.8e-08 1.1417530380953671e-08 
4365.0 0.0 6.2e-08 1.0077698149875302e-08 
4375.0 0.0 7.4000004000008e-08 1.1191068317190996e-08 
4385.0 0.0 5.000000800001601e-08 1.1090537588416505e-08 
4395.0 0.0 5.8000004000008005e-08 1.0693924039380428e-08 
4405.0 0.0 7.2000016000032e-08 1.2172102240789772e-08 
4415.0 0.0 5.2000004000008004e-08 1.0438391247699024e-08 
4425.0 0.0 6.200001200002398e-08 1.1556817603480331e-08 
4435.0 0.0 5.2000012000024e-08 1.0438392381977104e-08 
4445.0 0.0 4.800000400000801e-08 8.541663313432589e-09 
4455.0 0.0 6.600000400000799e-08 1.0603773418931458e-08 
4465.0 0.0 4.600000000000001e-08 9.738583059151882e-09 
4475.0 0.0 5.8e-08 1.0693923508235883e-08 
4485.0 0.0 5.8000004000008e-08 1.209793417737254e-08 
4495.0 0.0 8.2000012000024e-08 1.329511655911264e-08 
4505.0 0.0 6.0000008000016e-08 1.0000001120003747e-08 
4515.0 0.0 4.400000000000001e-08 9.624967532412773e-09 
4525.0 0.0 5.8000004000008005e-08 1.1061645960707594e-08 
4535.0 0.0 5.8000008000016e-08 1.0313099568998491e-08 
4545.0 0.0 5.200000800001601e-08 1.0047888120404942e-08 
4555.0 0.0 5.200000400000801e-08 1.0047885938845025e-08 
4565.0 0.0 4.600000800001601e-08 9.318799527840517e-09 
4575.0 0.0 5.400000800001601e-08 1.1612065077331169e-08 
4585.0 0.0 5.600000000000001e-08 1.0613199329137283e-08 
4595.0 0.0 5.000000800001601e-08 9.53939327211534e-09 
4605.0 0.0 5.400000400000801e-08 9.738583658830437e-09 
4615.0 0.0 5.800000400000801e-08 1.069392403938043e-08 
4625.0 0.0 3.800000400000802e-08 8.806816278317709e-09 
4635.0 0.0 4.2000008000016016e-08 8.14616629342183e-09 
4645.0 0.0 4.200000800001601e-08 9.075242436435622e-09 
4655.0 0.0 6.800000800001599e-08 1.0283969132590476e-08 
4665.0 0.0 4.8000004000008015e-08 9.84682751753275e-09 
4675.0 0.0 3.0000004000008006e-08 7.681146633155955e-09 
4685.0 0.0 3.600000000000002e-08 8.18779579618349e-09 
4695.0 0.0 4.600000400000801e-08 8.87918984592854e-09 
4705.0 0.0 6.000000000000001e-08 1.077032961426901e-08 
4715.0 0.0 5.2000004000008e-08 1.0814805215076209e-08 
4725.0 0.0 4.400000000000002e-08 9.200000000000001e-09 
4735.0 0.0 5.000000000000001e-08 1.1090536506409418e-08 
4745.0 0.0 6.0000012000024e-08 1.1489126755333228e-08 
4755.0 0.0 5.8000004000008005e-08 1.0693924039380428e-08 
4765.0 0.0 4.000000800001601e-08 9.380832884135747e-09 
4775.0 0.0 4.200000400000801e-08 9.075241740033217e-09 
4785.0 0.0 6.600000000000002e-08 1.1680753400359074e-08 
4795.0 0.0 3.200000400000801e-08 8.352246011705039e-09 
4805.0 0.0 4.2000004000008014e-08 9.91766165182303e-09 
4815.0 0.0 2.6000000000000005e-08 7.296574538781881e-09 
4825.0 0.0 6.4000008000016e-08 1.1959935357691985e-08 
4835.0 0.0 4.0000004000008016e-08 8.00000080000255e-09 
4845.0 0.0 3.600000000000002e-08 7.68374908491942e-09 
4855.0 0.0 2.2000000000000005e-08 7.426977851050857e-09 
4865.0 0.0 3.2000000000000015e-08 7.858753081755402e-09 
4875.0 0.0 3.000000000000001e-08 7.141428428542852e-09 
4885.0 0.0 4.000000000000002e-08 8.000000000000002e-09 
4895.0 0.0 4.4000000000000004e-08 1.0423051376636307e-08 
4905.0 0.0 6.000001200002399e-08 1.0392311080813631e-08 
4915.0 0.0 4.8000004000008015e-08 9.84682751753275e-09 
4925.0 0.0 2.4000000000000006e-08 6.499230723708769e-09 
4935.0 0.0 4.400000400000801e-08 9.200000678263063e-09 
4945.0 0.0 3.600000000000001e-08 9.951884243699785e-09 
4955.0 0.0 2.8000000000000012e-08 7.493997598078079e-09 
4965.0 0.0 3.400000000000001e-08 8.511169132381287e-09 
4975.0 0.0 3.600000400000801e-08 8.187796597378448e-09 
4985.0 0.0 3.0000004000008006e-08 7.681146633155955e-09 
4995.0 0.0 4.400000000000001e-08 1.0423051376636307e-08 
5005.0 0.0 3.400000000000002e-08 8.027452896155792e-09 
5015.0 0.0 3.4000000000000007e-08 8.511169132381287e-09 
5025.0 0.0 2.0000000000000004e-08 6.000000000000001e-09 
5035.0 0.0 4.2000004000008014e-08 9.075241740033218e-09 
5045.0 0.0 2.6000004000008006e-08 6.726069723103061e-09 
5055.0 0.0 3.0000000000000004e-08 8.660254037844388e-09 
5065.0 0.0 2.2000000000000005e-08 6.257795138864807e-09 
5075.0 0.0 2.6000000000000008e-08 7.825599018605542e-09 
5085.0 0.0 2.6000000000000005e-08 7.825599018605542e-09 
5095.0 0.0 2.8000004000008008e-08 6.939741620553562e-09 
5105.0 0.0 3.4000016000032014e-08 8.027458197976723e-09 
5115.0 0.0 2.4000000000000006e-08 6.499230723708769e-09 
5125.0 0.0 2.4000000000000006e-08 7.088018058667743e-09 
5135.0 0.0 3.000000000000001e-08 7.68114574786861e-09 
5145.0 0.0 3.000000000000001e-08 8.185352771872451e-09 
5155.0 0.0 2.4000000000000006e-08 6.499230723708769e-09 
5165.0 0.0 2.6000000000000008e-08 6.726068688320096e-09 
5175.0 0.0 2.8000000000000012e-08 6.93974062915899e-09 
5185.0 0.0 1.2000000000000002e-08 4.7497368348151676e-09 
5195.0 0.0 1.4000000000000001e-08 5.8343808583259295e-09 
5205.0 0.0 1.8000000000000002e-08 5.723635208501675e-09 
5215.0 0.0 2.2000000000000005e-08 6.867313885355759e-09 
5225.0 0.0 1.8000000000000002e-08 5.723635208501675e-09 
5235.0 0.0 1.8000000000000002e-08 5.723635208501675e-09 
5245.0 0.0 2.2000000000000005e-08 6.867313885355759e-09 
5255.0 0.0 2.2000000000000002e-08 6.8673138853557586e-09 
5265.0 0.0 8e-09 3.9191835884530856e-09 
5275.0 0.0 2.4000000000000006e-08 6.499230723708769e-09 
5285.0 0.0 1.8000008000016003e-08 5.723637752346807e-09 
5295.0 0.0 2.0000004000008002e-08 6.633250666154917e-09 
5305.0 0.0 1.8000000000000002e-08 5.723635208501675e-09 
5315.0 0.0 3.000000000000001e-08 7.68114574786861e-09 
5325.0 0.0 2.6000000000000005e-08 8.321057625085889e-09 
5335.0 0.0 1.0000000000000002e-08 4.3588989435406736e-09 
5345.0 0.0 1.4000000000000001e-08 5.102940328869229e-09 
5355.0 0.0 1.6000004000008003e-08 6.118824619160552e-09 
5365.0 0.0 1.0000000000000002e-08 4.3588989435406736e-09 
5375.0 0.0 1.4000000000000001e-08 5.102940328869229e-09 
5385.0 0.0 2.0000004000008002e-08 6.000001200003601e-09 
5395.0 0.0 2.0000000000000004e-08 6.000000000000001e-09 
5405.0 0.0 1.4000000000000001e-08 5.102940328869229e-09 
5415.0 0.0 1.8000004000008e-08 5.723636480424396e-09 
5425.0 0.0 8e-09 3.9191835884530856e-09 
5435.0 0.0 1.4000000000000001e-08 5.102940328869229e-09 
5445.0 0.0 1.2000000000000002e-08 4.7497368348151676e-09 
5455.0 0.0 1.6e-08 6.118823416311342e-09 
5465.0 0.0 1.0000000000000002e-08 4.3588989435406736e-09 
5475.0 0.0 2.2000000000000005e-08 6.257795138864807e-09 
5485.0 0.0 1.4000000000000001e-08 5.102940328869229e-09 
5495.0 0.0 8.000004000008e-09 3.919185548050329e-09 
5505.0 0.0 6.000000000000001e-09 3.411744421846396e-09 
5515.0 0.0 1.4000004000008001e-08 5.8343821335292745e-09 
5525.0 0.0 1.2000000000000002e-08 4.7497368348151676e-09 
5535.0 0.0 1.6e-08 6.118823416311342e-09 
5545.0 0.0 1.0000000000000002e-08 4.3588989435406736e-09 
5555.0 0.0 1.2000000000000002e-08 4.7497368348151676e-09 
5565.0 0.0 1.0000000000000002e-08 4.3588989435406736e-09 
5575.0 0.0 6.000000000000001e-09 3.411744421846396e-09 
5585.0 0.0 1.6e-08 5.425863986500215e-09 
5595.0 0.0 1.6e-08 6.118823416311342e-09 
5605.0 0.0 1.2000000000000002e-08 5.5281099844341014e-09 
5615.0 0.0 1.4000000000000001e-08 5.8343808583259295e-09 
5625.0 0.0 1.2000004000008002e-08 4.749738418065349e-09 
5635.0 0.0 8e-09 4.8332183894378295e-09 
5645.0 0.0 1.6000004000008003e-08 6.118824619160553e-09 
5655.0 0.0 1.2000000000000002e-08 4.7497368348151676e-09 
5665.0 0.0 6.000000000000001e-09 3.411744421846396e-09 
5675.0 0.0 6.000000000000001e-09 3.411744421846396e-09 
5685.0 0.0 4e-09 2.8000000000000003e-09 
5695.0 0.0 1.0000000000000002e-08 4.3588989435406736e-09 
5705.0 0.0 1.4000000000000001e-08 5.8343808583259295e-09 
5715.0 0.0 6.000000000000001e-09 3.411744421846396e-09 
5725.0 0.0 4.000004000008e-09 2.800002800007029e-09 
5735.0 0.0 1.0000004000008002e-08 4.358900687105207e-09 
5745.0 0.0 8e-09 3.9191835884530856e-09 
5755.0 0.0 2e-09 1.9899748742132398e-09 
5765.0 0.0 1.2000000000000002e-08 4.7497368348151676e-09 
5775.0 0.0 8e-09 3.9191835884530856e-09 
5785.0 0.0 1.0000000000000002e-08 5.196152422706632e-09 
5795.0 0.0 6.000000000000001e-09 3.411744421846396e-09 
5805.0 0.0 8e-09 3.9191835884530856e-09 
5815.0 0.0 2e-09 1.9899748742132398e-09 
5825.0 0.0 2e-09 1.9899748742132398e-09 
5835.0 0.0 4e-09 2.8000000000000003e-09 
5845.0 0.0 4e-09 2.8000000000000003e-09 
5855.0 0.0 2e-09 1.9899748742132398e-09 
5865.0 0.0 1.0000000000000002e-08 4.3588989435406736e-09 
5875.0 0.0 6.000000000000001e-09 3.411744421846396e-09 
5885.0 0.0 0.0 0.0 
5895.0 0.0 4e-09 2.8000000000000003e-09 
5905.0 0.0 6.000000000000001e-09 3.411744421846396e-09 
5915.0 0.0 2e-09 1.9899748742132398e-09 
5925.0 0.0 6.000000000000001e-09 3.411744421846396e-09 
5935.0 0.0 2e-09 1.9899748742132398e-09 
5945.0 0.0 2e-09 1.9899748742132398e-09 
5955.0 0.0 2e-09 1.9899748742132398e-09 
5965.0 0.0 8e-09 3.9191835884530856e-09 
5975.0 0.0 2e-09 1.9899748742132398e-09 
5985.0 0.0 1.0000000000000002e-08 4.3588989435406736e-09 
5995.0 0.0 4.000004000008e-09 2.800002800007029e-09 
6005.0 0.0 2e-09 1.9899748742132398e-09 
6015.0 0.0 4e-09 2.8000000000000003e-09 
6025.0 0.0 4e-09 2.8000000000000003e-09 
6035.0 0.0 2e-09 1.9899748742132398e-09 
6045.0 0.0 2e-09 1.9899748742132398e-09 
6055.0 0.0 4e-09 2.8000000000000003e-09 
6065.0 0.0 0.0 0.0 
6075.0 0.0 6.000000000000001e-09 3.411744421846396e-09 
6085.0 0.0 2e-09 1.9899748742132398e-09 
6095.0 0.0 2e-09 1.9899748742132398e-09 
6105.0 0.0 4e-09 2.8000000000000003e-09 
6115.0 0.0 0.0 0.0 
6125.0 0.0 0.0 0.0 
6135.0 0.0 8.000004000008e-09 3.919185548050329e-09 
6145.0 0.0 2e-09 1.9899748742132398e-09 
6155.0 0.0 4e-09 2.8000000000000003e-09 
6165.0 0.0 0.0 0.0 
6175.0 0.0 2e-09 1.9899748742132398e-09 
6185.0 0.0 4e-09 2.8000000000000003e-09 
6195.0 0.0 4e-09 2.8000000000000003e-09 
6205.0 0.0 0.0 0.0 
6215.0 0.0 0.0 0.0 
6225.0 0.0 4e-09 2.8000000000000003e-09 
6235.0 0.0 0.0 0.0 
6245.0 0.0 6.000000000000001e-09 3.411744421846396e-09 
6255.0 0.0 2e-09 1.9899748742132398e-09 
6265.0 0.0 0.0 0.0 
6275.0 0.0 0.0 0.0 
6285.0 0.0 4e-09 2.8000000000000003e-09 
6295.0 0.0 0.0 0.0 
6305.0 0.0 2e-09 1.9899748742132398e-09 
6315.0 0.0 0.0 0.0 
6325.0 0.0 2e-09 1.9899748742132398e-09 
6335.0 0.0 0.0 0.0 
6345.0 0.0 0.0 0.0 
6355.0 0.0 0.0 0.0 
6365.0 0.0 0.0 0.0 
6375.0 0.0 0.0 0.0 
6385.0 0.0 0.0 0.0 
6395.0 0.0 0.0 0.0 
6405.0 0.0 2e-09 1.9899748742132398e-09 
6415.0 0.0 0.0 0.0 
6425.0 0.0 0.0 0.0 
6435.0 0.0 6.000004000008001e-09 3.4117466963487906e-09 
6445.0 0.0 0.0 0.0 
6455.0 0.0 0.0 0.0 
6465.0 0.0 0.0 0.0 
6475.0 0.0 0.0 0.0 
6485.0 0.0 0.0 0.0 
6495.0 0.0 0.0 0.0 
6505.0 0.0 0.0 0.0 
6515.0 0.0 4.000004000008e-09 2.800002800007029e-09 
6525.0 0.0 0.0 0.0 
6535.0 0.0 0.0 0.0 
6545.0 0.0 2e-09 1.9899748742132398e-09 
6555.0 0.0 0.0 0.0 
6565.0 0.0 0.0 0.0 
6575.0 0.0 0.0 0.0 
6585.0 0.0 0.0 0.0 
6595.0 0.0 2e-09 1.9899748742132398e-09 
6605.0 0.0 0.0 0.0 
6615.0 0.0 0.0 0.0 
6625.0 0.0 2.0000040000080002e-09 1.9899788541709485e-09 
6635.0 0.0 2e-09 1.9899748742132398e-09 
6645.0 0.0 0.0 0.0 
6655.0 0.0 2.0000040000080002e-09 1.9899788541709485e-09 
6665.0 0.0 2e-09 1.9899748742132398e-09 
6675.0 0.0 0.0 0.0 
6685.0 0.0 4e-09 2.8000000000000003e-09 
6695.0 0.0 0.0 0.0 
6705.0 0.0 2e-09 1.9899748742132398e-09 
6715.0 0.0 2e-09 1.9899748742132398e-09 
6725.0 0.0 0.0 0.0 
6735.0 0.0 4e-09 2.8000000000000003e-09 
6745.0 0.0 0.0 0.0 
6755.0 0.0 0.0 0.0 
6765.0 0.0 4e-09 2.8000000000000003e-09 
6775.0 0.0 0.0 0.0 
6785.0 0.0 4e-09 3.9799497484264796e-09 
6795.0 0.0 0.0 0.0 
6805.0 0.0 2e-09 1.9899748742132398e-09 
6815.0 0.0 2e-09 1.9899748742132398e-09 
6825.0 0.0 0.0 0.0 
6835.0 0.0 2e-09 1.9899748742132398e-09 
6845.0 0.0 2e-09 1.9899748742132398e-09 
6855.0 0.0 6.000000000000001e-09 3.411744421846396e-09 
6865.0 0.0 2e-09 1.9899748742132398e-09 
6875.0 0.0 0.0 0.0 
6885.0 0.0 4e-09 2.8000000000000003e-09 
6895.0 0.0 2e-09 1.9899748742132398e-09 
6905.0 0.0 2e-09 1.9899748742132398e-09 
6915.0 0.0 6.000000000000001e-09 3.411744421846396e-09 
6925.0 0.0 0.0 0.0 
6935.0 0.0 0.0 0.0 
6945.0 0.0 0.0 0.0 
6955.0 0.0 6.000000000000001e-09 3.411744421846396e-09 
6965.0 0.0 6.000004000008001e-09 3.4117466963487906e-09 
6975.0 0.0 2e-09 1.9899748742132398e-09 
6985.0 0.0 6.000000000000001e-09 3.411744421846396e-09 
6995.0 0.0 6.000000000000001e-09 3.411744421846396e-09 
7005.0 0.0 4e-09 2.8000000000000003e-09 
7015.0 0.0 0.0 0.0 
7025.0 0.0 4e-09 2.8000000000000003e-09 
7035.0 0.0 0.0 0.0 
7045.0 0.0 2e-09 1.9899748742132398e-09 
7055.0 0.0 2e-09 1.9899748742132398e-09 
7065.0 0.0 2e-09 1.9899748742132398e-09 
7075.0 0.0 4e-09 2.8000000000000003e-09 
7085.0 0.0 0.0 0.0 
7095.0 0.0 8.000004000008e-09 3.919185548050329e-09 
7105.0 0.0 8e-09 3.9191835884530856e-09 
7115.0 0.0 4e-09 2.8000000000000003e-09 
7125.0 0.0 8e-09 4.8332183894378295e-09 
7135.0 0.0 6.000000000000001e-09 3.411744421846396e-09 
7145.0 0.0 2e-09 1.9899748742132398e-09 
7155.0 0.0 8e-09 3.9191835884530856e-09 
7165.0 0.0 1.0000000000000002e-08 4.3588989435406736e-09 
7175.0 0.0 8e-09 3.9191835884530856e-09 
7185.0 0.0 6.000000000000001e-09 3.411744421846396e-09 
7195.0 0.0 1.0000000000000002e-08 4.3588989435406736e-09 
7205.0 0.0 1.0000004000008002e-08 4.358900687105207e-09 
7215.0 0.0 1.4000004000008001e-08 5.10294178685644e-09 
7225.0 0.0 1.2000000000000002e-08 5.5281099844341014e-09 
7235.0 0.0 6.000000000000001e-09 3.411744421846396e-09 
7245.0 0.0 1.8000004000008e-08 5.723636480424396e-09 
7255.0 0.0 1.2000004000008002e-08 4.749738418065349e-09 
7265.0 0.0 1.0000000000000002e-08 4.3588989435406736e-09 
7275.0 0.0 1.4000000000000001e-08 5.102940328869229e-09 
7285.0 0.0 1.4000000000000001e-08 5.8343808583259295e-09 
7295.0 0.0 8e-09 3.9191835884530856e-09 
7305.0 0.0 2.2000000000000005e-08 6.8673138853557586e-09 
7315.0 0.0 6.000000000000001e-09 3.411744421846396e-09 
7325.0 0.0 6.000000000000001e-09 4.4317039612320675e-09 
7335.0 0.0 1.4000000000000001e-08 5.102940328869229e-09 
7345.0 0.0 1.4000000000000001e-08 5.102940328869229e-09 
7355.0 0.0 2.0000000000000004e-08 6.000000000000001e-09 
7365.0 0.0 2.2000004000008004e-08 6.257796276649179e-09 
7375.0 0.0 1.4000000000000001e-08 5.102940328869229e-09 
7385.0 0.0 1.4000004000008001e-08 5.10294178685644e-09 
7395.0 0.0 2.0000004000008002e-08 6.000001200003601e-09 
7405.0 0.0 1.2000000000000002e-08 4.7497368348151676e-09 
7415.0 0.0 2.6000008000016008e-08 6.726070757885843e-09 
7425.0 0.0 2.0000000000000004e-08 6.000000000000001e-09 
7435.0 0.0 1.8000004000008e-08 5.723636480424396e-09 
7445.0 0.0 1.6000004000008003e-08 5.425865342970215e-09 
7455.0 0.0 2.4000004000008005e-08 7.088019051896235e-09 
7465.0 0.0 3.000000000000001e-08 7.68114574786861e-09 
7475.0 0.0 2.8000000000000012e-08 7.493997598078079e-09 
7485.0 0.0 2.4000000000000006e-08 7.088018058667743e-09 
7495.0 0.0 3.600000000000002e-08 8.18779579618349e-09 
7505.0 0.0 2.6000000000000008e-08 6.726068688320096e-09 
7515.0 0.0 3.000000400000801e-08 7.141429380736258e-09 
7525.0 0.0 2.8000004000008008e-08 6.939741620553561e-09 
7535.0 0.0 2.0000000000000004e-08 6.000000000000001e-09 
7545.0 0.0 3.600000000000002e-08 7.68374908491942e-09 
7555.0 0.0 3.000000000000001e-08 7.68114574786861e-09 
7565.0 0.0 2.6000000000000008e-08 7.825599018605542e-09 
7575.0 0.0 2.2000004000008004e-08 6.257796276649179e-09 
7585.0 0.0 2.8000000000000012e-08 6.93974062915899e-09 
7595.0 0.0 4.0000004000008016e-08 8.00000080000255e-09 
7605.0 0.0 4.6000000000000015e-08 1.0141005867269777e-08 
7615.0 0.0 2.2000008000016002e-08 8.435640371666417e-09 
7625.0 0.0 2.6000008000016008e-08 6.726070757885843e-09 
7635.0 0.0 2.8000008000016013e-08 7.493999434219781e-09 
7645.0 0.0 2.2000000000000005e-08 6.257795138864807e-09 
7655.0 0.0 3.600000000000002e-08 7.68374908491942e-09 
7665.0 0.0 3.8000000000000016e-08 8.8068155425216e-09 
7675.0 0.0 3.800000400000802e-08 8.806816278317709e-09 
7685.0 0.0 4.600000400000801e-08 9.31879886680899e-09 
7695.0 0.0 4.400000400000802e-08 9.624968180728746e-09 
7705.0 0.0 3.600000000000002e-08 8.18779579618349e-09 
7715.0 0.0 4.6000000000000015e-08 1.260317420335052e-08 
7725.0 0.0 4.600000400000801e-08 8.87918984592854e-09 
7735.0 0.0 4.600000400000801e-08 8.416650896885324e-09 
7745.0 0.0 5.4000004000008015e-08 1.0901376595643288e-08 
7755.0 0.0 5.200000000000001e-08 1.0047885349664379e-08 
7765.0 0.0 4.200000400000801e-08 9.50578837551316e-09 
7775.0 0.0 4.800000400000801e-08 9.431861542666972e-09 
7785.0 0.0 4.800000400000801e-08 8.997778179086223e-09 
7795.0 0.0 4.8000004000008015e-08 1.0244999373354798e-08 
7805.0 0.0 4.4000008000016014e-08 9.200001356526057e-09 
7815.0 0.0 5.2000004000008004e-08 9.217375539709748e-09 
7825.0 0.0 6.800000000000001e-08 1.1034491379306981e-08 
7835.0 0.0 7.000000400000801e-08 1.14455235965873e-08 
7845.0 0.0 4.400000400000801e-08 9.200000678263063e-09 
7855.0 0.0 5.400000000000001e-08 9.318798205777397e-09 
7865.0 0.0 4.4000008000016014e-08 9.200003095661291e-09 
7875.0 0.0 4.8000000000000006e-08 9.846826900072939e-09 
7885.0 0.0 5.400000000000001e-08 1.1262326580240872e-08 
7895.0 0.0 4.6000004000008003e-08 1.0528058335706568e-08 
7905.0 0.0 6.000000800001601e-08 1.0000001120003747e-08 
7915.0 0.0 4.2000008000016016e-08 9.50578904037334e-09 
7925.0 0.0 5.400000400000801e-08 1.0528058305311537e-08 
7935.0 0.0 7.400000400000798e-08 1.0827742612383992e-08 
7945.0 0.0 6.6000008000016e-08 1.097451691146696e-08 
7955.0 0.0 6.200000800001602e-08 1.0467092341241458e-08 
7965.0 0.0 4.6000000000000015e-08 8.416650165000328e-09 
7975.0 0.0 2.8000000000000012e-08 6.93974062915899e-09 
7985.0 0.0 8.000000800001598e-08 1.2328828784603577e-08 
7995.0 0.0 7.2000004000008e-08 1.2172099664397935e-08 
8005.0 0.0 7.600000400000801e-08 1.1586199114465266e-08 
8015.0 0.0 6.200000400000801e-08 1.1897899438137724e-08 
8025.0 0.0 6.4000008000016e-08 1.2289835383770235e-08 
8035.0 0.0 5.200000400000801e-08 1.0814805215076207e-08 
8045.0 0.0 8.6000004000008e-08 1.4214077849795041e-08 
8055.0 0.0 8.8000016000032e-08 1.3059864771131017e-08 
8065.0 0.0 6.000000400000799e-08 1.077033013421772e-08 
8075.0 0.0 7.6000004000008e-08 1.1586199114465266e-08 
8085.0 0.0 7.600000400000801e-08 1.407977307771811e-08 
8095.0 0.0 6.800000400000802e-08 1.2400000425807933e-08 
8105.0 0.0 8.400001600003198e-08 1.361764051223352e-08 
8115.0 0.0 8.000000800001598e-08 1.0954452026462568e-08 
8125.0 0.0 6.200000400000801e-08 1.1897899438137724e-08 
8135.0 0.0 6.0000004000008e-08 1.0770330134217721e-08 
8145.0 0.0 5.7999999999999997e-08 1.2424169992397885e-08 
8155.0 0.0 8.000000400000798e-08 1.1661904201288702e-08 
8165.0 0.0 8.4000008000016e-08 1.205985151484331e-08 
8175.0 0.0 7.800000800001601e-08 1.5973729042401792e-08 
8185.0 0.0 7.200000400000799e-08 1.1496086735930466e-08 
8195.0 0.0 7.2000004000008e-08 1.4837789937859219e-08 
8205.0 0.0 8.0000012000024e-08 1.2328830471711424e-08 
8215.0 0.0 5.2000004000008004e-08 1.0814805215076209e-08 
8225.0 0.0 8.6000012000024e-08 1.2084702204030563e-08 
8235.0 0.0 7.400000400000801e-08 1.2854571563456946e-08 
8245.0 0.0 6.800000800001599e-08 1.2073112818166227e-08 
8255.0 0.0 8e-08 1.3266499161421593e-08 
8265.0 0.0 7.4000008000016e-08 1.2539538275394024e-08 
8275.0 0.0 9.400000400000798e-08 1.3402985058561872e-08 
8285.0 0.0 7e-08 1.244989959798873e-08 
8295.0 0.0 8.0000012000024e-08 1.3266500246866321e-08 
8305.0 0.0 5.6e-08 9.830564581955608e-09 
8315.0 0.0 1.1800000400000797e-07 1.359264531134499e-08 
8325.0 0.0 6.200000400000801e-08 1.1556816648196767e-08 
8335.0 0.0 7.2000012000024e-08 1.040000301539399e-08 
8345.0 0.0 7.400000800001602e-08 1.2216383268384785e-08 
8355.0 0.0 7.2000004000008e-08 1.183891930203244e-08 
8365.0 0.0 6.799999999999999e-08 1.2073110618229256e-08 
8375.0 0.0 9.000002000003999e-08 1.2767148311203245e-08 
8385.0 0.0 8.800001200002402e-08 1.305986320296274e-08 
8395.0 0.0 7.200000800001599e-08 1.1142712976657364e-08 
8405.0 0.0 5.800000400000801e-08 1.0313099018240763e-08 
8415.0 0.0 7.8000012000024e-08 1.091604458034618e-08 
8425.0 0.0 6.800001200002401e-08 1.1034494264813679e-08 
8435.0 0.0 6.800000800001599e-08 1.0283969132590476e-08 
8445.0 0.0 9.399999999999997e-08 1.3101144988129852e-08 
8455.0 0.0 8.600000800001598e-08 1.1403509031875578e-08 
8465.0 0.0 7.000000400000799e-08 1.244990001566425e-08 
8475.0 0.0 7.800000000000001e-08 1.292903708711519e-08 
8485.0 0.0 8.600000800001599e-08 1.2411285922097992e-08 
8495.0 0.0 7.000001600003199e-08 1.1789829243896652e-08 
8505.0 0.0 7.599999999999998e-08 1.2257242756835649e-08 
8515.0 0.0 7.199999999999998e-08 1.2496399481450647e-08 
8525.0 0.0 7.0000004000008e-08 1.1445523596587302e-08 
8535.0 0.0 6.8e-08 1.1391224692718516e-08 
8545.0 0.0 8.200000400000799e-08 1.2359612026274722e-08 
8555.0 0.0 6.2e-08 1.1556816170554936e-08 
8565.0 0.0 6.200000800001602e-08 1.0467092341241457e-08 
8575.0 0.0 7.4000008000016e-08 1.2854571955536745e-08 
8585.0 0.0 5.800000800001601e-08 1.1061647920638808e-08 
8595.0 0.0 5.6000000000000025e-08 9.830564581955608e-09 
8605.0 0.0 6.2000004000008e-08 1.1897899438137727e-08 
8615.0 0.0 6.000000000000002e-08 1.1135528725660047e-08 
8625.0 0.0 5.8000004000008005e-08 1.0313099018240765e-08 
8635.0 0.0 6.0000016000032e-08 1.077033169406361e-08 
8645.0 0.0 6.600000400000802e-08 1.266649165002043e-08 
8655.0 0.0 6.600000400000802e-08 1.2018319796046255e-08 
8665.0 0.0 7.000000800001601e-08 1.072380626457197e-08 
8675.0 0.0 4.8000000000000006e-08 9.846826900072939e-09 
8685.0 0.0 4.000000800001602e-08 8.48528288273777e-09 
8695.0 0.0 7.000000800001601e-08 1.0723807756583899e-08 
8705.0 0.0 6.200000000000001e-08 1.2229472596968358e-08 
8715.0 0.0 6.8000004000008e-08 1.1391225156234822e-08 
8725.0 0.0 4.2000004000008014e-08 8.146165517594223e-09 
8735.0 0.0 5.4e-08 1.0141005867269778e-08 
8745.0 0.0 4.400000000000002e-08 8.754427451295717e-09 
8755.0 0.0 6.200000400000801e-08 1.046709181387256e-08 
8765.0 0.0 5.000000400000801e-08 1.0344081012832406e-08 
8775.0 0.0 2.8000004000008008e-08 6.939741620553561e-09 
8785.0 0.0 4.200000000000002e-08 8.146164741766521e-09 
8795.0 0.0 5.4000004000008015e-08 1.014100644315145e-08 
8805.0 0.0 4.200000400000801e-08 1.0693924099227614e-08 
8815.0 0.0 5.0000000000000024e-08 9.110433579144301e-09 
8825.0 0.0 2.8000000000000012e-08 6.93974062915899e-09 
8835.0 0.0 4.0000004000008016e-08 9.79795962433207e-09 
8845.0 0.0 6.800000400000798e-08 1.0283968619168238e-08 
8855.0 0.0 3.600000400000802e-08 7.68374993867201e-09 
8865.0 0.0 4.000000000000002e-08 8.944271909999159e-09 
8875.0 0.0 5.2000004000008e-08 1.1178551419573091e-08 
8885.0 0.0 4.8e-08 9.846826900072939e-09 
8895.0 0.0 4.8000000000000006e-08 9.846826900072939e-09 
8905.0 0.0 5.200000400000801e-08 1.0047885938845025e-08 
8915.0 0.0 4.200000000000002e-08 8.623224454924043e-09 
8925.0 0.0 5.000000400000801e-08 9.949874974090875e-09 
8935.0 0.0 2.4000000000000006e-08 7.088018058667743e-09 
8945.0 0.0 3.2000000000000015e-08 7.332121111929345e-09 
8955.0 0.0 2.6000004000008003e-08 7.825599907997066e-09 
8965.0 0.0 2.6000000000000008e-08 7.296574538781881e-09 
8975.0 0.0 3.600001200002401e-08 8.187800153901004e-09 
8985.0 0.0 2.6000000000000008e-08 6.726068688320096e-09 
8995.0 0.0 4.200000000000001e-08 9.505787710652918e-09 
9005.0 0.0 2.4000000000000006e-08 7.088018058667743e-09 
9015.0 0.0 3.000000000000001e-08 7.68114574786861e-09 
9025.0 0.0 3.000000000000001e-08 7.68114574786861e-09 
9035.0 0.0 4.0000000000000014e-08 8.94427190999916e-09 
9045.0 0.0 2.4000000000000003e-08 7.088018058667741e-09 
9055.0 0.0 2.2000004000008004e-08 6.257796276649179e-09 
9065.0 0.0 3.000000000000001e-08 7.68114574786861e-09 
9075.0 0.0 3.2000000000000015e-08 7.858753081755402e-09 
9085.0 0.0 2.0000000000000004e-08 6.000000000000001e-09 
9095.0 0.0 2.0000000000000004e-08 6.633249580710801e-09 
9105.0 0.0 1.2000004000008002e-08 4.749738418065349e-09 
9115.0 0.0 2.8000000000000012e-08 6.93974062915899e-09 
9125.0 0.0 2.2000008000016005e-08 6.257797414433319e-09 
9135.0 0.0 2.2000008000016005e-08 6.8673182888362126e-09 
9145.0 0.0 6.000000000000001e-09 3.411744421846396e-09 
9155.0 0.0 1.6e-08 5.425863986500215e-09 
9165.0 0.0 1.6000004000008003e-08 5.425865342970215e-09 
9175.0 0.0 1.4000008000016002e-08 5.102943244843204e-09 
9185.0 0.0 2.0000000000000004e-08 6.000000000000001e-09 
9195.0 0.0 1.8000008000016003e-08 6.3843606665182685e-09 
9205.0 0.0 2.0000000000000004e-08 6.000000000000001e-09 
9215.0 0.0 1.6e-08 5.425863986500215e-09 
9225.0 0.0 2.8000000000000012e-08 8.009993757800316e-09 
9235.0 0.0 2.0000004000008002e-08 6.000001200003601e-09 
9245.0 0.0 3.200000000000001e-08 8.35224520712844e-09 
9255.0 0.0 8e-09 3.9191835884530856e-09 
9265.0 0.0 2.2000008000016005e-08 6.257797414433319e-09 
9275.0 0.0 8e-09 3.9191835884530856e-09 
9285.0 0.0 1.4000004000008001e-08 5.10294178685644e-09 
9295.0 0.0 8e-09 3.9191835884530856e-09 
9305.0 0.0 1.2000000000000002e-08 4.7497368348151676e-09 
9315.0 0.0 1.2000000000000002e-08 4.7497368348151676e-09 
9325.0 0.0 8e-09 3.9191835884530856e-09 
9335.0 0.0 8e-09 3.9191835884530856e-09 
9345.0 0.0 8e-09 4.8332183894378295e-09 
9355.0 0.0 1.0000000000000002e-08 4.3588989435406736e-09 
9365.0 0.0 1.6e-08 5.425863986500215e-09 
9375.0 0.0 1.4000004000008001e-08 5.10294178685644e-09 
9385.0 0.0 1.2000000000000002e-08 4.7497368348151676e-09 
9395.0 0.0 8e-09 3.9191835884530856e-09 
9405.0 0.0 1.0000004000008002e-08 4.358900687105207e-09 
9415.0 0.0 1.2000000000000002e-08 4.7497368348151676e-09 
9425.0 0.0 2e-09 1.9899748742132398e-09 
9435.0 0.0 2.0000000000000004e-08 6.633249580710801e-09 
9445.0 0.0 6.000004000008001e-09 3.4117466963487906e-09 
9455.0 0.0 4e-09 2.8000000000000003e-09 
9465.0 0.0 6.000000000000001e-09 3.411744421846396e-09 
9475.0 0.0 1.0000000000000002e-08 4.3588989435406736e-09 
9485.0 0.0 8e-09 3.9191835884530856e-09 
9495.0 0.0 4e-09 2.8000000000000003e-09 
9505.0 0.0 1.2000000000000002e-08 4.7497368348151676e-09 
9515.0 0.0 1.0000004000008002e-08 4.358900687105207e-09 
9525.0 0.0 8e-09 4.8332183894378295e-09 
9535.0 0.0 6.000000000000001e-09 3.411744421846396e-09 
9545.0 0.0 1.0000000000000002e-08 4.3588989435406736e-09 
9555.0 0.0 8e-09 3.9191835884530856e-09 
9565.0 0.0 6.000000000000001e-09 3.411744421846396e-09 
9575.0 0.0 8e-09 3.9191835884530856e-09 
9585.0 0.0 8.000004000008e-09 3.919185548050329e-09 
9595.0 0.0 2e-09 1.9899748742132398e-09 
9605.0 0.0 2e-09 1.9899748742132398e-09 
9615.0 0.0 6.000000000000001e-09 4.4317039612320675e-09 
9625.0 0.0 2e-09 1.9899748742132398e-09 
9635.0 0.0 4e-09 2.8000000000000003e-09 
9645.0 0.0 8.000004000008e-09 3.919185548050329e-09 
9655.0 0.0 4e-09 2.8000000000000003e-09 
9665.0 0.0 6.000000000000001e-09 3.411744421846396e-09 
9675.0 0.0 0.0 0.0 
9685.0 0.0 2e-09 1.9899748742132398e-09 
9695.0 0.0 0.0 0.0 
9705.0 0.0 4e-09 2.8000000000000003e-09 
9715.0 0.0 0.0 0.0 
9725.0 0.0 0.0 0.0 
9735.0 0.0 0.0 0.0 
9745.0 0.0 6.000000000000001e-09 3.411744421846396e-09 
9755.0 0.0 2e-09 1.9899748742132398e-09 
9765.0 0.0 0.0 0.0 
9775.0 0.0 0.0 0.0 
9785.0 0.0 4e-09 2.8000000000000003e-09 
9795.0 0.0 2e-09 1.9899748742132398e-09 
9805.0 0.0 8e-09 4.8332183894378295e-09 
9815.0 0.0 4e-09 2.8000000000000003e-09 
9825.0 0.0 6.000000000000001e-09 3.411744421846396e-09 
9835.0 0.0 0.0 0.0 
9845.0 0.0 6.000000000000001e-09 3.411744421846396e-09 
9855.0 0.0 2e-09 1.9899748742132398e-09 
9865.0 0.0 2.0000040000080002e-09 1.9899788541709485e-09 
9875.0 0.0 2e-09 1.9899748742132398e-09 
9885.0 0.0 0.0 0.0 
9895.0 0.0 2.0000040000080002e-09 1.9899788541709485e-09 
9905.0 0.0 0.0 0.0 
9915.0 0.0 0.0 0.0 
9925.0 0.0 2e-09 1.9899748742132398e-09 
9935.0 0.0 0.0 0.0 
9945.0 0.0 2e-09 1.9899748742132398e-09 
9955.0 0.0 0.0 0.0 
9965.0 0.0 2e-09 1.9899748742132398e-09 
9975.0 0.0 0.0 0.0 
9985.0 0.0 0.0 0.0 
9995.0 0.0 0.0 0.0 
