0.05999499999999987 3.2927225399135965e-10 4.729168012991547 0.0029794413766907842 
0.1599850000000003 9.313225746154785e-10 1.677129239618034 0.0007424807097152719 
0.25997500000000046 1.3431725187092979e-09 0.9314209600892146 0.0006080668223176245 
0.359965 1.8250120749944285e-09 0.5929411677889924 0.0005139276271244996 
0.4599550000000006 1.393875996311732e-09 0.406385353092686 0.000503509493922026 
0.5599449999999991 2.2351741790771484e-09 0.2929720002628196 0.0003907062953131755 
0.6599349999999992 3.871435241927678e-09 0.219323821688541 0.0003076598651437072 
0.7599250000000001 2.9802322387695314e-09 0.16929454791247775 0.0003044495656542026 
0.8599150000000008 4.080851059445486e-09 0.13299921485801933 0.0002609363775567981 
0.9599050000000016 6.05288029062447e-09 0.10676183275510458 0.000258265576807182 
1.0598949999999983 6.828569911354542e-09 0.08759607394315579 0.0002323934819899161 
1.1598850000000018 5.7711949142924205e-09 0.07233667478790695 0.0002037247425789639 
1.2598749999999972 9.771344846937061e-09 0.06096593018822331 0.00016870706626172786 
1.359865 5.16191365590357e-09 0.051792333476371744 0.0001650204740493662 
1.459855000000002 8.688795409866126e-09 0.04452302814964614 0.0001524026876053303 
1.559844999999998 8.940696716308593e-09 0.03856925610802162 0.00013035167861330489 
1.6598349999999977 9.8843121241194e-09 0.033570949204807604 0.00012562853265346568 
1.7598250000000037 1.1733186057227569e-08 0.02936471194806432 0.00012439371114509413 
1.8598149999999982 6.322027276634104e-09 0.025681548470282527 0.00011118852184066963 
1.9598049999999976 9.18569267238524e-09 0.022842292112842305 0.00010823356545291033 
2.0597950000000016 1.2644054553268208e-08 0.020333844168242025 9.618747279390825e-05 
2.159785 2.9802322387695314e-09 0.017791972723475123 9.112964076505044e-05 
2.259774999999997 5.16191365590357e-09 0.0160556956539698 7.606617184232215e-05 
2.359765000000003 1.3978528260658472e-08 0.014176559231576867 9.131163002299759e-05 
2.459755000000001 9.8843121241194e-09 0.012993794784528744 6.611738853033793e-05 
2.559744999999994 1.2990531157078367e-08 0.011794547229535733 6.705615683592145e-05 
2.6597350000000053 1.3978528260658472e-08 0.010662015466343672 6.754797205799786e-05 
2.7597250000000026 1.7881393432617187e-08 0.009576754093274988 6.054054367964101e-05 
2.859714999999996 1.032382731180714e-08 0.00886370516686809 6.389547540446189e-05 
2.9597049999999916 2.4934411839666234e-08 0.008155590943675895 6.11113123662927e-05 
3.0596949999999987 7.300048299977714e-09 0.007456271797729376 5.5556166113490396e-05 
3.159685000000002 7.300048299977714e-09 0.006795572387745264 5.568042520965365e-05 
3.2596749999999988 4.214684851089403e-09 0.006491652070995914 4.957601417154195e-05 
3.359665000000005 2.1073424255447017e-08 0.005858050666111789 4.727319498187395e-05 
3.4596549999999984 1.519626234052415e-08 0.005451111704801147 4.974473005219822e-05 
3.5596449999999944 1.97686242482388e-08 0.005067329724553677 4.920458034249818e-05 
3.659634999999996 8.429369702178806e-09 0.0046388327485607775 4.697384739513007e-05 
3.7596250000000087 2.1490760299348766e-08 0.0044615981809192524 4.323363307830468e-05 
3.859615000000004 1.97686242482388e-08 0.004242120963233727 3.8165804298676113e-05 
3.959605000000006 2.5636927089222152e-08 0.003879795652545483 4.2404135417475847e-05 
4.059595000000001 1.1920928955078126e-08 0.0036677233811977634 3.650250283908064e-05 
4.159584999999994 1.5769906706002896e-08 0.0033733415750720553 3.5791934553770054e-05 
4.259574999999997 8.429369702178806e-09 0.003222133636621563 3.786096792749197e-05 
4.359564999999992 2.5981062314156734e-08 0.003083474261689265 2.9965528146075385e-05 
4.459555000000008 3.097148193542142e-08 0.0028157117761413246 3.699141994264469e-05 
4.559545000000011 3.625608998714816e-08 0.002683200386192352 3.40455163848864e-05 
4.659535000000004 1.032382731180714e-08 0.0025463969941700976 2.9079607238387626e-05 
4.759524999999997 1.5769906706002896e-08 0.002311727420422495 2.7971581488923788e-05 
4.859514999999991 3.2098083538618706e-08 0.002271279880192346 3.0507445023682338e-05 
4.95950499999999 2.9200193199910855e-08 0.0021438627785742145 2.970783138446833e-05 
5.0594950000000125 4.5000519962732495e-08 0.0020367804064955804 2.78114057794232e-05 
5.159485000000006 2.384185791015625e-08 0.0019138470430852634 3.0263259744335552e-05 
5.259475000000005 1.6858739404357613e-08 0.0017785354866677145 2.542891972305188e-05 
5.359464999999999 1.6858739404357613e-08 0.0017274494557022815 2.5622104659389644e-05 
5.459454999999998 2.5981062314156734e-08 0.0016786606917109318 2.5132859958903027e-05 
5.559444999999993 8.429369702178806e-09 0.0015631501859749378 2.4426302927974815e-05 
5.659434999999991 3.03925246810483e-08 0.0015158960779561104 2.5635283914483738e-05 
5.759425000000004 2.9200193199910855e-08 0.0013924425148643088 2.3131424056135705e-05 
5.859415000000009 4.3800289799866286e-08 0.0013480077584020675 2.1972309410387735e-05 
5.959404999999995 1.4600096599955428e-08 0.0012939220773283517 2.1729058865799633e-05 
6.059394999999996 1.884864366154897e-08 0.0012249152124553836 2.333192411060703e-05 
6.1593849999999986 2.2302015940987713e-08 0.0011492002134390435 2.1108486397588285e-05 
6.259374999999989 2.9200193199910855e-08 0.0011010940773132955 2.158258176589028e-05 
6.359365000000014 3.03925246810483e-08 0.0010632697039187073 2.029690425653688e-05 
6.459354999999996 3.153981341200579e-08 0.0010189570349873455 1.7953112769090577e-05 
6.559345000000005 1.4600096599955428e-08 0.0009685854214837218 1.9927134413266783e-05 
6.659335000000012 4.6932744228910275e-08 0.0009125475857355634 1.7606361856583828e-05 
6.7593249999999925 2.9200193199910855e-08 0.0009015733161967117 1.749801005584379e-05 
6.859315000000004 2.9200193199910855e-08 0.0008780619095859681 1.7387121057956887e-05 
6.959304999999983 4.3800289799866286e-08 0.0008436308264064586 1.5852342186199318e-05 
7.059295000000011 4.539354506649917e-08 0.0008632361230294876 1.8899844158877365e-05 
7.1592849999999935 3.264680847556389e-08 0.0008091824538158927 1.7430174199259612e-05 
7.2592750000000015 3.5762786865234374e-08 0.0008088451282998723 1.942451897820839e-05 
7.359265000000011 5.5275073620651385e-08 0.0007581133998465916 1.9159821470119793e-05 
7.459254999999993 4.129530924722856e-08 0.0007425793685368588 1.7070851410083838e-05 
7.559245000000003 3.95372484964776e-08 0.0007303324813819039 1.8761735204497592e-05 
7.659234999999995 3.3717478808715225e-08 0.0007164198981367619 1.5360276745995724e-05 
7.759225000000008 4.2146848510894035e-08 0.0006967442212117375 1.5033769678319636e-05 
7.859214999999986 5.5275073620651385e-08 0.0006581417674273509 1.3697629415563995e-05 
7.959204999999998 3.264680847556389e-08 0.0007065600030823642 1.5271775259556628e-05 
8.059195000000011 4.298152059869753e-08 0.0007190367538008018 1.525770221764995e-05 
8.159184999999988 4.298152059869753e-08 0.0006713515266073328 1.6334197079471364e-05 
8.259175000000019 5.3312014997000454e-08 0.000650479495311557 1.541544912030725e-05 
8.35916499999999 5.196212462831347e-08 0.0005918441453389015 1.4640702071698597e-05 
8.459155000000008 1.1920928955078126e-08 0.0006244693781697317 1.4689555897649938e-05 
8.559144999999978 5.7170766869935025e-08 0.0006084614283830359 1.603420850627834e-05 
8.659134999999994 4.298152059869753e-08 0.0005779077334122226 1.5074432825651068e-05 
8.759125000000013 5.840038639982171e-08 0.0005880937395781361 1.5271915578696673e-05 
8.859114999999981 6.951036327892901e-08 0.0005615887624644719 1.6333354487031344e-05 
8.959105000000015 5.960464477539063e-08 0.0005543403524937014 1.4591396830770695e-05 
9.059094999999987 3.3717478808715225e-08 0.0005210042941845651 1.3790574651785504e-05 
9.159085000000003 5.3312014997000454e-08 0.0005074206149231829 1.2281049515743483e-05 
9.259075000000022 4.6169559314339364e-08 0.0004525409804746324 1.1541119945937622e-05 
9.359064999999989 6.63729234079125e-08 0.00046391495536066157 1.3504665532669058e-05 
9.459055000000012 6.194296387084284e-08 0.0004611984827237479 1.3297614852678952e-05 
9.559044999999992 1.6858739404357613e-08 0.00042835009446923677 1.3477769982546601e-05 
9.659035000000012 5.057621821307283e-08 0.00041618675887815365 1.3270820939456722e-05 
9.75902499999998 3.5762786865234374e-08 0.0003892846834497233 1.1288629997012987e-05 
9.859015 3.5762786865234374e-08 0.00039825633383160466 1.1203154254421815e-05 
9.959005000000019 7.90744969929552e-08 0.0003938793855470531 1.2748516622132068e-05 
10.058994999999987 4.6169559314339364e-08 0.0003657782915150911 1.247558494311275e-05 
10.158985000000008 4.76837158203125e-08 0.0003340135418402639 1.07973237860115e-05 
10.258974999999987 3.153981341200579e-08 0.00032942515407745755 1.1224558804550128e-05 
10.358965000000007 3.153981341200579e-08 0.0003070692289030967 1.0113378796987339e-05 
10.458954999999976 7.539457464619587e-08 0.000301038411605554 9.587908383707575e-06 
10.558944999999996 2.9200193199910855e-08 0.00029449811478340465 1.3134189002502654e-05 
10.658935000000012 5.3312014997000454e-08 0.0002976291657508179 1.0806823365656642e-05 
10.758924999999987 2.9200193199910855e-08 0.0002980200559474526 1.012850947970425e-05 
10.858915000000017 7.817075877549649e-08 0.0002601145869441951 1.0548883459270283e-05 
10.958904999999982 3.769728732309794e-08 0.00027832944861948294 8.790604364189518e-06 
11.058894999999998 4.4604031881975426e-08 0.0002559565282089178 1.0850514861725608e-05 
11.158885000000028 8.840797528142528e-08 0.00023402128018191248 9.95757627079858e-06 
11.25887499999999 3.95372484964776e-08 0.000253730175280367 9.252956808912303e-06 
11.358865000000005 5.840038639982171e-08 0.00024085208601431295 1.011150778621496e-05 
11.45885499999999 6.307962682401158e-08 0.000224580357872559 9.621202798343222e-06 
11.558845000000012 4.4604031881975426e-08 0.0001984657770823316 9.005607064952677e-06 
11.658834999999977 6.07850493620966e-08 0.00019464495503454814 9.00831452856631e-06 
11.758824999999986 4.76837158203125e-08 0.00020145382156201675 8.862779795412837e-06 
11.858815000000025 9.386548845782055e-08 0.00020829518416064897 9.552155182849096e-06 
11.958804999999986 4.76837158203125e-08 0.00020446953023236248 7.828271177846505e-06 
12.058794999999996 6.07850493620966e-08 0.00019045821087229235 7.854328543766311e-06 
12.158785000000002 5.057621821307283e-08 0.00018628772439639545 7.566463767907034e-06 
12.258775000000012 2.9200193199910855e-08 0.00017460199350525244 7.488835022497682e-06 
12.358764999999972 6.951036327892901e-08 0.0001722892602275738 8.219150103186967e-06 
12.458755000000018 7.539457464619587e-08 0.00017151835862978172 9.23255773245341e-06 
12.558745000000021 6.07850493620966e-08 0.00016583959243494646 7.236816875821859e-06 
12.658734999999986 7.348554137908192e-08 0.00016359439837066526 6.515942256833786e-06 
12.758725 5.3312014997000454e-08 0.00014725613146319175 7.54616894266826e-06 
12.858715000000002 4.129530924722856e-08 0.00015069682081681653 6.807811318008916e-06 
12.958705000000007 1.6858739404357613e-08 0.00015260011921401073 6.8462896242671725e-06 
13.058694999999966 1.1680077279964342e-07 0.00015302970050749758 7.619017805897154e-06 
13.158685000000018 4.76837158203125e-08 0.00013938374330012038 7.047627029648201e-06 
13.258675000000022 5.3312014997000454e-08 0.00013746430281239247 7.737541881874059e-06 
13.35866499999998 7.90744969929552e-08 0.0001420271232219619 7.339147360835408e-06 
13.45865499999999 2.384185791015625e-08 0.00012683155682528574 6.779788446083401e-06 
13.558645000000004 5.840038639982171e-08 0.00013403705142490567 7.4280974415846226e-06 
13.658635000000002 5.057621821307283e-08 0.00012232806457595507 7.4220001772210395e-06 
13.758625000000002 2.384185791015625e-08 0.00011925542468486308 7.688241203549272e-06 
13.858615000000018 6.529361695112778e-08 0.00010791360380229341 6.783775808991133e-06 
13.958605000000018 6.307962682401158e-08 0.00012420174862089498 7.4771498301484795e-06 
14.058594999999984 3.769728732309794e-08 0.0001242234133706994 6.385244783006367e-06 
14.15858499999998 8.596304119739506e-08 0.00011245512129836523 6.214383036754564e-06 
14.258575000000002 2.9200193199910855e-08 0.00010904401560650634 5.968542489730189e-06 
14.358564999999999 4.4604031881975426e-08 0.00011963288389630913 6.498075806827782e-06 
14.458554999999995 6.07850493620966e-08 0.00011699455323508338 5.668727661134132e-06 
14.55854500000002 5.840038639982171e-08 0.00010943619507627194 5.717541674179807e-06 
14.658535000000022 9.830249847454216e-08 0.00011364794112068865 5.997897672429512e-06 
14.75852499999998 8.429369702178807e-08 0.000104892683682917 6.3569163121364875e-06 
14.858514999999976 8.429369702178807e-08 0.00010829432494052268 6.312004861413697e-06 
14.958505 6.07850493620966e-08 0.00010072904362247945 5.749112821369485e-06 
15.058494999999995 3.3717478808715225e-08 0.00010036640068066479 6.5726866291253315e-06 
15.158484999999986 6.529361695112778e-08 0.00010488298824222952 6.914642226122278e-06 
15.258475000000017 5.057621821307283e-08 9.769666562680347e-05 6.313685796368353e-06 
15.358465000000018 4.129530924722856e-08 8.823035388288857e-05 5.718165522728875e-06 
15.458454999999976 5.3312014997000454e-08 9.125736659960214e-05 6.292597484180755e-06 
15.558444999999965 1.2039548085167501e-07 9.126198393454738e-05 6.060059611581061e-06 
15.658435000000036 9.233911862867873e-08 7.801294090092858e-05 5.889256027906581e-06 
15.75842499999999 6.07850493620966e-08 0.00010567206217276177 5.578894584795634e-06 
15.858414999999981 7.152557373046875e-08 7.68879637312621e-05 5.578877057812116e-06 
15.958405000000026 6.07850493620966e-08 8.897816618667835e-05 4.917017946692383e-06 
16.058395000000015 8.596304119739506e-08 7.803526579165056e-05 5.3816573973312255e-06 
16.15838499999997 8.596304119739506e-08 7.381030365533228e-05 5.670167249854103e-06 
16.25837499999996 1.430511474609375e-07 7.271207312180115e-05 4.722229368967591e-06 
16.35836500000003 9.5367431640625e-08 7.951375370099579e-05 5.260617017778337e-06 
16.458354999999987 8.920806376395085e-08 8.062651563545206e-05 5.705321001524571e-06 
16.558344999999985 1.0925711858167267e-07 6.854165386947309e-05 4.6272076894263775e-06 
16.658335000000022 5.3312014997000454e-08 7.686412529481296e-05 5.009211829205184e-06 
16.75832500000001 5.840038639982171e-08 7.424619802287766e-05 5.941018521260136e-06 
16.858314999999966 1.32745846815825e-07 7.573257551441752e-05 5.272975854688043e-06 
16.958305000000042 1.348699152348609e-07 6.360039110344056e-05 4.720685131666133e-06 
17.05829500000003 1.215700987241932e-07 7.079478319272493e-05 4.781006664187285e-06 
17.15828499999998 1.0392424925662694e-07 6.62594765021826e-05 5.0593065239744174e-06 
17.258274999999976 7.152557373046875e-08 6.663759911765035e-05 5.053367876799331e-06 
17.358265000000024 6.307962682401158e-08 6.0205914061208136e-05 4.70493334606008e-06 
17.458255000000005 5.3312014997000454e-08 6.626546442908475e-05 5.1232434405144696e-06 
17.55824499999996 1.1680077279964342e-07 6.552967947111098e-05 4.5432912030665486e-06 
17.65823500000004 1.3902072655785801e-07 6.437405969671794e-05 5.150096846885336e-06 
17.758225000000024 9.233911862867873e-08 6.360399665590512e-05 4.6935262341394e-06 
17.858214999999976 1.1182822608526778e-07 6.36112391044742e-05 4.630699537671076e-06 
17.958204999999968 1.1182822608526778e-07 6.098561552349398e-05 5.1398919885900676e-06 
18.05819500000002 9.830249847454216e-08 6.477204474845734e-05 5.551642843838915e-06 
18.158185000000003 5.840038639982171e-08 6.133528363806408e-05 4.988353940545648e-06 
18.258174999999984 1.1434153373987005e-07 5.2620101540791015e-05 5.373138889901992e-06 
18.35816500000004 8.920806376395085e-08 5.1143033517702246e-05 4.50055464143875e-06 
18.45815500000002 5.3312014997000454e-08 5.606224739345997e-05 4.37004343499374e-06 
18.558144999999982 7.539457464619587e-08 5.60501895914315e-05 5.096584530554766e-06 
18.658134999999962 1.2839233415447482e-07 4.698352769906346e-05 4.12332264623856e-06 
18.758125000000017 6.743495761743045e-08 6.096326926234076e-05 3.970007842511833e-06 
18.858115 2.384185791015625e-08 5.1126835527266635e-05 5.1765565108466904e-06 
18.95810499999998 7.90744969929552e-08 6.096672875998134e-05 4.28166954547474e-06 
19.058095000000037 1.238859277416857e-07 5.2266071009269276e-05 3.92707203608976e-06 
19.158085000000025 9.830249847454216e-08 5.7550425133687236e-05 4.771080749217176e-06 
19.258074999999973 1.0925711858167267e-07 5.982320816733604e-05 5.083553442915444e-06 
19.358064999999957 1.4105033357380905e-07 4.354268313621504e-05 3.982662073759778e-06 
19.458055000000044 9.233911862867873e-08 4.1266102389299514e-05 3.4315635185376058e-06 
19.558044999999996 5.3312014997000454e-08 5.2620454376051745e-05 4.28090608779996e-06 
19.658034999999973 9.830249847454216e-08 4.731746646009924e-05 4.3931829765543905e-06 
19.758025000000035 1.4697108275816384e-07 4.316842972047054e-05 3.901712897991041e-06 
19.85801500000002 5.840038639982171e-08 4.8455622756588955e-05 4.816103904666146e-06 
19.95800499999997 8.920806376395085e-08 4.466689812258991e-05 4.5208190979600035e-06 
20.05799499999995 1.4502435994859264e-07 4.582794295310898e-05 3.8393018464770955e-06 
20.15798500000004 1.2839233415447482e-07 4.166093333109059e-05 3.573824404502114e-06 
20.25797499999999 1.0115243642614566e-07 4.315820344562152e-05 4.318028703057755e-06 
20.357964999999968 8.596304119739506e-08 4.011931875360868e-05 3.581410593297918e-06 
20.45795500000003 8.596304119739506e-08 4.316974553975756e-05 3.898426961054848e-06 
20.557945000000014 9.233911862867873e-08 3.9389081709197546e-05 4.03985280391739e-06 
20.657934999999966 1.2615925364802317e-07 4.467252671623072e-05 4.261090347252541e-06 
20.757924999999947 1.3902072655785801e-07 4.5061636760710736e-05 3.69881060063337e-06 
20.857915000000034 1.581489939859104e-07 4.351923970637917e-05 4.357339566776079e-06 
20.957904999999993 6.743495761743045e-08 4.163354671135743e-05 4.1630877088350075e-06 
21.05789499999997 1.1434153373987005e-07 3.5962751781339254e-05 3.5641488691509858e-06 
21.157885000000032 1.4502435994859264e-07 4.1303039906786034e-05 3.869536055266564e-06 
21.257875000000002 9.830249847454216e-08 4.201077914092694e-05 3.928035099355012e-06 
21.35786499999996 9.5367431640625e-08 3.787193081163898e-05 4.2519655324519565e-06 
21.457855000000055 1.488923549270248e-07 3.370340470002276e-05 3.7826711087779947e-06 
21.55784500000002 1.1920928955078125e-07 4.428328979772001e-05 3.97410363726393e-06 
21.65783499999998 5.3312014997000454e-08 3.748343541517994e-05 3.406418575334431e-06 
21.757824999999976 1.0925711858167267e-07 3.519822866640202e-05 3.2190683526978224e-06 
21.85781500000002 7.90744969929552e-08 3.0301794402347574e-05 3.7483731290848467e-06 
21.957805000000004 7.152557373046875e-08 3.332837715775842e-05 3.7226252526331074e-06 
22.057794999999974 1.0392424925662694e-07 3.254979538469179e-05 3.78534237341537e-06 
22.157785000000036 9.5367431640625e-08 3.485566515243566e-05 3.7766137586307733e-06 
22.257775000000024 1.0925711858167267e-07 2.8791427974481967e-05 3.219042971399302e-06 
22.357764999999993 1.0115243642614566e-07 2.9153890227453322e-05 3.115250191614204e-06 
22.457754999999956 8.259061849445712e-08 3.104788650170061e-05 3.799769824721387e-06 
22.557745000000025 1.1434153373987005e-07 3.141236605007183e-05 3.7461423860353893e-06 
22.657734999999985 1.0662402999400091e-07 2.9909072584664537e-05 2.9461762179704824e-06 
22.75772499999998 1.1182822608526778e-07 2.159362379790673e-05 2.848319568965803e-06 
22.85771500000005 1.581489939859104e-07 2.6895627273231044e-05 2.9495683433864297e-06 
22.957704999999997 5.840038639982171e-08 2.917758162444053e-05 3.1637416927120793e-06 
23.05769499999998 1.2615925364802317e-07 3.067297075452239e-05 3.6182957041159476e-06 
23.15768499999998 4.76837158203125e-08 3.445841197979647e-05 3.5568909230444544e-06 
23.257675 7.539457464619587e-08 3.2564797867127004e-05 3.3866916098891505e-06 
23.357665 8.920806376395085e-08 2.537323734553714e-05 3.3456455492768766e-06 
23.457655 9.5367431640625e-08 2.9930067652538936e-05 3.316978651637842e-06 
23.557645000000015 1.1680077279964342e-07 3.1046362946071804e-05 3.3604059552939443e-06 
23.657635000000024 1.3058723390225555e-07 2.8768086555771546e-05 2.985629846047537e-06 
23.757625000000004 8.920806376395085e-08 2.652641493249725e-05 3.2817500148553455e-06 
23.857614999999946 1.9660499694908432e-07 2.6883676453001815e-05 3.184390230677829e-06 
23.957605000000044 1.3058723390225555e-07 2.761618523295282e-05 3.375983242792181e-06 
24.057595000000028 1.581489939859104e-07 3.105871105486211e-05 3.4443334162764104e-06 
24.15758499999997 1.1680077279964342e-07 2.422882193369328e-05 2.8086796910121846e-06 
24.257575000000042 7.539457464619587e-08 2.384819724991101e-05 2.9129647892733926e-06 
24.35756499999998 1.4697108275816384e-07 2.5746811241920052e-05 2.927510169306401e-06 
24.45755499999997 1.7192608239479013e-07 2.7991576626400447e-05 3.4504090925858728e-06 
24.557544999999973 1.581489939859104e-07 3.065407625561727e-05 3.494711888338436e-06 
24.657535000000003 1.0662402999400091e-07 2.0824048830610805e-05 2.6980288709531037e-06 
24.75752499999999 5.840038639982171e-08 2.5362997182525147e-05 3.0316015829803004e-06 
24.857515 1.1182822608526778e-07 2.5380042527933423e-05 3.0342297765181454e-06 
24.957505000000005 0.0 2.233978884565011e-05 2.735737674662046e-06 
25.057495000000014 6.743495761743045e-08 2.2723721230862565e-05 2.937642883079988e-06 
25.157485000000005 1.0662402999400091e-07 2.3846158371698383e-05 2.9133148934592564e-06 
25.257474999999932 1.581489939859104e-07 2.0444015696784902e-05 2.804555451694792e-06 
25.357465000000033 1.581489939859104e-07 2.613549966643842e-05 3.419867824688123e-06 
25.45745500000003 1.430511474609375e-07 2.1202199731711738e-05 2.690915481448152e-06 
25.557444999999962 7.539457464619587e-08 2.3480712446583417e-05 2.8740997649585784e-06 
25.657435000000042 8.920806376395085e-08 2.612866939161961e-05 2.9182003437061404e-06 
25.757424999999962 1.0662402999400091e-07 2.2317629033490755e-05 3.212732820211846e-06 
25.85741499999996 1.6170334775746508e-07 2.044713503086124e-05 2.5916569012932034e-06 
25.957405000000062 2.0509541671377722e-07 1.892601305729416e-05 2.647473018530102e-06 
26.057394999999982 6.743495761743045e-08 2.2732835145186085e-05 3.170513760098163e-06 
26.15738499999998 7.539457464619587e-08 2.273417944945171e-05 2.8872281867190586e-06 
26.257375000000003 4.76837158203125e-08 2.422286301038013e-05 2.957223945432374e-06 
26.357364999999987 4.76837158203125e-08 2.1579488225828416e-05 2.634088195323084e-06 
26.457355000000003 8.920806376395085e-08 1.6659786941881008e-05 2.414235657426595e-06 
26.557345000000005 6.743495761743045e-08 2.3095813851744723e-05 2.975323402091509e-06 
26.657335000000007 6.743495761743045e-08 2.0828048327326446e-05 2.8512683098506128e-06 
26.757325000000026 8.259061849445712e-08 1.741403994960841e-05 2.297424333691041e-06 
26.857315000000032 1.54512898884007e-07 1.8188604372727702e-05 2.9107122350682755e-06 
26.95730499999995 1.3902072655785801e-07 1.7800478946633288e-05 2.9563113987458104e-06 
27.057295000000035 1.54512898884007e-07 1.8936401686481152e-05 2.861695132417582e-06 
27.157285000000055 1.6518123698891423e-07 1.7787414438656368e-05 2.591137128937989e-06 
27.257274999999968 1.1680077279964342e-07 2.1960461428797603e-05 2.792404354319129e-06 
27.357265000000055 2.2365645217053555e-07 1.5518267890180128e-05 2.5187323514770967e-06 
27.457254999999964 1.3058723390225555e-07 1.9297692679342844e-05 2.7551755166450046e-06 
27.557244999999977 4.76837158203125e-08 1.5886868170177933e-05 2.2164069277646674e-06 
27.657235 7.539457464619587e-08 1.5905525732739655e-05 2.5226764125175846e-06 
27.75722499999997 1.3902072655785801e-07 2.0072961821628758e-05 3.1438902488889787e-06 
27.857215 7.539457464619587e-08 1.5534095750368172e-05 2.340948806233217e-06 
27.957205000000023 1.1680077279964342e-07 1.5528964640460417e-05 2.2143809518499632e-06 
28.057194999999993 1.0662402999400091e-07 1.7426227678714253e-05 2.5380106729898713e-06 
28.157185000000023 1.0115243642614566e-07 1.4386423686707096e-05 2.1922609680069055e-06 
28.257175000000032 1.0662402999400091e-07 1.3261901707434635e-05 2.1682804554051104e-06 
28.357164999999938 1.4697108275816384e-07 1.8178871634999357e-05 2.595217093101549e-06 
28.457155000000043 1.0115243642614566e-07 1.6662706936480774e-05 2.4716378162077244e-06 
28.55714500000006 2.2110029448260554e-07 1.8177919122040944e-05 2.4233956036531943e-06 
28.657134999999958 1.3902072655785801e-07 2.1198686427577325e-05 2.8963485594067607e-06 
28.757125000000045 1.9073486328125e-07 1.853630651088706e-05 2.5350738771285115e-06 
28.857114999999954 1.348699152348609e-07 1.6659661292587148e-05 2.2918880190700978e-06 
28.957104999999967 1.4697108275816384e-07 1.5139980290520506e-05 2.27067500794511e-06 
29.057094999999993 5.840038639982171e-08 1.8932667058975213e-05 2.908266874427482e-06 
29.157084999999974 1.1680077279964342e-07 1.4014044366705922e-05 2.314442112873087e-06 
29.25707499999999 1.1182822608526778e-07 1.4774173990927192e-05 2.2661412732467673e-06 
29.35706500000002 9.5367431640625e-08 1.438690760977878e-05 2.1938628460392583e-06 
29.457054999999983 9.5367431640625e-08 1.4768341814388895e-05 2.2642456412225453e-06 
29.557045000000013 5.840038639982171e-08 1.5155341450938077e-05 2.571243752716e-06 
29.65703500000003 1.4697108275816384e-07 1.4394417926972653e-05 2.322434852485378e-06 
29.757024999999928 1.9660499694908432e-07 2.005857002120753e-05 2.698727900901339e-06 
29.857015000000036 1.0662402999400091e-07 1.6286844918559938e-05 2.7441942915202375e-06 
29.957005000000052 1.6518123698891423e-07 1.62814369056662e-05 2.408310137241982e-06 
30.05699499999995 2.0230487285229132e-07 1.4762887685543939e-05 2.723089613314419e-06 
30.156985000000045 1.2615925364802317e-07 1.5134860026674335e-05 2.6210135841429263e-06 
30.256974999999933 2.1851423716334533e-07 1.6658997239487903e-05 2.584600407688766e-06 
30.356964999999956 1.784161275279017e-07 1.2126635705394054e-05 2.068004512258031e-06 
30.45695500000007 1.784161275279017e-07 1.4011506730421084e-05 2.314458284227443e-06 
30.55694499999996 1.4697108275816384e-07 1.2507357744323974e-05 2.214208583573128e-06 
30.65693499999998 9.5367431640625e-08 1.1737943477827775e-05 2.187271806883953e-06 
30.756925000000024 6.743495761743045e-08 1.3246685867351039e-05 2.2930794270049976e-06 
30.85691499999997 1.4697108275816384e-07 1.2877047490181032e-05 2.0890755096987167e-06 
30.956905000000003 8.920806376395085e-08 1.0584224539238035e-05 2.0066667114640502e-06 
31.056895000000043 1.1680077279964342e-07 1.7049340308550456e-05 2.477749558005582e-06 
31.15688499999999 1.215700987241932e-07 1.5890471593170628e-05 2.460669147571191e-06 
31.256875000000026 1.3058723390225555e-07 9.466709132904621e-06 1.8829694535741662e-06 
31.356865000000052 1.581489939859104e-07 1.1738726587918451e-05 2.4345767844464427e-06 
31.45685499999994 1.6518123698891423e-07 1.3247295044552819e-05 2.09889655666117e-06 
31.55684500000004 1.9073486328125e-07 1.3641753067785523e-05 2.3686837380214612e-06 
31.65683499999992 2.3360154559928684e-07 1.3251445988811915e-05 2.356235639546009e-06 
31.756824999999964 1.1182822608526778e-07 1.3254276992581006e-05 2.1008812764632215e-06 
31.85681500000006 1.3902072655785801e-07 1.0601705907032017e-05 2.080247126181435e-06 
31.956804999999946 1.7520115919946514e-07 1.022385197868928e-05 1.992684932323914e-06 
32.05679499999997 1.7192608239479013e-07 1.5903554842799008e-05 2.4054205482994967e-06 
32.15678500000002 1.7192608239479013e-07 1.4762393570643798e-05 2.6716452757237536e-06 
32.256774999999955 1.2615925364802317e-07 1.0993319491880063e-05 2.027450653021623e-06 
32.356764999999996 1.348699152348609e-07 1.0974356689759321e-05 1.95227206813825e-06 
32.45675500000004 9.5367431640625e-08 1.0215427178292364e-05 1.990008392131677e-06 
32.55674499999997 0.0 1.2499614162026698e-05 2.0082578399233997e-06 
32.65673500000002 1.581489939859104e-07 1.2493947758653381e-05 2.144847110902125e-06 
32.75672500000005 1.9073486328125e-07 1.1745746201461697e-05 1.983395659321545e-06 
32.85671499999993 1.9660499694908432e-07 1.5142569608814946e-05 2.393577447160454e-06 
32.95670500000005 2.1324805998800182e-07 1.287916105931212e-05 2.1570015280724424e-06 
33.056695000000076 2.7392209274950163e-07 1.2127455799706246e-05 2.136012113566941e-06 
33.15668499999995 1.1680077279964342e-07 1.2110536608613285e-05 2.0634510994307425e-06 
33.25667500000006 1.581489939859104e-07 8.706810584171309e-06 1.8433717485351004e-06 
33.35666499999993 2.384185791015625e-07 1.2114207635409945e-05 2.1351363749629445e-06 
33.45665499999996 2.2365645217053555e-07 9.839823578944517e-06 1.974508505405266e-06 
33.55664500000001 6.743495761743045e-08 1.0981455510639072e-05 1.953575144616917e-06 
33.65663499999995 1.1680077279964342e-07 1.2869629157131572e-05 1.945426189331206e-06 
33.75662499999999 1.430511474609375e-07 1.1361935731689944e-05 1.9687318853571902e-06 
33.85661500000004 2.384185791015625e-07 1.1736498104581059e-05 1.981965999156635e-06 
33.95660499999996 1.9073486328125e-07 8.704216356423742e-06 1.7624847369002306e-06 
34.05659500000001 1.0662402999400091e-07 1.5150831312959887e-05 2.3346863522720826e-06 
34.15658500000005 2.2365645217053555e-07 1.2110046772425338e-05 1.9942860474460336e-06 
34.25657499999992 1.8467823725735746e-07 1.0987052827644465e-05 1.8013416310822494e-06 
34.35656500000004 1.581489939859104e-07 1.0229740501489525e-05 1.9941920236471686e-06 
34.45655500000007 2.611744678045111e-07 5.684376705540763e-06 1.3531572377434055e-06 
34.55654499999994 2.2365645217053555e-07 8.328432947665476e-06 1.8991252359335547e-06 
34.65653500000005 2.286830674797401e-07 1.173890556414753e-05 2.251363040686798e-06 
34.75652499999992 2.384185791015625e-07 1.2115405082914603e-05 2.2653581297773463e-06 
34.85651499999995 1.1680077279964342e-07 1.1341670657506066e-05 2.1028603303651984e-06 
34.95650500000007 2.611744678045111e-07 1.0219403109636867e-05 2.062226264213321e-06 
35.056494999999934 2.477718554833714e-07 1.4012121948234714e-05 2.2515673738151065e-06 
35.15648499999998 1.5078914929239175e-07 1.3261600679940044e-05 2.1025418207858834e-06 
35.25647500000004 4.76837158203125e-08 1.211124284796729e-05 1.994592374807861e-06 
35.35646499999995 2.1851423716334533e-07 8.70924866200717e-06 1.6813268468274913e-06 
35.456455 1.7192608239479013e-07 1.2876597023142675e-05 1.9483504607730655e-06 
35.556445000000046 1.581489939859104e-07 1.3998928530406713e-05 2.248008589832202e-06 
35.65643499999997 2.0784849851325387e-07 1.3628615717542655e-05 2.040226996014782e-06 
35.75642500000003 1.581489939859104e-07 7.942093653019313e-06 1.7145306505914677e-06 
35.85641500000007 2.1851423716334533e-07 8.709441237448144e-06 1.8449006493727284e-06 
35.95640499999993 1.1680077279964342e-07 9.089662012819444e-06 1.703183293393749e-06 
36.05639500000004 4.76837158203125e-08 9.474990855600414e-06 2.031896410603082e-06 
36.1563850000001 3.0532475649990315e-07 7.187663022129031e-06 1.4840772470057533e-06 
36.25637499999994 1.1680077279964342e-07 7.576726422152005e-06 1.6940024643946405e-06 
36.35636500000007 2.5231850729604634e-07 9.839710160005514e-06 2.0439869362453713e-06 
36.45635499999993 1.348699152348609e-07 1.2112122007894905e-05 2.132498310166218e-06 
36.55634499999997 4.76837158203125e-08 8.330121653028588e-06 1.8228739833339035e-06 
36.656335000000034 1.348699152348609e-07 7.955594910303917e-06 1.7184608641790467e-06 
36.75632499999993 2.384185791015625e-07 4.925800678904294e-06 1.274284147887896e-06 
36.856314999999995 1.430511474609375e-07 9.083654539568412e-06 1.8624159113833372e-06 
36.95630500000006 2.5231850729604634e-07 9.47136703414541e-06 1.9594243712748535e-06 
37.056294999999956 1.7192608239479013e-07 6.826395263046177e-06 1.6419923269816085e-06 
37.15628500000002 1.8467823725735746e-07 6.056943273963366e-06 1.387829816109515e-06 
37.256275000000066 2.3360154559928684e-07 9.844645234634695e-06 1.82506001979625e-06 
37.35626499999992 1.581489939859104e-07 6.4364612745280565e-06 1.6120475471258335e-06 
37.45625500000005 2.2365645217053555e-07 7.955892193911442e-06 1.6340264904519913e-06 
37.5562450000001 2.384185791015625e-07 9.088986162353326e-06 1.7036600639859662e-06 
37.65623499999995 2.477718554833714e-07 9.478400331419978e-06 1.961392718524171e-06 
37.75622500000006 2.0784849851325387e-07 7.573018195335673e-06 1.607110734193868e-06 
37.856214999999914 2.286830674797401e-07 8.327708225125508e-06 1.821800434517405e-06 
37.95620499999996 2.0230487285229132e-07 8.320077873045174e-06 1.655484616102429e-06 
38.05619500000009 2.5678466830894965e-07 9.468972544289408e-06 1.8071170899321238e-06 
38.15618499999994 2.0784849851325387e-07 7.5790303669018165e-06 1.857419848672664e-06 
38.25617499999999 6.743495761743045e-08 9.083017584639132e-06 1.9383522555664093e-06 
38.35616500000005 2.2365645217053555e-07 1.022857422594249e-05 1.7655825694300522e-06 
38.456154999999946 2.7392209274950163e-07 1.0609684504926478e-05 1.7839506095572169e-06 
38.55614500000001 1.581489939859104e-07 7.571106491176538e-06 1.514228449119247e-06 
38.65613500000006 2.5231850729604634e-07 7.949108277856963e-06 1.6325433274827238e-06 
38.75612499999991 2.477718554833714e-07 4.92138744849801e-06 1.4809118380847093e-06 
38.85611500000004 1.9660499694908432e-07 9.094115088371975e-06 1.618314048357752e-06 
38.956105000000086 2.5678466830894965e-07 7.950107223220427e-06 1.541983483915979e-06 
39.05609499999994 2.286830674797401e-07 5.683633038828425e-06 1.3529856264238773e-06 
39.15608500000005 2.1851423716334533e-07 6.055633818393895e-06 1.581706539174387e-06 
39.2560749999999 2.7804145311571603e-07 6.059408236714959e-06 1.3883962753364928e-06 
39.35606499999995 2.5231850729604634e-07 9.086386944053236e-06 1.7027085181995076e-06 
39.45605500000008 2.5231850729604634e-07 8.712120232650774e-06 1.8439724251657939e-06 
39.55604499999992 2.0230487285229132e-07 6.436801075892483e-06 1.4222837641209187e-06 
39.65603499999998 9.5367431640625e-08 9.470155294661583e-06 1.8843773756787604e-06 
39.756025000000044 1.348699152348609e-07 6.057619943273546e-06 1.4877136059753492e-06 
39.856014999999935 1.8467823725735746e-07 6.8115827540850015e-06 1.5485880307883857e-06 
39.956005 8.259061849445712e-08 3.785412135804131e-06 1.256446011652728e-06 
40.05599500000006 2.86102294921875e-07 6.068675069566589e-06 1.3905105800036028e-06 
40.155984999999966 1.581489939859104e-07 6.8188907623790635e-06 1.6411905130488097e-06 
40.25597500000003 1.784161275279017e-07 6.811361124552009e-06 1.8826972998355764e-06 
40.35596500000008 2.821006671476181e-07 7.193151375162989e-06 1.5798228487201023e-06 
40.45595499999993 2.1324805998800182e-07 4.161492884694528e-06 1.1837270422869208e-06 
40.555945000000044 1.8467823725735746e-07 3.7842070912816826e-06 1.1352688597947155e-06 
40.65593499999989 2.611744678045111e-07 4.540407186016628e-06 1.2295531647483203e-06 
40.75592499999994 0.0 4.158533855577991e-06 1.2979043352771929e-06 
40.85591500000007 2.2365645217053555e-07 5.6818745011622995e-06 1.455826376601225e-06 
40.955904999999916 2.384185791015625e-07 6.052465531469598e-06 1.904341903535426e-06 
41.05589499999997 1.2615925364802317e-07 6.066876827544375e-06 1.6720784341755014e-06 
41.15588500000003 1.0662402999400091e-07 4.540594928989785e-06 1.2296033811285221e-06 
41.255874999999925 2.0784849851325387e-07 1.022443278696794e-05 1.7647881246287917e-06 
41.355864999999994 1.2615925364802317e-07 7.958789863544842e-06 1.8008511304978614e-06 
41.455855000000064 2.0784849851325387e-07 5.302795313828965e-06 1.4185157189880496e-06 
41.555844999999955 1.7192608239479013e-07 6.431734281748226e-06 1.5177627909669785e-06 
41.65583500000002 4.76837158203125e-08 6.439571077792852e-06 1.6977425336556205e-06 
41.75582500000008 2.1851423716334533e-07 6.428950596654174e-06 1.8566473325765752e-06 
41.85581499999992 2.286830674797401e-07 4.918816683080313e-06 1.574984657397634e-06 
41.95580500000003 6.743495761743045e-08 4.539017975029025e-06 1.2291796338128354e-06 
42.05579500000011 3.015782985847835e-07 7.183504364942586e-06 1.4832187822092516e-06 
42.15578499999995 1.9073486328125e-07 3.0318179617342354e-06 1.0281458626663673e-06 
42.25577500000004 1.430511474609375e-07 6.05959847232375e-06 1.5819221940843445e-06 
42.35576499999992 1.9073486328125e-07 4.162772956330535e-06 1.2986849296666804e-06 
42.45575499999996 1.430511474609375e-07 3.403449552430566e-06 1.2069821740701663e-06 
42.55574500000007 3.015782985847835e-07 3.4079953798523854e-06 1.0836768561713308e-06 
42.65573499999994 2.477718554833714e-07 3.785830524968182e-06 1.13575643129885e-06 
42.75572499999999 4.76837158203125e-08 4.930516565994151e-06 1.3838260962315714e-06 
42.85571500000004 1.9073486328125e-07 8.328560926612003e-06 2.1135433659314222e-06 
42.95570499999995 2.697398304697218e-07 4.554766515345233e-06 1.34453169214854e-06 
43.05569500000001 1.430511474609375e-07 6.443685907101383e-06 1.7001282335883955e-06 
43.15568500000005 1.6518123698891423e-07 6.057623252673635e-06 1.3879868677989153e-06 
43.25567499999994 2.431401974483864e-07 7.578230856720775e-06 1.5156551857153957e-06 
43.35566500000004 2.2365645217053555e-07 7.192752933798741e-06 1.5794143898991408e-06 
43.45565500000008 2.5678466830894965e-07 3.793101375235886e-06 1.1379371818114178e-06 
43.55564499999997 2.1324805998800182e-07 4.544839831194123e-06 1.3416913456523217e-06 
43.655635000000046 2.5678466830894965e-07 3.792854068935696e-06 1.2584100500262994e-06 
43.75562499999989 3.504023183989303e-07 6.052441547592519e-06 1.4865515184332406e-06 
43.85561499999998 6.743495761743045e-08 5.678290017680209e-06 1.3517100506518125e-06 
43.95560500000008 3.198720899820027e-07 2.2698168726926486e-06 8.984222169521341e-07 
44.05559499999991 2.939421655163277e-07 4.540128211600979e-06 1.229478732395021e-06 
44.15558500000001 1.348699152348609e-07 5.3022684250679856e-06 1.5167266469906212e-06 
44.25557500000005 2.7804145311571603e-07 2.272480288021917e-06 8.994764417534006e-07 
44.355564999999935 1.9660499694908432e-07 4.545089258770393e-06 1.2308244777633578e-06 
44.45555499999997 2.697398304697218e-07 5.30388161266283e-06 1.3145598747161882e-06 
44.555545000000066 3.198720899820027e-07 3.7906485361501405e-06 1.1371969947472563e-06 
44.65553499999996 6.743495761743045e-08 4.917352049429481e-06 1.3803251230213337e-06 
44.75552499999999 1.0662402999400091e-07 1.136357406299825e-06 6.461603628164928e-07 
44.855515000000096 3.09025797768014e-07 4.167388044581998e-06 1.3005693673167338e-06 
44.95550499999993 1.9660499694908432e-07 7.569725318303436e-06 1.8538451292400833e-06 
45.055495 1.9660499694908432e-07 5.673976991802508e-06 1.548067254882245e-06 
45.15548500000012 2.7392209274950163e-07 3.7839322392500166e-06 1.254274608188811e-06 
45.25547499999994 6.743495761743045e-08 4.164993047355698e-06 1.2989593198954177e-06 
45.355465000000024 2.431401974483864e-07 3.407585268252878e-06 1.2091631696754267e-06 
45.455454999999944 1.5078914929239175e-07 2.2723342605906623e-06 8.994171975787683e-07 
45.55544499999997 2.3360154559928684e-07 3.4072610608636748e-06 1.208388155633491e-06 
45.655435 1.6518123698891423e-07 3.787659609920439e-06 1.1363048689940854e-06 
45.75542499999996 2.2365645217053555e-07 3.031631095906946e-06 1.028081435788208e-06 
45.855414999999994 6.743495761743045e-08 3.4137383304196815e-06 1.0855009528751486e-06 
45.95540500000003 0.0 3.408099372001728e-06 1.2085350793785588e-06 
46.05539499999999 2.3360154559928684e-07 2.642676234632148e-06 1.1007198472639223e-06 
46.15538500000002 0.0 1.895204163260262e-06 8.261075511671674e-07 
46.25537500000004 2.611744678045111e-07 3.4084711324093083e-06 1.0838288258221174e-06 
46.35536499999998 1.9073486328125e-07 3.0297742124479515e-06 1.0274514734872902e-06 
46.45535500000005 1.1680077279964342e-07 2.2719352675920726e-06 8.992616112708403e-07 
46.55534500000006 2.86102294921875e-07 2.2659257838803525e-06 8.968833170967743e-07 
46.655334999999994 1.348699152348609e-07 5.300514519164497e-06 1.5162504657823067e-06 
46.755325000000056 9.5367431640625e-08 4.547346115382732e-06 1.23143180814575e-06 
46.85531499999989 3.6314836053199334e-07 4.168206001654052e-06 1.1856311719242237e-06 
46.95530500000002 1.6518123698891423e-07 1.5134829710659974e-06 7.414558870191749e-07 
47.055295000000086 2.697398304697218e-07 1.8929986293420873e-06 9.841425219533021e-07 
47.155284999999914 3.2340669551493016e-07 1.890895995043498e-06 8.242290869638601e-07 
47.25527500000005 1.5078914929239175e-07 4.543140841517178e-06 1.2302948985288402e-06 
47.35526500000006 3.162979879718208e-07 2.6533264940114644e-06 9.671303831680005e-07 
47.45525499999994 1.348699152348609e-07 2.651304526502456e-06 9.663918288172104e-07 
47.55524499999995 1.784161275279017e-07 2.270221017357484e-06 8.985835111281181e-07 
47.65523500000008 2.1324805998800182e-07 4.5428965247694285e-06 1.230227298626416e-06 
47.75522499999991 1.9073486328125e-07 2.647839078487623e-06 9.651351370867732e-07 
47.85521499999997 6.743495761743045e-08 2.269460379023254e-06 8.982837795286799e-07 
47.955205000000106 3.6314836053199334e-07 2.2728919309992804e-06 1.0464702713228495e-06 
48.05519499999994 3.2340669551493016e-07 7.566249115509535e-07 5.296382527138697e-07 
48.15518499999998 2.1324805998800182e-07 3.02805765140933e-06 1.0268665566717523e-06 
48.255174999999944 3.371747880871523e-07 2.273044224488268e-06 8.99700897040542e-07 
48.35516499999995 2.939421655163277e-07 1.8905989815273752e-06 8.240974116797626e-07 
48.455155000000005 2.2365645217053555e-07 2.268192851178358e-06 8.977800977056886e-07 
48.555144999999975 1.5078914929239175e-07 1.1323814677182617e-06 6.439015859705416e-07 
48.65513499999998 1.5078914929239175e-07 3.028894583875836e-06 1.027154868761133e-06 
48.75512499999999 1.348699152348609e-07 1.5165290561550165e-06 7.429480343729203e-07 
48.855115 2.2365645217053555e-07 1.8933731691148508e-06 8.253062351866807e-07 
48.955104999999996 1.9073486328125e-07 1.8905278327084153e-06 8.240632038530843e-07 
49.055095 1.6518123698891423e-07 3.0316539920208477e-06 1.1599995015233398e-06 
49.155085000000014 2.1324805998800182e-07 1.5149117307819665e-06 7.42159895832325e-07 
49.255075000000026 1.5078914929239175e-07 1.8900279056619006e-06 8.238482864567086e-07 
49.355065000000025 1.784161275279017e-07 2.2691947067047457e-06 1.0453507823942987e-06 
49.455055 2.1324805998800182e-07 1.5133674957022148e-06 7.413987118075858e-07 
49.55504500000004 2.2365645217053555e-07 1.5142963843481247e-06 9.148614905858079e-07 
49.65503499999987 3.754619538312822e-07 1.8940621863666793e-06 8.256034116170815e-07 
49.75502500000003 2.611744678045111e-07 1.518034976395929e-06 7.436842169276225e-07 
49.855015000000066 1.5078914929239175e-07 3.4107935747914187e-06 1.3232058348587134e-06 
49.95500499999989 2.5231850729604634e-07 1.514794122768968e-06 7.420986436892113e-07 
50.054995000000055 3.3036247397782847e-07 1.8939612153371644e-06 8.255642059026298e-07 
50.15498500000005 1.5078914929239175e-07 2.2719571661759582e-06 8.992679474373313e-07 
50.254974999999924 2.431401974483864e-07 1.5169706871200467e-06 7.431618864790564e-07 
50.354965000000064 3.162979879718208e-07 1.1334605774741191e-06 6.445163588856505e-07 
50.45495500000008 3.2340669551493016e-07 1.1334676929683504e-06 6.445241743566584e-07 
50.55494499999993 3.162979879718208e-07 1.5125480798378727e-06 7.409944181480007e-07 
50.65493499999993 1.6518123698891423e-07 2.2676899358706456e-06 8.975792224615583e-07 
50.75492500000009 3.754619538312822e-07 1.5186418867133293e-06 7.439797987972458e-07 
50.85491499999992 3.504023183989303e-07 1.5145111608775538e-06 7.419562235545686e-07 
50.954904999999954 1.348699152348609e-07 1.1365219445179835e-06 6.462554707331459e-07 
51.05489500000012 3.4385216478958025e-07 1.5093507409789405e-06 7.394287550104503e-07 
51.15488499999994 2.2365645217053555e-07 1.5145563267090166e-06 7.419821876294532e-07 
51.25487499999996 1.1680077279964342e-07 1.8954297608458366e-06 9.841966140965525e-07 
51.354864999999975 1.1680077279964342e-07 1.1360263113483523e-06 6.459742557159391e-07 
51.45485499999996 2.0230487285229132e-07 1.5167334832052645e-06 7.430456925463412e-07 
51.55484499999999 1.784161275279017e-07 2.65020695493894e-06 9.659966996485292e-07 
51.65483499999999 2.0230487285229132e-07 7.580847309620508e-07 5.30659684209499e-07 
51.75482499999999 2.1324805998800182e-07 1.516742334171067e-06 7.430500858690262e-07 
51.854814999999974 1.784161275279017e-07 1.5176761243475854e-06 7.435075895307993e-07 
51.954805000000015 1.6518123698891423e-07 1.8954031827051964e-06 8.261885784853874e-07 
52.054795000000006 2.0230487285229132e-07 1.137896588102002e-06 6.470365961548715e-07 
52.15478499999999 2.1324805998800182e-07 1.8950237920245127e-06 8.260228428494771e-07 
52.254775 2.3360154559928684e-07 2.2694836126549707e-06 8.98293324561757e-07 
52.354765000000036 9.5367431640625e-08 1.5144123074589723e-06 7.419099990604783e-07 
52.45475500000002 1.6518123698891423e-07 2.651992559550928e-06 9.666444682223526e-07 
52.55474500000004 9.5367431640625e-08 2.64954838839237e-06 9.65753374766947e-07 
52.65473500000005 1.348699152348609e-07 2.27464244189011e-06 9.003310475376964e-07 
52.75472499999987 3.015782985847835e-07 7.575998516823592e-07 5.303224523053884e-07 
52.85471500000005 2.939421655163277e-07 7.575340976152219e-07 5.302739476855024e-07 
52.954705000000075 3.504023183989303e-07 7.568474907824786e-07 5.297953313832257e-07 
53.054694999999896 3.8738433859996607e-07 3.7926104961412024e-07 3.7735997974992005e-07 
53.15468500000008 3.162979879718208e-07 2.2695915391124806e-06 8.983374048888644e-07 
53.25467500000006 3.504023183989303e-07 7.550509762546681e-07 5.285359187603964e-07 
53.35466499999991 1.6518123698891423e-07 1.5129105051918905e-06 7.411735892507041e-07 
53.454654999999896 3.4385216478958025e-07 7.593948063692627e-07 5.315764100564349e-07 
53.55464500000008 2.939421655163277e-07 7.551064731323238e-07 5.285757537618588e-07 
53.65463499999994 2.86102294921875e-07 2.2707315409828854e-06 8.987887502415375e-07 
53.754624999999926 2.2365645217053555e-07 1.1373295573190897e-06 6.467148557594314e-07 
53.8546150000001 3.3036247397782847e-07 0.0 0.0 
53.95460499999993 3.162979879718208e-07 3.7950714920008556e-07 3.7760484574623274e-07 
54.054594999999935 3.4385216478958025e-07 1.1358262745039924e-06 6.45860281266912e-07 
54.15458500000013 4.3702847432669067e-07 1.1344300891633362e-06 8.375512627553688e-07 
54.25457499999995 2.5231850729604634e-07 1.1368872242228782e-06 6.464692646534883e-07 
54.35456499999996 1.348699152348609e-07 7.530317510759233e-07 5.271231242367904e-07 
54.45455499999999 0.0 1.1365240873577146e-06 6.462568939521404e-07 
54.55454499999997 2.0230487285229132e-07 7.55192243558439e-07 5.286348612491318e-07 
54.65453499999994 3.4385216478958025e-07 3.7868088723668085e-07 3.7678272547288606e-07 
54.75452500000002 0.0 7.586612470465947e-07 5.310668451874672e-07 
54.85451499999999 1.1680077279964342e-07 1.8937796586794315e-06 8.254819248299145e-07 
54.95450499999997 2.697398304697218e-07 7.584036313259459e-07 5.308838859527304e-07 
55.054495000000045 1.784161275279017e-07 1.1347654823548006e-06 6.452580068074275e-07 
55.154485000000015 2.2365645217053555e-07 3.78614941680586e-07 3.767171104730387e-07 
55.254474999999985 1.348699152348609e-07 3.7765560120574037e-07 3.7576257875265935e-07 
55.35446500000003 2.3360154559928684e-07 3.791431501374323e-07 3.772426712517742e-07 
55.454455000000046 3.162979879718208e-07 1.1353301231025855e-06 6.455788698686499e-07 
55.554445000000015 1.1680077279964342e-07 1.1349670927994185e-06 6.453717732945318e-07 
55.654435000000056 3.2340669551493016e-07 7.596791692507111e-07 5.317755605039046e-07 
55.754425000000055 2.431401974483864e-07 7.561427314368288e-07 5.293072824865077e-07 
55.854414999999875 3.504023183989303e-07 1.1354826803736947e-06 6.456645726578444e-07 
55.95440500000008 3.2340669551493016e-07 1.13512741881701e-06 6.454616852903067e-07 
56.054395000000085 1.6518123698891423e-07 1.5144550892981244e-06 7.41928710812444e-07 
56.154384999999905 4.1569699702650775e-07 1.135396425743698e-06 6.456192043297912e-07 
56.25437500000011 3.8738433859996607e-07 3.7950714920005867e-07 3.77604845746206e-07 
56.35436500000008 3.3036247397782847e-07 7.568686429258696e-07 5.298089983871158e-07 
56.454354999999914 2.7804145311571603e-07 2.268579836597813e-06 8.979355953238235e-07 
56.554344999999884 2.611744678045111e-07 7.592326481314288e-07 5.314667525429577e-07 
56.65433500000009 3.371747880871523e-07 0.0 0.0 
56.75432499999991 1.348699152348609e-07 7.562432281836795e-07 5.293706403888237e-07 
56.854314999999914 2.697398304697218e-07 2.6546264455313536e-06 1.1077018068921866e-06 
56.95430500000012 3.09025797768014e-07 3.8105580385247664e-07 3.791457376697786e-07 
57.05429499999993 2.86102294921875e-07 3.7912877716695786e-07 3.772283703267182e-07 
57.15428499999993 2.7804145311571603e-07 3.7912446548834596e-07 3.772240802606665e-07 
57.254274999999986 9.5367431640625e-08 7.590824033143831e-07 5.313578300268934e-07 
57.35426499999995 2.1324805998800182e-07 7.558650402982006e-07 5.291065866984135e-07 
57.45425499999996 1.5078914929239175e-07 1.1349134470470003e-06 6.453406438216002e-07 
57.554245000000016 1.5078914929239175e-07 1.1357003466319158e-06 6.457895734262284e-07 
57.65423499999998 2.1324805998800182e-07 1.1349900911466401e-06 6.45385714555532e-07 
57.754224999999934 3.504023183989303e-07 3.7954171505378235e-07 3.7763923833641393e-07 
57.85421500000004 2.1324805998800182e-07 1.1353581315645532e-06 6.455933511217818e-07 
57.954204999999995 2.431401974483864e-07 3.7941644378215574e-07 3.775145949949151e-07 
58.05419499999996 1.348699152348609e-07 3.8011440679615266e-07 3.7820905942540713e-07 
58.15418500000007 3.568322550558034e-07 3.801707594295795e-07 3.7826512958771463e-07 
58.254175000000025 6.743495761743045e-08 7.604340663743967e-07 5.323038630467334e-07 
58.35416499999999 1.784161275279017e-07 1.137355549737292e-06 6.467321893749577e-07 
58.45415500000006 3.162979879718208e-07 3.7838144981310493e-07 3.764847889982284e-07 
58.55414500000004 2.2365645217053555e-07 7.59604304285933e-07 5.317232066943888e-07 
58.654134999999854 4.1569699702650775e-07 3.78614941680586e-07 3.767171104730387e-07 
58.75412500000009 3.504023183989303e-07 7.572863499324633e-07 5.301006456019906e-07 
58.85411500000007 2.431401974483864e-07 1.1365454972108388e-06 6.462686133155701e-07 
58.954104999999885 4.523674478771752e-07 3.7930132476742334e-07 3.774000530214843e-07 
59.0540950000001 3.814697265625e-07 0.0 0.0 
59.15408500000006 3.8738433859996607e-07 1.5122947641722088e-06 7.408742622749639e-07 
59.2540749999999 3.015782985847835e-07 1.5136648719100274e-06 7.415512131631342e-07 
59.35406499999986 4.720447033220132e-07 3.7951434990039416e-07 3.7761201035257814e-07 
59.45405500000009 2.939421655163277e-07 7.555024182076566e-07 5.288517180018288e-07 
59.554044999999924 2.3360154559928684e-07 3.801707594295524e-07 3.7826512958768774e-07 
59.65403499999988 3.6314836053199334e-07 1.51792424005158e-06 7.43630730036636e-07 
59.75402500000011 2.1324805998800182e-07 1.1351296034427603e-06 6.454623087087772e-07 
59.85401499999991 2.5231850729604634e-07 7.599073960068727e-07 5.31937460630964e-07 
59.95400499999991 3.3036247397782847e-07 0.0 0.0 
60.05399500000013 3.4385216478958025e-07 7.572826685455447e-07 5.301018735989347e-07 
60.15398499999994 9.5367431640625e-08 7.569036202356217e-07 5.29832676863236e-07 
60.25397499999992 2.1324805998800182e-07 7.55957035615536e-07 5.291732316433373e-07 
60.35396500000001 1.5078914929239175e-07 1.1403751571732529e-06 6.484465005177505e-07 
60.45395499999996 3.4385216478958025e-07 2.649815988653832e-06 9.658488882763807e-07 
60.55394499999995 3.015782985847835e-07 1.5118821398712593e-06 7.406685449251076e-07 
60.65393500000004 2.0230487285229132e-07 7.610907049975727e-07 5.327644773753545e-07 
60.75392499999999 1.9073486328125e-07 3.756935586271075e-07 3.7381037103585136e-07 
60.85391499999994 1.6518123698891423e-07 0.0 0.0 
60.953905000000056 1.348699152348609e-07 7.573936590497446e-07 5.301792671198574e-07 
61.053895000000004 2.611744678045111e-07 1.5160053137218452e-06 7.426883247470184e-07 
61.153884999999946 1.5078914929239175e-07 3.799642147498553e-07 3.7805962022618785e-07 
61.25387500000005 2.611744678045111e-07 7.564870323131388e-07 5.295471701680203e-07 
61.353865000000035 2.0230487285229132e-07 7.584680329961203e-07 5.309283449534325e-07 
61.453854999999976 2.3360154559928684e-07 1.137069433079336e-06 6.465664995160835e-07 
61.55384500000008 3.8738433859996607e-07 1.1340287320038234e-06 8.386642197709948e-07 
61.65383500000005 6.743495761743045e-08 1.1346653558644042e-06 6.452060924891188e-07 
61.75382499999985 3.568322550558034e-07 3.7774546656381093e-07 3.758519936549706e-07 
61.8538150000001 2.431401974483864e-07 2.653297067789124e-06 9.671217739765148e-07 
61.95380500000008 2.431401974483864e-07 2.273163981845414e-06 8.997490246966995e-07 
62.05379499999988 4.2113117534293403e-07 1.5117644978966804e-06 7.406118727606752e-07 
62.153785000000134 4.0460974570458265e-07 0.0 0.0 
62.253775000000076 3.015782985847835e-07 1.1345641772290403e-06 6.451432305717614e-07 
62.3537649999999 3.8738433859996607e-07 7.568861103768085e-07 5.298203039288409e-07 
62.45375500000014 3.693564745147149e-07 7.597864603943485e-07 5.318508504209871e-07 
62.55374500000009 2.431401974483864e-07 1.514113852857568e-06 7.417651505179645e-07 
62.65373499999993 2.2365645217053555e-07 1.5169159503114454e-06 7.431357815242686e-07 
62.75372499999987 4.76837158203125e-07 7.566241329532591e-07 5.296394739629026e-07 
62.85371500000012 4.6231077741778654e-07 3.8105580385247664e-07 3.791457376697786e-07 
62.95370499999992 3.8738433859996607e-07 1.5177311718551136e-06 7.435357430792096e-07 
63.05369499999989 3.6314836053199334e-07 1.8955982779523053e-06 8.262745243194456e-07 
63.15368500000015 4.422005889652111e-07 7.578680541222918e-07 5.305080765707047e-07 
63.25367499999995 1.1680077279964342e-07 1.5141819365645487e-06 7.417957704768709e-07 
63.35366499999991 2.3360154559928684e-07 3.7988627722126453e-07 3.779820733643609e-07 
63.45365500000003 9.5367431640625e-08 1.1347925183617677e-06 8.377796299541986e-07 
63.55364499999997 1.1680077279964342e-07 3.777697232739336e-07 3.758761287768083e-07 
63.6536349999999 2.697398304697218e-07 1.1381102744406943e-06 6.471579018084612e-07 
63.753625000000056 2.0230487285229132e-07 1.1334799950941843e-06 6.445293124056043e-07 
63.85361499999999 2.0230487285229132e-07 1.1351137079108546e-06 6.45457411325123e-07 
63.95360499999993 4.0460974570458265e-07 1.5156157218085701e-06 7.424984451347363e-07 
64.05359500000007 3.568322550558034e-07 1.1365928913597031e-06 6.46295153354849e-07 
64.153585 3.015782985847835e-07 1.135828058259378e-06 6.458618163087992e-07 
64.25357499999994 9.5367431640625e-08 7.568258944794667e-07 7.530322570840499e-07 
64.35356500000007 2.1324805998800182e-07 2.2771699389291956e-06 9.013317106266408e-07 
64.45355500000004 1.348699152348609e-07 1.5168827084483032e-06 7.431198161824131e-07 
64.55354499999997 1.9073486328125e-07 1.5151972570464765e-06 7.422943270199126e-07 
64.6535350000001 2.1324805998800182e-07 1.511742849802988e-06 7.406088668928899e-07 
64.75352500000007 2.697398304697218e-07 1.892779248262657e-06 8.250446101740414e-07 
64.85351499999986 3.4385216478958025e-07 1.1388258118544508e-06 6.47568528210196e-07 
64.95350500000012 2.86102294921875e-07 7.5755920519515e-07 5.302917802366992e-07 
65.0534950000001 1.348699152348609e-07 2.2646283104003496e-06 8.963678566822961e-07 
65.15348499999989 3.4385216478958025e-07 1.8947432928359236e-06 8.259070168754894e-07 
65.25347500000015 5.394796609394436e-07 1.1357653594725796e-06 6.458258509722659e-07 
65.35346500000009 3.693564745147149e-07 2.27456941992481e-06 9.003064449340614e-07 
65.4534549999999 0.0 1.137661173061065e-06 6.46902445728827e-07 
65.55344499999984 5.135693366178993e-07 1.1396529441138413e-06 6.48037443307942e-07 
65.6534350000001 4.3702847432669067e-07 1.1306161865739767e-06 6.428961127452598e-07 
65.7534249999999 4.1569699702650775e-07 1.1371422045328223e-06 6.466064733394993e-07 
65.85341499999987 5.309833872633e-07 3.028391596961394e-06 1.0269795636237925e-06 
65.95340500000013 4.76837158203125e-07 1.5168203514468777e-06 7.430880360590478e-07 
66.05339499999992 3.9320999389816863e-07 1.514471831311811e-06 7.419378928218896e-07 
66.15338499999989 4.672030911985737e-07 1.1368541897663304e-06 6.464441630273141e-07 
66.25337500000016 5.223489356090222e-07 3.8006240380668407e-07 3.781573171041939e-07 
66.35336499999995 9.5367431640625e-08 1.1363727399648122e-06 6.46169371443296e-07 
66.45335499999992 1.348699152348609e-07 2.270983215574244e-06 8.988846730451129e-07 
66.55334500000005 1.9073486328125e-07 1.5160664898775482e-06 7.427214344741993e-07 
66.65333499999998 2.86102294921875e-07 2.2731997798367634e-06 8.997601705456311e-07 
66.7533249999999 4.473129043410711e-07 1.5163235997617742e-06 7.428459203232917e-07 
66.85331500000008 3.162979879718208e-07 2.6438283370809905e-06 9.636685344307726e-07 
66.953305 1.348699152348609e-07 2.27339227041501e-06 8.998369943117229e-07 
67.05329499999992 3.693564745147149e-07 1.8935197638332633e-06 9.849519391962126e-07 
67.15328500000011 4.1569699702650775e-07 1.8854585723986332e-06 8.218546258997436e-07 
67.25327500000002 1.6518123698891423e-07 2.2758690856547023e-06 9.008169001782819e-07 
67.35326499999995 3.568322550558034e-07 4.164381867257738e-06 1.1845457070172362e-06 
67.4532550000001 2.5231850729604634e-07 1.89786786574963e-06 8.272675584628665e-07 
67.55324500000005 2.3360154559928684e-07 1.1315914577750243e-06 6.434515621360916e-07 
67.65323499999984 3.162979879718208e-07 3.7718415306146603e-07 3.7529349377185913e-07 
67.75322500000011 4.955437109667428e-07 2.650830578471965e-06 9.662175399959377e-07 
67.85321500000008 4.3702847432669067e-07 1.1363495672856127e-06 6.461586477227304e-07 
67.95320499999987 4.955437109667428e-07 1.1384396298087378e-06 6.473442531224926e-07 
68.05319500000014 3.9320999389816863e-07 3.0307089087760077e-06 1.1594506283755997e-06 
68.15318500000011 4.955437109667428e-07 1.890731822001535e-06 8.241562681030814e-07 
68.25317499999989 4.862803948967728e-07 3.7937989073371644e-06 1.1381432864993571e-06 
68.35316500000017 3.9320999389816863e-07 1.891465628419819e-06 8.244735210813279e-07 
68.4531550000001 4.76837158203125e-07 1.1342946667100868e-06 6.449906073783946e-07 
68.55314499999992 4.1569699702650775e-07 2.273023800985425e-06 1.0470487896600004e-06 
68.65313499999984 5.478441854990033e-07 1.5140014807317421e-06 7.417066477678298e-07 
68.75312500000013 4.76837158203125e-07 1.5131590756233473e-06 7.412988968522085e-07 
68.8531149999999 2.3360154559928684e-07 3.0292613922475933e-06 1.027285045810717e-06 
68.95310499999987 3.4385216478958025e-07 7.571499868328174e-07 5.300066556526119e-07 
69.05309500000016 3.693564745147149e-07 2.648848753685816e-06 1.103852391778647e-06 
69.15308499999993 4.473129043410711e-07 2.271856593492252e-06 1.0464245923210241e-06 
69.25307499999988 1.6518123698891423e-07 2.272216556368874e-06 8.993708889225459e-07 
69.35306500000003 1.348699152348609e-07 1.5142967034511235e-06 7.418516626346407e-07 
69.45305499999996 3.015782985847835e-07 2.6528082642969314e-06 9.6694070360915e-07 
69.5530449999999 4.862803948967728e-07 2.268041835342542e-06 8.97722519548565e-07 
69.65303500000007 2.1324805998800182e-07 1.5146397220676796e-06 7.420216495345786e-07 
69.753025 2.86102294921875e-07 1.1361556871664918e-06 6.460550266637049e-07 
69.8530149999999 2.1324805998800182e-07 2.2722206309009255e-06 8.993736604220682e-07 
69.95300500000009 1.9073486328125e-07 3.7972761444836366e-07 3.77824205898588e-07 
70.05299500000001 3.568322550558034e-07 2.6472669233135394e-06 9.649240250647799e-07 
70.15298499999992 3.4385216478958025e-07 1.8998704910043068e-06 8.281360810384208e-07 
70.25297500000009 4.3702847432669067e-07 1.1389403609425163e-06 6.476292345154502e-07 
70.35296500000003 9.5367431640625e-08 1.517922376588424e-06 9.167976853724903e-07 
70.45295499999995 9.5367431640625e-08 2.2691524356882187e-06 8.98163298344012e-07 
70.55294500000012 5.223489356090222e-07 2.2745463052961292e-06 9.002930258555019e-07 
70.65293500000006 3.4385216478958025e-07 1.8952054493117018e-06 8.261081054458917e-07 
70.75292499999983 3.693564745147149e-07 2.6512350847396354e-06 9.663697901517117e-07 
70.85291500000014 5.309833872633e-07 2.2695883180077766e-06 1.04522664022313e-06 
70.95290500000009 3.4385216478958025e-07 3.030656388388468e-06 1.0277479774023853e-06 
71.05289499999986 4.0460974570458265e-07 1.5176046854871617e-06 7.434774980775597e-07 
71.15288500000017 5.478441854990033e-07 1.8978373623242453e-06 8.272528847118922e-07 
71.25287500000007 1.9073486328125e-07 4.546166328152244e-06 1.3433280672967152e-06 
71.3528649999999 4.76837158203125e-07 3.4097675973700416e-06 1.210245945156097e-06 
71.45285499999981 5.878843310326554e-07 1.886667106536616e-06 8.223854795650145e-07 
71.5528450000001 4.473129043410711e-07 1.133894048734175e-06 6.447597287363341e-07 
71.65283499999993 1.6518123698891423e-07 3.4136674171509204e-06 1.085482849255262e-06 
71.75282499999983 5.309833872633e-07 3.7863349961608774e-06 1.3660697535544108e-06 
71.85281500000013 5.046370145920927e-07 2.272822392957264e-06 8.996141132335806e-07 
71.95280499999991 2.697398304697218e-07 3.027266298023005e-06 1.0266004354729028e-06 
72.05279499999986 4.76837158203125e-07 2.268571916906244e-06 8.979289999329336e-07 
72.15278500000016 5.800974397943706e-07 1.890729221950916e-06 8.241509414644263e-07 
72.25277499999994 1.6518123698891423e-07 1.5193355861142755e-06 7.443222523726113e-07 
72.35276499999988 4.862803948967728e-07 3.410404394112658e-06 1.0844463899626167e-06 
72.45275500000007 2.3360154559928684e-07 2.650637976195851e-06 9.66153965524695e-07 
72.55274499999997 3.814697265625e-07 3.7904790677151067e-06 1.137149503514795e-06 
72.65273499999991 1.9073486328125e-07 3.7912330181644044e-06 1.1373729954310477e-06 
72.75272500000008 4.573661349594802e-07 4.53688805379205e-06 1.4417362404874487e-06 
72.852715 2.5231850729604634e-07 2.6368376800369635e-06 1.098199035184886e-06 
72.95270499999991 5.309833872633e-07 2.6499943724273315e-06 9.659137731622767e-07 
73.0526950000001 1.9073486328125e-07 3.02636897110646e-06 1.0262974537498482e-06 
73.152685 3.162979879718208e-07 1.1331078936217628e-06 6.443161510992529e-07 
73.25267499999991 5.046370145920927e-07 2.650153251272598e-06 9.659758314865241e-07 
73.3526650000001 9.5367431640625e-08 3.0286988659691348e-06 1.1582405471017371e-06 
73.45265500000004 2.86102294921875e-07 4.918143160034052e-06 1.2723103229445347e-06 
73.55264499999994 9.5367431640625e-08 2.649758650564826e-06 9.65827148436704e-07 
73.65263500000013 5.046370145920927e-07 1.136806977155987e-06 6.464182073631134e-07 
73.75262500000007 2.3360154559928684e-07 2.2706759541687594e-06 8.987652971132743e-07 
73.85261499999984 5.478441854990033e-07 3.029048519502434e-06 1.0272079917211295e-06 
73.95260500000016 3.9320999389816863e-07 7.550395543872886e-07 5.285279158960758e-07 
74.0525950000001 3.9320999389816863e-07 4.164131136278854e-06 1.2997081159983274e-06 
74.15258499999987 3.568322550558034e-07 4.545011991502389e-06 1.2308035713427772e-06 
74.25257500000019 4.955437109667428e-07 4.545496732634869e-06 1.3428326302999687e-06 
74.35256500000008 4.1569699702650775e-07 2.2738474590366554e-06 9.00017481493071e-07 
74.4525549999999 3.162979879718208e-07 3.0231070996136054e-06 1.0251902485914091e-06 
74.55254500000021 5.135693366178993e-07 3.79106745155932e-06 1.1373237471898501e-06 
74.65253500000011 4.672030911985737e-07 3.031789676710311e-06 1.1598259192901884e-06 
74.75252499999989 3.4385216478958025e-07 4.16639049086775e-06 1.3009990801787455e-06 
74.85251499999983 6.325959759436416e-07 2.2739446057343592e-06 9.000555177935505e-07 
74.95250500000014 4.0460974570458265e-07 3.0341557522463406e-06 1.0289367357030822e-06 
75.05249499999992 4.955437109667428e-07 1.8928603178706133e-06 9.846372186093381e-07 
75.15248499999986 5.046370145920927e-07 3.0308490395352155e-06 1.276566985587396e-06 
75.25247500000017 5.642013342952362e-07 6.059316954799399e-06 1.388367801594984e-06 
75.35246499999995 2.86102294921875e-07 3.7852006692312467e-06 1.2552463046818422e-06 
75.45245499999989 3.4385216478958025e-07 3.0275737593991717e-06 1.1577189152974691e-06 
75.55244500000008 3.3036247397782847e-07 3.0332160848761513e-06 1.0286205487969163e-06 
75.65243499999998 1.6518123698891423e-07 4.926741194768466e-06 1.4835948059592605e-06 
75.75242499999987 3.3036247397782847e-07 3.7926786361202496e-06 1.2584582745847102e-06 
75.85241500000011 4.0460974570458265e-07 2.65114840516859e-06 9.663366479375956e-07 
75.952405 2.3360154559928684e-07 2.2750792609700994e-06 1.0467699123554824e-06 
76.05239499999989 4.473129043410711e-07 3.028304291606536e-06 1.0269502413168296e-06 
76.15238500000012 3.162979879718208e-07 3.0280862934782556e-06 1.0268815295392744e-06 
76.25237500000001 1.6518123698891423e-07 4.920062744811122e-06 1.3808409499939133e-06 
76.35236499999992 9.5367431640625e-08 5.296390508745613e-06 1.312713063097058e-06 
76.45235500000013 4.573661349594802e-07 3.399324945527502e-06 1.0809263671059225e-06 
76.55234500000005 1.9073486328125e-07 4.917896012988584e-06 1.5739869413965053e-06 
76.65233499999982 5.878843310326554e-07 5.307222957722023e-06 1.3153888153873961e-06 
76.75232500000016 5.135693366178993e-07 1.8936762514020055e-06 8.254351779743793e-07 
76.85231500000008 3.015782985847835e-07 2.6445591086114353e-06 9.639329963976712e-07 
76.95230499999985 5.560829062314321e-07 2.2673062228810026e-06 8.974304397926583e-07 
77.05229500000017 6.03156597169567e-07 4.548317430708566e-06 1.2316977838698896e-06 
77.1522850000001 5.642013342952362e-07 4.921199011596423e-06 1.2730957415318154e-06 
77.25227499999988 2.697398304697218e-07 2.651602419048585e-06 9.665000298257101e-07 
77.3522650000002 5.135693366178993e-07 3.034350148433026e-06 1.029000848884464e-06 
77.45225500000011 3.4385216478958025e-07 3.413009146004625e-06 1.210490311828144e-06 
77.5522449999999 4.573661349594802e-07 4.5460595234865774e-06 1.2310863972218774e-06 
77.6522349999998 4.862803948967728e-07 4.928322682055575e-06 1.274938494091456e-06 
77.75222500000012 5.394796609394436e-07 4.1645378313108656e-06 1.3003743584574446e-06 
77.8522149999999 3.162979879718208e-07 4.9261786047763475e-06 1.382776801253125e-06 
77.95220499999984 4.2649611997600363e-07 3.3970477449737324e-06 1.0801998606637233e-06 
78.05219500000015 6.253660702039719e-07 3.404761982032079e-06 1.0826503319598323e-06 
78.15218499999993 3.693564745147149e-07 2.6528771392903547e-06 9.669635480407382e-07 
78.25217499999985 4.573661349594802e-07 4.546197976736331e-06 1.4460003198510235e-06 
78.35216500000006 3.015782985847835e-07 4.919363059337868e-06 1.3815543464937124e-06 
78.45215499999996 2.1324805998800182e-07 2.6548822346841624e-06 9.676958385744146e-07 
78.55214499999987 4.2649611997600363e-07 3.7880628265347245e-06 1.1364217766577355e-06 
78.65213500000009 4.2649611997600363e-07 4.542666140429602e-06 1.3424923589047829e-06 
78.75212499999999 9.5367431640625e-08 4.920594647648155e-06 1.3813419503897922e-06 
78.85211499999987 3.693564745147149e-07 4.923599623554293e-06 1.2737168848033138e-06 
78.95210500000012 4.473129043410711e-07 4.171839112290681e-06 1.3017752713518701e-06 
79.05209500000001 9.5367431640625e-08 6.442932655381554e-06 1.521718975752155e-06 
79.1520849999999 4.955437109667428e-07 4.16325602695277e-06 1.1842236746669719e-06 
79.25207500000012 5.394796609394436e-07 2.277120228816612e-06 1.0487335254822156e-06 
79.35206500000002 1.6518123698891423e-07 4.166019356546144e-06 1.1850124270556672e-06 
79.45205499999993 3.814697265625e-07 2.273733756026304e-06 8.999736266382511e-07 
79.55204500000015 5.560829062314321e-07 1.8917968188054827e-06 8.246180197341731e-07 
79.65203500000005 3.162979879718208e-07 4.5414594542204e-06 1.2298372251860414e-06 
79.75202499999983 4.473129043410711e-07 7.574689439536397e-06 1.6068399959810235e-06 
79.85201500000016 5.135693366178993e-07 3.406491013034736e-06 1.0831972992473852e-06 
79.95200500000009 4.473129043410711e-07 3.0308475598663107e-06 1.0278152416669936e-06 
80.05199499999986 4.3702847432669067e-07 4.163241239277923e-06 1.1842186932860114e-06 
80.1519850000002 6.18051595536028e-07 3.0311293379675468e-06 1.1601174947092807e-06 
80.25197500000009 3.4385216478958025e-07 4.540691945333718e-06 1.4429889502151217e-06 
80.3519649999999 4.76837158203125e-07 1.5166242219335964e-06 7.429917963689188e-07 
80.45195500000021 6.607249479556569e-07 4.926605416036796e-06 1.3827739863041064e-06 
80.55194500000012 5.223489356090222e-07 4.550939408366833e-06 1.2324039077835831e-06 
80.65193499999991 4.672030911985737e-07 4.543942848861777e-06 1.230511306930095e-06 
80.7519249999998 6.253660702039719e-07 6.0649388804883236e-06 1.6716597553741843e-06 
80.85191500000013 4.672030911985737e-07 1.8974130162721284e-06 8.270637446032747e-07 
80.95190499999991 4.2649611997600363e-07 3.0267960709479763e-06 1.0264395168862017e-06 
81.05189499999983 4.862803948967728e-07 6.4267903462626585e-06 1.4200753309688996e-06 
81.15188500000016 6.743495761743046e-07 6.055532837635219e-06 1.5808037600070956e-06 
81.25187499999994 3.4385216478958025e-07 4.157542255764393e-06 1.182598238747817e-06 
81.35186499999985 5.800974397943706e-07 5.300422191424043e-06 1.4194664716692377e-06 
81.45185500000008 2.3360154559928684e-07 4.5515384141263555e-06 1.3440270560099036e-06 
81.55184499999997 1.6518123698891423e-07 4.160192255786562e-06 1.40505465958433e-06 
81.65183499999988 3.568322550558034e-07 5.68940420897861e-06 1.5518602380612336e-06 
81.75182500000011 3.4385216478958025e-07 5.681622329239559e-06 1.453887483716785e-06 
81.851815 2.697398304697218e-07 6.434013985483732e-06 1.6112203448112124e-06 
81.95180499999988 4.1569699702650775e-07 5.302675780145165e-06 1.314265471134961e-06 
82.05179500000013 4.76837158203125e-07 3.781858814394197e-06 1.1345638833580708e-06 
82.151785 2.697398304697218e-07 4.15819714482414e-06 1.1827884926579349e-06 
82.25177499999991 3.3036247397782847e-07 6.438833973234161e-06 1.6115408801642636e-06 
82.35176500000013 5.309833872633e-07 3.0211110304244564e-06 1.024516797511731e-06 
82.45175500000003 9.5367431640625e-08 4.549809341989974e-06 1.2320994294097536e-06 
82.55174499999994 2.697398304697218e-07 3.782402560196402e-06 1.2537902432718438e-06 
82.65173500000016 6.468133910298603e-07 4.1676574682592245e-06 1.3016331235730465e-06 
82.75172500000006 5.394796609394436e-07 4.5454751882999404e-06 1.2309287959364266e-06 
82.85171499999986 3.9320999389816863e-07 4.920094390007063e-06 1.27281358587655e-06 
82.95170500000016 3.3036247397782847e-07 1.8948808084851226e-06 9.847269451222128e-07 
83.0516950000001 5.642013342952362e-07 6.43531978737393e-06 1.4219618577028306e-06 
83.15168499999989 5.394796609394436e-07 3.7881589656159337e-06 1.1364518020649063e-06 
83.25167500000019 5.223489356090222e-07 4.5423687736513345e-06 1.2300858484131115e-06 
83.35166500000008 2.86102294921875e-07 4.543447382650229e-06 1.2303767702266397e-06 
83.4516549999999 3.3036247397782847e-07 4.157011242997504e-06 1.1824499883965192e-06 
83.5516449999998 6.397441799640054e-07 3.412134531415107e-06 1.2098906547990032e-06 
83.65163500000011 4.862803948967728e-07 4.168495916714352e-06 1.1857170760034487e-06 
83.75162499999992 4.76837158203125e-07 3.784981061822792e-06 1.135505182430106e-06 
83.8516149999998 6.397441799640054e-07 4.927034693241936e-06 1.3824922646425336e-06 
83.95160500000014 5.800974397943706e-07 4.922365429203164e-06 1.3810260321647665e-06 
84.05159499999995 1.6518123698891423e-07 3.0299517261422742e-06 1.0275116013387447e-06 
84.15158499999983 6.18051595536028e-07 2.6520507016998476e-06 1.1052111363588559e-06 
84.25157500000017 4.862803948967728e-07 5.302737699972996e-06 1.5169344925083515e-06 
84.35156499999998 1.6518123698891423e-07 4.543904801975155e-06 1.341599829412161e-06 
84.45155499999986 4.573661349594802e-07 4.539765623947714e-06 1.3402220327362279e-06 
84.55154500000009 1.9073486328125e-07 4.535001262079467e-06 1.2280920895879463e-06 
84.65153500000001 2.86102294921875e-07 6.0644301695488295e-06 1.3895381374895513e-06 
84.75152499999986 6.03156597169567e-07 4.9277555102906435e-06 1.382952371080841e-06 
84.8515150000001 4.76837158203125e-07 4.921600987374651e-06 1.2731987712367682e-06 
84.95150500000004 3.9320999389816863e-07 6.81221588139523e-06 1.4539912187537548e-06 
85.05149499999989 4.573661349594802e-07 3.0288297400587015e-06 1.02713019043678e-06 
85.15148500000014 4.2649611997600363e-07 2.2672756797501564e-06 8.974188311258379e-07 
85.25147499999999 3.015782985847835e-07 2.271429481450553e-06 8.990587362153871e-07 
85.3514649999999 5.560829062314321e-07 1.895342676722333e-06 8.261624961356028e-07 
85.45145500000015 4.573661349594802e-07 2.6497833011099444e-06 9.65841499732913e-07 
85.551445 2.86102294921875e-07 7.572463634909076e-06 1.514500248123918e-06 
85.65143499999982 4.573661349594802e-07 3.02737585376827e-06 1.0266379721508495e-06 
85.75142500000018 5.878843310326554e-07 4.160361926700084e-06 1.1834002203696438e-06 
85.85141500000003 4.3702847432669067e-07 4.166497757494411e-06 1.3003742684052416e-06 
85.95140499999985 5.135693366178993e-07 2.653955196777014e-06 9.673585611725459e-07 
86.0513950000002 4.473129043410711e-07 4.161374189780091e-06 1.299810899869175e-06 
86.15138500000006 2.3360154559928684e-07 4.164756043934387e-06 1.299870977366117e-06 
86.25137499999988 3.693564745147149e-07 4.16858064757413e-06 1.3014308370191634e-06 
86.35136500000023 5.642013342952362e-07 5.303346041794524e-06 1.314431427464535e-06 
86.45135500000006 3.015782985847835e-07 3.7887675172811767e-06 1.1366331973712205e-06 
86.55134499999991 1.9073486328125e-07 5.299265291583372e-06 1.3134193329230425e-06 
86.65133499999982 4.573661349594802e-07 1.89374059572599e-06 8.254631796758524e-07 
86.75132500000007 5.135693366178993e-07 3.411053234351685e-06 1.210412106043462e-06 
86.8513149999999 5.135693366178993e-07 2.6575504400372034e-06 9.686687477761712e-07 
86.95130499999985 4.672030911985737e-07 7.577221259280767e-06 1.8561740900546969e-06 
87.0512950000001 1.9073486328125e-07 1.8967083851085922e-06 8.267620318307265e-07 
87.15128499999993 4.573661349594802e-07 4.534767000999302e-06 1.2280273120273713e-06 
87.25127499999988 5.800974397943706e-07 4.171280130053166e-06 1.1865039084985972e-06 
87.35126500000013 4.862803948967728e-07 4.922975109228433e-06 1.482734101134445e-06 
87.45125499999996 4.473129043410711e-07 3.783352399624642e-06 1.1350088640845497e-06 
87.55124499999991 1.6518123698891423e-07 5.683253688468342e-06 1.55103867799713e-06 
87.65123500000006 4.473129043410711e-07 5.28940168077163e-06 1.5121565472628448e-06 
87.75122499999999 1.9073486328125e-07 2.6524867180922308e-06 1.1044523032120732e-06 
87.85121499999993 0.0 4.922162615853874e-06 1.2733427641658296e-06 
87.95120500000006 9.5367431640625e-08 6.055398349640429e-06 1.3874737722352276e-06 
88.051195 2.3360154559928684e-07 4.927535430938688e-06 1.3824781038960103e-06 
88.15118499999996 4.473129043410711e-07 5.304409350423678e-06 1.4198516088301462e-06 
88.25117500000009 3.162979879718208e-07 4.168960280087772e-06 1.4078066404025285e-06 
88.35116500000002 2.3360154559928684e-07 4.925235565144792e-06 1.2741393061638273e-06 
88.45115499999999 2.1324805998800182e-07 1.5141717037957578e-06 7.417914321941537e-07 
88.55114500000009 2.697398304697218e-07 4.165373390475644e-06 1.5056662571616214e-06 
88.65113500000005 3.568322550558034e-07 4.918676256550732e-06 1.27244257384545e-06 
88.7511249999999 0.0 6.437724167861509e-06 1.6968321633107036e-06 
88.85111500000012 6.397441799640054e-07 3.027932029213295e-06 1.0268311647701838e-06 
88.95110500000008 4.672030911985737e-07 3.029481792901188e-06 1.0273504796932814e-06 
89.05109499999993 3.568322550558034e-07 4.159305171377019e-06 1.183112209436715e-06 
89.15108500000015 6.67572021484375e-07 4.9228455424937964e-06 1.3818222165886627e-06 
89.25107500000007 2.3360154559928684e-07 2.6527628212816744e-06 9.669228334974999e-07 
89.35106499999996 4.1569699702650775e-07 4.547771555887044e-06 1.231546192097774e-06 
89.45105499999976 7.448434520632414e-07 4.159702889089058e-06 1.499163131103165e-06 
89.5510450000001 2.3360154559928684e-07 5.300331310086876e-06 1.4181083524147e-06 
89.651035 2.86102294921875e-07 3.7914333601561977e-06 1.2584749721155704e-06 
89.75102499999977 7.509239076625644e-07 2.648972551376353e-06 9.655485250212708e-07 
89.85101500000013 4.862803948967728e-07 4.166659363357371e-06 1.1851926996066213e-06 
89.95100499999998 4.2649611997600363e-07 3.4103723831646724e-06 1.08443312989271e-06 
90.0509949999998 6.810596874754763e-07 3.781804017427218e-06 1.2540394644674065e-06 
90.15098500000016 6.106495129998063e-07 7.577134234704287e-06 1.855153155905558e-06 
90.25097500000004 2.5231850729604634e-07 4.544966724931439e-06 1.2307894272252525e-06 
90.35096499999983 4.76837158203125e-07 3.408836850417881e-06 1.0839506207686698e-06 
90.45095500000008 5.955694197080992e-07 4.921238294415547e-06 1.2731062069738278e-06 
90.55094500000004 4.862803948967728e-07 3.787521357743426e-06 1.1362654209124277e-06 
90.65093499999986 5.046370145920927e-07 3.4062026689357275e-06 1.0831075439248477e-06 
90.75092500000011 2.697398304697218e-07 3.025008061887492e-06 1.1562057035702394e-06 
90.85091500000007 3.568322550558034e-07 2.274778952184233e-06 9.003859797966969e-07 
90.95090499999986 3.015782985847835e-07 4.547276244663777e-06 1.3432928711594938e-06 
91.05089500000014 5.394796609394436e-07 2.6512948864484656e-06 1.1052812242316704e-06 
91.1508849999999 3.015782985847835e-07 4.926399937894943e-06 1.3826594956377388e-06 
91.2508749999999 5.7220458984375e-07 5.300151905674415e-06 1.4188416817701539e-06 
91.35086500000014 6.03156597169567e-07 4.170597077736516e-06 1.1863102831635558e-06 
91.45085499999993 4.672030911985737e-07 3.0284311338690556e-06 1.0269960205277437e-06 
91.55084499999992 5.223489356090222e-07 4.16516214157827e-06 1.1847649856990449e-06 
91.65083500000017 3.814697265625e-07 4.922793392710352e-06 1.2735067801554674e-06 
91.75082499999996 4.473129043410711e-07 4.162616738361605e-06 1.2993359387917828e-06 
91.85081499999984 4.2649611997600363e-07 3.4049031402308925e-06 1.2078323309997713e-06 
91.9508050000002 5.046370145920927e-07 3.4103827563323547e-06 1.0844357339034441e-06 
92.05079499999998 3.814697265625e-07 4.542462126574599e-06 1.2301111768535333e-06 
92.15078499999987 5.560829062314321e-07 4.164321332579563e-06 1.1845279612071734e-06 
92.25077500000023 5.223489356090222e-07 2.64727732056111e-06 9.649270750645589e-07 
92.350765 4.672030911985737e-07 2.653924489404106e-06 9.673478377770246e-07 
92.4507549999999 4.0460974570458265e-07 2.648007403188788e-06 9.651935439427484e-07 
92.55074500000026 7.62939453125e-07 4.17042794697135e-06 1.1862647598579899e-06 
92.65073500000003 3.814697265625e-07 2.64974330248732e-06 9.65830066388375e-07 
92.75072499999993 5.7220458984375e-07 2.6485935814689385e-06 1.10292263292437e-06 
92.8507149999999 3.015782985847835e-07 5.683357964489722e-06 1.4553712513877711e-06 
92.95070500000003 1.348699152348609e-07 3.410487683989073e-06 1.0844701235472986e-06 
93.05069499999992 1.348699152348609e-07 3.034708576831661e-06 1.029122694544804e-06 
93.15068499999992 5.223489356090222e-07 3.785446097773067e-06 1.1356403228427367e-06 
93.25067500000006 2.697398304697218e-07 4.161647223809295e-06 1.2976319339947508e-06 
93.35066499999995 4.2649611997600363e-07 1.8937647213961025e-06 8.254746200060683e-07 
93.45065499999993 1.9073486328125e-07 1.8955189094443598e-06 9.861070832785893e-07 
93.55064499999999 3.3036247397782847e-07 1.8946540854135122e-06 8.258645028401575e-07 
93.65063499999998 4.2649611997600363e-07 1.5146457669814038e-06 7.420243241216788e-07 
93.75062499999994 2.3360154559928684e-07 4.9227231304361e-06 1.4815675300480734e-06 
93.85061500000002 4.473129043410711e-07 3.405358870525232e-06 1.2070917922007696e-06 
93.950605 4.473129043410711e-07 3.7818040610148186e-06 1.1345488257776481e-06 
94.05059499999997 3.814697265625e-07 5.307162098618922e-06 1.3153748940063901e-06 
94.15058500000005 4.2649611997600363e-07 4.166332545605685e-06 1.3016123342296815e-06 
94.25057500000001 3.568322550558034e-07 3.02341178731498e-06 1.025297652883962e-06 
94.350565 2.3360154559928684e-07 2.6513527184601485e-06 9.664120719232367e-07 
94.45055500000004 2.3360154559928684e-07 3.7836461982194855e-06 1.2541277290330174e-06 
94.55054500000004 4.672030911985737e-07 3.7922938821935594e-06 1.1376936438355798e-06 
94.65053499999995 3.814697265625e-07 3.4068353771704807e-06 1.083308652480589e-06 
94.75052500000007 4.862803948967728e-07 3.78296506976425e-06 1.134897507035547e-06 
94.85051500000007 2.697398304697218e-07 3.7886588315317106e-06 1.1366011327858892e-06 
94.95050499999996 5.223489356090222e-07 3.030697956720841e-06 1.0277631244583513e-06 
95.0504950000001 5.560829062314321e-07 3.4068123447517566e-06 1.0833060441587685e-06 
95.1504850000001 4.473129043410711e-07 2.271490292621359e-06 8.990859503997922e-07 
95.250475 4.862803948967728e-07 3.407916113598071e-06 1.2088645197722113e-06 
95.35046500000011 2.3360154559928684e-07 4.159083145359561e-06 1.183039146559485e-06 
95.4504550000001 3.3036247397782847e-07 3.0263016237236675e-06 1.0262727711107985e-06 
95.55044500000002 2.697398304697218e-07 2.6514852113997764e-06 9.66457678203274e-07 
95.65043499999976 7.864199877963373e-07 5.304721597831074e-06 1.3147741083305446e-06 
95.75042500000012 5.878843310326554e-07 3.407793015274453e-06 1.2080094977136663e-06 
95.85041500000003 3.814697265625e-07 2.2732966037209495e-06 8.997998424233107e-07 
95.95040499999979 7.747686771999321e-07 4.160761691564982e-06 1.2981246086347273e-06 
96.05039500000015 3.568322550558034e-07 6.4329787944253994e-06 1.6095143935070263e-06 
96.15038500000006 1.348699152348609e-07 7.201164087387623e-06 1.6686052974422353e-06 
96.2503749999998 5.046370145920927e-07 3.027955705131789e-06 1.0268364177269638e-06 
96.35036500000018 4.473129043410711e-07 2.6525368777481553e-06 9.66842908288248e-07 
96.45035500000009 5.394796609394436e-07 1.8973982571417566e-06 9.86558766351138e-07 
96.55034499999984 3.015782985847835e-07 3.0292348096379497e-06 1.0272711516183717e-06 
96.65033500000013 6.325959759436416e-07 3.034651214599219e-06 1.02910327866277e-06 
96.75032500000012 4.473129043410711e-07 1.8974744872241136e-06 8.270907671210601e-07 
96.85031499999985 7.008046367978606e-07 2.6530290650709646e-06 9.670199866487407e-07 
96.95030500000013 4.672030911985737e-07 3.40883438706771e-06 1.0839431496223124e-06 
97.05029500000015 6.607249479556569e-07 4.5413891025421366e-06 1.2298234107807197e-06 
97.15028499999985 2.697398304697218e-07 2.271289195873397e-06 8.990056466872275e-07 
97.25027500000016 6.468133910298603e-07 3.4057955523966224e-06 1.208676852567781e-06 
97.3502649999999 6.18051595536028e-07 2.647314441540481e-06 1.1040170647402564e-06 
97.45025499999988 3.3036247397782847e-07 3.0285120598017024e-06 1.027023604417498e-06 
97.55024500000017 4.473129043410711e-07 1.8917256520280244e-06 8.245942989349244e-07 
97.6502349999999 6.325959759436416e-07 2.648838127406732e-06 9.654933786637778e-07 
97.75022499999983 6.468133910298603e-07 2.2684630340611536e-06 8.978909614909373e-07 
97.8502150000002 4.0460974570458265e-07 1.5153740748685017e-06 7.423791989345446e-07 
97.95020499999993 2.697398304697218e-07 1.8925784082977432e-06 8.249632292192305e-07 
98.05019499999986 7.008046367978606e-07 3.7862166510965006e-06 1.365428563782705e-06 
98.15018500000023 5.394796609394436e-07 3.407002397867785e-06 1.0833619025049447e-06 
98.25017499999994 4.672030911985737e-07 3.7902567546054265e-06 1.1370819245573565e-06 
98.35016499999989 5.394796609394436e-07 3.404462668149896e-06 1.0825538834551181e-06 
98.45015500000025 8.313939940530155e-07 3.0273858219361626e-06 1.0266387085291337e-06 
98.55014499999997 3.015782985847835e-07 1.5149607779956585e-06 7.42179980557712e-07 
98.6501349999999 2.697398304697218e-07 7.580459824280939e-07 5.306325735345378e-07 
98.75012499999991 2.3360154559928684e-07 1.8906389192734171e-06 9.813705686881613e-07 
98.85011499999999 4.2649611997600363e-07 3.403405493784144e-06 1.4242424407036905e-06 
98.95010499999991 1.348699152348609e-07 3.4053972717452107e-06 1.2079721150779157e-06 
99.05009499999994 4.672030911985737e-07 1.5153481287199702e-06 7.42367925707126e-07 
99.15008500000002 3.814697265625e-07 3.0299796642034104e-06 1.027518045838621e-06 
99.25007499999994 5.878843310326554e-07 3.4098544138941177e-06 1.0842672139873748e-06 
99.35006499999996 5.046370145920927e-07 1.134111718789381e-06 6.448865772321183e-07 
99.45005499999994 6.03156597169567e-07 7.547672188531293e-07 5.283371932205292e-07 
99.55004499999997 0.0 1.898266934508721e-06 8.274372012855519e-07 
99.65003499999999 4.473129043410711e-07 2.6472618188286615e-06 9.649228568301386e-07 
99.75002499999997 2.3360154559928684e-07 2.6460502045677647e-06 9.644776739806592e-07 
99.850015 3.814697265625e-07 3.0293199040398564e-06 1.0272958706478004e-06 
99.950005 3.814697265625e-07 7.566398109159292e-07 5.296478702551732e-07 
