0.01 100.0 0.0 1.0012371 0.0012308989584446253 257.4756890999999 254.13845725270411 1.1589862000000002 0.0019441747595314695 0.3356299999999999 0.0019193884410407757 0.40485061000000017 0.0013405550767415033 1.0675021999999998 0.0015154930589102796 0.3702403100000001 0.0016279296771477872 321.7786657 317.64483953714097 0.123372844 0.0009625641019551512 0.40046171999999985 0.2231034031169306 286.0396013 282.35127324295524 0.2619169599999998 0.11107292404481203 -0.12809610700000004 0.0006511728322453555 
0.02 100.0 0.0 1.0008228 0.0008186756632523648 137.1746204 134.90856319781585 1.1501954 0.00132869028309757 0.33439952 0.0014905171383434496 0.47226077000000005 0.000965760867177339 1.0595515000000004 0.0010160776680417122 0.4033301900000001 0.00122559080322031 171.4059873 168.61823934818491 0.12203448099999999 0.0008102756037469244 0.3808736100000001 0.14510482480426132 152.37427989999995 149.88263305071263 0.25145401999999994 0.0721498351950453 -0.12133212100000003 0.0004902359087770582 
0.03 100.0 0.0 1.0004662 0.0004638631431796241 64.73515420000001 63.009104911823066 1.1415163000000002 0.0007999731827340987 0.33303867000000004 0.001099694949434111 0.5394882000000001 0.0006754928707241369 1.0516856000000006 0.0005894345649746474 0.43626341999999996 0.0008840649816816215 80.85617450000001 78.75171035153649 0.12073377199999999 0.00064536912921537 0.3816826 0.07827217585930649 71.88557269999997 70.00145246240648 0.25120818 0.03881639846783415 -0.11450538600000003 0.0003536264405074362 
0.04 100.0 0.0 1.0002198 0.00021869823867700294 27.872532199999995 26.406143686145235 1.1330086000000001 0.0004254790481235655 0.33154957 0.0007741337860156348 0.60657522 0.0004604636614500113 1.0439580999999998 0.00029294469427966583 0.46906243000000003 0.0006120903874847968 34.77367320000002 33.00320208589386 0.11943119099999996 0.0004841633436932266 0.4162559199999998 0.036049836939910526 30.923200199999986 29.33612444821689 0.2678435700000001 0.017786534447953896 -0.10762494199999997 0.00024483404961405026 
0.05 100.0 0.0 1.0000806 8.019598744392871e-05 11.529881700000008 10.182846131726619 1.1246640000000008 0.00020144408649617752 0.32993999 0.0005244796174296631 0.6735531799999999 0.0003098495997708979 1.0363613 0.00012182131629819012 0.5017465700000002 0.0004091665082203041 14.33745230000001 12.72672246364834 0.11810693600000002 0.00034401220788651224 0.4807286599999999 0.014649175801110626 12.7575529 11.312632856869385 0.29941783 0.0071576799966617 -0.10069867000000006 0.00016366584424640815 
0.06 100.0 0.0 1.0000186 1.8506766367291542e-05 5.0016288 3.70982091856413 1.1164395000000003 8.909459851059014e-05 0.32822558 0.00034687994989083767 0.7404460199999999 0.00021249634302531476 1.0288598 4.2481285259692294e-05 0.5343357799999999 0.00026730137582263355 6.166644299999994 4.6366268085159446 0.11675375899999993 0.00023510724008488098 0.5663829499999997 0.0054223895862689185 5.4944289000000035 4.121416229900017 0.3415683700000001 0.0026011541001889553 -0.09373431799999998 0.00010691933070679249 
0.07 100.0 0.0 1.0 0.0 2.5724150000000003 1.3085158795857885 1.1082878000000003 4.40074038617059e-05 0.32642509999999997 0.00023064161484976416 0.80727219 0.0001580264558278272 1.0214139000000004 1.7613003347926874e-05 0.56684868 0.00017600684411909348 3.117765899999999 1.6354313037154085 0.11537251 0.00015958442498889672 0.6666768599999997 0.001878021827085484 2.7841618 1.4536962467304193 0.39102468000000007 0.0008711526318479051 -0.08673946399999996 7.040077123934236e-05 
0.08 100.0 0.0 1.0 0.0 1.704349200000001 0.4568654485941934 1.1001746 3.086532689222421e-05 0.32455698 0.0001627900789234193 0.8740474400000001 0.00013315849075109235 1.0139952000000003 1.4786804650279946e-05 0.5993022099999998 0.00012357094100925428 2.0189152999999993 0.5710161868385775 0.11396967999999998 0.00011358228812699667 0.7781986000000002 0.0006451762701734896 1.8072550999999997 0.5075605932590215 0.44608415 0.0002870904144600682 -0.07972087199999998 4.942626103798763e-05 
0.09 100.0 0.0 1.0 0.0 1.3976515000000003 0.16136430416033004 1.0920729000000005 2.4966495366846112e-05 0.32263442000000003 0.00013036241879969167 0.9407799599999999 0.00012587125321639122 1.0065796999999999 1.3998896656812178e-05 0.6317071400000001 9.983286135181564e-05 1.6205618999999996 0.2016885584713072 0.11255113 9.07397560668247e-05 0.89946948 0.00029393277887272565 1.4530059 0.17927362746171535 0.5060103200000001 0.0001402307768488503 -0.07268288099999999 3.9932658156176975e-05 
0.1 100.0 0.0 1.0 0.0 1.2866755999999997 0.05874706547927659 1.0839808999999996 2.2590748201238886e-05 0.32067323999999997 0.00011627071438617554 1.0074805999999996 0.0001251915987943877 0.9991687200000002 1.391387825566319e-05 0.6640772000000003 9.044615081912942e-05 1.4657119999999995 0.07343242951026485 0.11112627 8.027729050659792e-05 1.0299348999999998 0.0002555450447756504 1.3152025 0.06526991782289526 0.5705307599999998 0.00013363313072055314 -0.06563087700000002 3.617896275022637e-05 
0.11 100.0 0.0 1.0 0.0 1.2438902000000003 0.022386701261230886 1.0758947999999997 2.17552203378033e-05 0.31868356000000003 0.00011013871736854 1.0741573999999998 0.00012683450793309675 0.9917602699999994 1.4096424534691381e-05 0.6964206900000002 8.706999105118777e-05 1.3949757000000003 0.027986327153184703 0.10970136000000003 7.532960974249167e-05 1.1693948000000003 0.0002746721128798275 1.2521681999999996 0.024874586300230386 0.63954808 0.00014437471017547275 -0.05856826299999999 3.4829734872928794e-05 
0.12 100.0 0.0 1.0 0.0 1.2256999999999996 0.009042864915501376 1.0678142 2.1561159741203164e-05 0.31667162000000004 0.00010711725423863043 1.1408142999999997 0.00012929201485925853 0.9843539899999998 1.4375190441572131e-05 0.72874278 8.601181613227264e-05 1.3538674000000006 0.011307548619058689 0.10828035 7.25982911300662e-05 1.3177765999999997 0.00029880750392285353 1.2154691000000002 0.01004975044177208 0.7130281899999997 0.00015569107214226068 -0.051497127000000004 3.440694313230808e-05 
0.13 100.0 0.0 1.0 0.0 1.2171416999999998 0.003911424691990641 1.0597383000000002 2.148118005241574e-05 0.31464121999999983 0.00010528217188810333 1.2074527000000002 0.0001323293508717035 0.97694975 1.4701097807361696e-05 0.76104691 8.587295627870427e-05 1.3236887 0.0048934987128951175 0.10686540999999998 7.073138496512438e-05 1.4750503000000008 0.00032383734973429415 1.1884862 0.004348739655991591 0.7909578799999997 0.00016728767875212573 -0.044418753 3.4349941817975895e-05 
0.14 100.0 0.0 1.0 0.0 1.2129737999999997 0.0018264074396491512 1.0516662 2.1518726637266202e-05 0.3125950899999999 0.00010393385790819084 1.2740752 0.0001353860022712543 0.9695472500000001 1.5048962480381079e-05 0.79333495 8.613726182272457e-05 1.2978849999999997 0.0022871349041996584 0.10545806999999999 6.92358985715481e-05 1.6412036000000005 0.00034971475573843477 1.1653930000000006 0.0020322157390349938 0.87333078 0.00017946136441418574 -0.037333978000000025 3.445398367585775e-05 
0.15 100.0 0.0 1.0 0.0 1.2112861 0.0009278472061211178 1.0435977 2.1640635351909426e-05 0.3105347100000001 0.00010278262235709646 1.3406822999999997 0.00013881043586798494 0.9621464800000001 1.5415864934432196e-05 0.8256084099999998 8.661170948898425e-05 1.2740719999999999 0.0011640606341596573 0.10405900999999998 6.791512422944162e-05 1.8162267 0.0003767915087905449 1.1440700000000004 0.0010338692470473723 0.9601429900000003 0.00019228728479551041 -0.030243362000000006 3.464460364269114e-05 
0.16 100.0 0.0 1.0 0.0 1.2113493000000006 0.0005187197751077338 1.0355328000000001 2.1749979231300862e-05 0.3084614499999999 0.00010175306912132603 1.4072751 0.00014219532306634415 0.9547472200000002 1.5801402219888435e-05 0.8578682800000006 8.722974610172413e-05 1.2513392999999995 0.0006526008773481321 0.10266875999999998 6.66883334927409e-05 2.000112899999999 0.00040502632746118535 1.1237085999999998 0.0005790458534556883 1.0513906000000006 0.0002057886692461596 -0.023147304999999996 3.4891418841184475e-05 
0.17 100.0 0.0 1.0 0.0 1.2128652000000004 0.00032419005164685126 1.0274710999999999 2.1982217690370308e-05 0.30637605 0.00010078993439464648 1.4738545999999997 0.00014575550902499567 0.9473494899999999 1.6197867160868354e-05 0.8901153099999999 8.79521002446818e-05 1.2293136999999996 0.0004091431205641291 0.10128769800000004 6.553163237602106e-05 2.1928551999999994 0.0004344815411877987 1.1039776 0.000362294303569673 1.1470715999999999 0.00021994688993923718 -0.016046125000000005 3.517949278697359e-05 
0.18 100.0 0.0 1.0 0.0 1.2157007999999996 0.0002289436472460398 1.0194121999999999 2.222457218816487e-05 0.30427926000000005 9.987567133055385e-05 1.5404209999999994 0.00014947484744003543 0.9399532799999999 1.6605800916192028e-05 0.9223501499999994 8.875473553471248e-05 1.2078300999999998 0.0002893564754906015 0.09991586299999998 6.441929305220449e-05 2.3944480999999995 0.0004652601787625719 1.0847284000000006 0.00025551797271642274 1.2471816000000002 0.0002348350365539216 -0.0089400592 3.5503825390992806e-05 
0.19 100.0 0.0 1.0 0.0 1.2197871999999996 0.00018084502097960473 1.0113565000000002 2.241221755199328e-05 0.3021716200000001 9.900476430824221e-05 1.6069753000000002 0.00015324995624048151 0.9325583600000003 1.7026599612811334e-05 0.9545733200000004 8.964866183240432e-05 1.1868045999999992 0.0002282348098332946 0.09855349900000002 6.335708726703074e-05 2.6048840000000006 0.0004973095212757223 1.0658876000000002 0.00020102129835372872 1.3517186000000003 0.00025034292557471943 -0.00182932394 3.5860474699986146e-05 
0.2 100.0 0.0 1.0 0.0 1.2250881999999998 0.0001552639932613501 1.0033034000000003 2.2660194112679564e-05 0.30005368999999993 9.81820550802712e-05 1.6735169999999988 0.00015709936358908517 0.9251647899999997 1.7453648908639642e-05 0.9867853099999998 9.062212721991447e-05 1.1661902000000002 0.000195102946136235 0.09720058999999999 6.233376860907897e-05 2.8241595 0.0005306052087350992 1.0474143 0.00017138455325235055 1.4606796000000006 0.0002665174260261813 0.0052858952000000015 3.624697751329838e-05 
0.21 100.0 0.0 1.0 0.0 1.2315789000000001 0.00014035219233842633 0.9952534500000005 2.291344274316855e-05 0.2979258999999999 9.739398903434587e-05 1.7400469000000007 0.0001610691587012267 0.9177725600000004 1.7888892111441518e-05 1.0189857 9.168459574722884e-05 1.1459584999999994 0.0001752353489031725 0.09585719599999998 6.13479218874319e-05 3.0522661999999987 0.0005652234387210285 1.0292801999999999 0.00015366261615777036 1.5740619000000007 0.00028340912810824996 0.012405433999999993 3.666179799794186e-05 
0.22 100.0 0.0 1.0 0.0 1.2392409000000002 0.0001308179723773179 0.9872057200000001 2.3188739038804033e-05 0.29578858999999996 9.663741935475284e-05 1.8065651999999994 0.00016497487573506682 0.9103816 1.8335572013327926e-05 1.0511768999999995 9.279156164024616e-05 1.1260849 0.00016201385712156016 0.09452334299999998 6.039764272337864e-05 3.289200100000001 0.0006010816000191519 1.0114674000000001 0.00014186949073101995 1.6918614000000003 0.00030093484409478483 0.019529138000000005 3.710185520371511e-05 
0.23 100.0 0.0 1.0 0.0 1.2480589999999998 0.00012423497901892217 0.97916053 2.347765088601576e-05 0.29364216 9.591222311994288e-05 1.8730735999999988 0.00016908149055104124 0.9029918299999998 1.8785569343893236e-05 1.0833582999999998 9.390570321575493e-05 1.1065549000000001 0.00015222926756527504 0.093199024 5.948096322532129e-05 3.534955299999999 0.0006383441619675885 0.9939597599999999 0.00013322556372211199 1.8140775 0.00031920778107390635 0.02665687399999999 3.7568253875353076e-05 
0.24 100.0 0.0 1.0 0.0 1.2580234000000003 0.00011930349696463669 0.9711177899999994 2.3784681419153787e-05 0.29148701999999993 9.523435827698609e-05 1.9395706000000006 0.00017319883478383077 0.8956032700000002 1.9246853503919943e-05 1.1155281999999997 9.510808381258137e-05 1.0873525999999996 0.00014452803329377425 0.09188424199999995 5.859683597656198e-05 3.7895274999999997 0.0006769224087715376 0.97674497 0.00012638933061603718 1.9407060999999999 0.0003381344671839992 0.03378851400000001 3.8058608514158964e-05 
0.25 100.0 0.0 1.0 0.0 1.2691213000000001 0.00011556839140692296 0.9630774500000004 2.4107672402681435e-05 0.28932329999999984 9.457312145077415e-05 2.0060576 0.00017740254337563223 0.88821588 1.971348921619361e-05 1.1476899999999999 9.644895023487655e-05 1.0684658999999999 0.0001380685405913096 0.09057897300000003 5.774275992406315e-05 4.052911199999999 0.0007167970882164145 0.9598116700000006 0.0001207142791986331 2.071745499999999 0.0003577398880966098 0.04092393800000001 3.857092155438654e-05 
0.26 100.0 0.0 1.0 0.0 1.2813449000000003 0.00011276023185536309 0.9550394300000005 2.4441494274611205e-05 0.28715148 9.394777430076756e-05 2.072533999999999 0.00018164834171989773 0.8808296299999998 2.018682570002769e-05 1.1798424999999997 9.780034511090328e-05 1.0498827999999998 0.00013254101858019922 0.08928321699999996 5.6918211674342496e-05 4.3251009 0.0007580212674531313 0.9431498399999998 0.00011582532257168532 2.2071918999999998 0.0003780923880848536 0.04806302800000001 3.9106315502245614e-05 
0.27 100.0 0.0 1.0 0.0 1.2946839999999997 0.00011070438116464689 0.9470035300000003 2.4791867335713108e-05 0.28497169999999994 9.335535282139524e-05 2.1390000000000002 0.00018597096550413333 0.87344445 2.0664173667118576e-05 1.2119857 9.907363474956688e-05 1.0315945999999998 0.00012761382527865582 0.087996927 5.6121876034999527e-05 4.6060929 0.0008005272174849597 0.9267503500000003 0.00011153897377374271 2.3470446000000003 0.00039906897697552623 0.05520568599999998 3.966171042783907e-05 
0.28 100.0 0.0 1.0 0.0 1.3091323999999998 0.00010918709820174968 0.9389698700000004 2.5150417929044258e-05 0.28278429000000005 9.278940272818115e-05 2.2054563 0.00019032633314100897 0.8660603399999997 2.1144310119506226e-05 1.2441201000000002 0.00010062797771947798 1.0135898999999997 0.0001232866980101986 0.08672009199999998 5.5353579517117606e-05 4.8958812 0.0008444881797312398 0.9106046699999996 0.00010773048695346262 2.4913006999999996 0.00042078672164936926 0.06235182099999999 4.023745029971486e-05 
0.29 100.0 0.0 1.0 0.0 1.3246805999999998 0.00010829605909431494 0.9309383299999997 2.5522159315237462e-05 0.28058951000000004 9.223984225007364e-05 2.2719039999999997 0.00019470511044955918 0.8586772899999999 2.1638522526626787e-05 1.2762466000000001 0.000102063237233726 0.9958615499999993 0.00011937412318459422 0.08545267000000001 5.460934087687108e-05 5.194462099999999 0.0008897817968480326 0.8947049899999999 0.00010431690419694527 2.6399575 0.0004431883657145627 0.06950133400000001 4.0832518467825006e-05 
0.3 100.0 0.0 1.0 0.0 1.3413228999999995 0.00010795196112593116 0.9229088500000003 2.5906097231414474e-05 0.27838756 9.172677724633006e-05 2.338342399999999 0.00019915451911545318 0.8512953299999998 2.2135370282553233e-05 1.3083649000000006 0.00010359570399447169 0.9784003500000003 0.00011583272970881 0.08419464100000003 5.389027255579406e-05 5.501829900000001 0.000936475963291691 0.8790441699999993 0.00010123240008671838 2.793012099999998 0.00046623872210515004 0.07665414299999998 4.144521893445621e-05 
0.31 100.0 0.0 1.0 0.0 1.3590515999999997 0.00010809206450870035 0.9148813099999998 2.6294557291331873e-05 0.27617865999999996 9.123109691355721e-05 2.4047704999999997 0.000203614850987346 0.8439143999999997 2.2625136548410777e-05 1.3404743 0.0001052120008051872 0.9611987700000002 0.00011263029327884297 0.08294596599999998 5.319440392062025e-05 5.817982599999999 0.0009845039017780544 0.8636151099999998 9.845247778776854e-05 2.9504640999999987 0.0004900310214290534 0.083810157 4.2076728467304174e-05 
0.32 100.0 0.0 1.0 0.0 1.3778617 0.00010872737053660466 0.90685574 2.669962400449877e-05 0.27396300999999995 9.076739557350007e-05 2.471191000000001 0.00020821668990165954 0.8365344100000001 2.3129864236152415e-05 1.3725762000000004 0.00010679417393152876 0.9442495700000001 0.00010972176743173084 0.08170660299999997 5.2520687742499e-05 6.142913699999998 0.0010339242395908817 0.8484114799999999 9.593622933228784e-05 3.112309999999999 0.0005145039358882384 0.09096930599999999 4.272388343391418e-05 
0.33 100.0 0.0 1.0 0.0 1.3977464 0.00010978930004139524 0.8988322 2.7116496754925883e-05 0.27174073000000004 9.031656531885047e-05 2.5376016 0.00021273174281418833 0.8291553399999995 2.364090213143702e-05 1.4046713000000002 0.00010842828550166963 0.9275459999999999 0.00010707863187837453 0.08047651100000001 5.18691184594476e-05 6.476619299999998 0.0010847309646313211 0.8334272 9.365333095017127e-05 3.2785474000000003 0.0005397860616619167 0.09813151200000003 4.33894150521843e-05 
0.34 100.0 0.0 1.0 0.0 1.4187004 0.00011139370897213592 0.8908104400000003 2.7547269597896595e-05 0.26951215999999983 8.98958205074437e-05 2.6040047 0.00021730436980579217 0.8217773000000002 2.4153345430314443e-05 1.4367581999999997 0.00011021790964701955 0.91108145 0.0001046801971626092 0.07925566300000002 5.12377426637506e-05 6.819096299999999 0.001136957859024067 0.8186563699999997 9.158261591280888e-05 3.449175500000001 0.0005656640411499874 0.10529670000000006 4.406637606893774e-05 
0.35000000000000003 100.0 0.0 1.0 0.0 1.4407178999999999 0.00011331392631814058 0.88279051 2.7977685725279656e-05 0.2672774100000001 8.949234502738e-05 2.6703987000000007 0.00022201358743609368 0.8144001599999997 2.466302391373478e-05 1.4688385000000002 0.0001118745167654775 0.8948498 0.00010249917268005974 0.078044019 5.062461847138123e-05 7.170339999999998 0.001190572366636378 0.8040936400000003 8.971302746450649e-05 3.6241920000000016 0.0005923066603337995 0.11246482000000001 4.476160493025516e-05 
0.36 100.0 0.0 1.0 0.0 1.4637946999999998 0.00011567432344418245 0.8747724000000002 2.8420974608046606e-05 0.26503660999999995 8.910766285452779e-05 2.7367846000000005 0.00022666104285272234 0.8070239399999999 2.5183529691366153e-05 1.5009102999999997 0.00011365750796808193 0.8788453199999994 0.00010051289262788677 0.07684152999999999 5.003103429893481e-05 7.530346699999996 0.0012455518301322075 0.7897337699999999 8.802319792345506e-05 3.8035935 0.0006196096735001806 0.11963579999999997 4.547125025801177e-05 
0.37 100.0 0.0 1.0 0.0 1.4879255000000007 0.00011841641554210878 0.86675596 2.8874884966960927e-05 0.2627900499999999 8.873616441764321e-05 2.8031618000000007 0.00023129190983736263 0.79964872 2.57056261288933e-05 1.5329757999999996 0.00011544324848075851 0.8630623499999999 9.872062031860316e-05 0.075648161 4.945384340746942e-05 7.899111499999998 0.0013019732361943797 0.7755718899999999 8.648989753966872e-05 3.987379800000001 0.0006476844444384288 0.12680956999999995 4.619524922701618e-05 
0.38 100.0 0.0 1.0 0.0 1.5131060999999995 0.00012157194542133632 0.8587413199999997 2.9335012909971834e-05 0.2605376899999999 8.839099806821131e-05 2.8695313999999996 0.00023614775132076095 0.7922742499999998 2.622986997251532e-05 1.5650349 0.00011734082797939793 0.8474957099999999 9.709439870874828e-05 0.07446387399999999 4.889302221426887e-05 8.276631900000002 0.0013598665718619878 0.7616032399999998 8.511740262023281e-05 4.175548299999999 0.0006764626827936225 0.13398612 4.6931927895296604e-05 
0.39 100.0 0.0 1.0 0.0 1.5393316 0.0001250086973110218 0.8507283400000002 2.9804275549275754e-05 0.2582799 8.805623941348654e-05 2.935893299999999 0.00024084086274639023 0.7849007200000002 2.676118112294708e-05 1.5970863000000006 0.0001192467738428317 0.8321402300000004 9.562605799300822e-05 0.07328862800000002 4.834753129304779e-05 8.662902899999997 0.0014191922162059482 0.7478233799999999 8.388305285383388e-05 4.368095600000001 0.0007059481328737908 0.14116537 4.767580236294469e-05 
0.4 100.0 0.0 1.0 0.0 1.5665972999999997 0.00012887892424173736 0.8427169799999998 3.027394585392271e-05 0.25601669000000005 8.774145051657535e-05 3.0022473 0.00024565401909420494 0.7775281000000004 2.7296734117041907e-05 1.6291323 0.00012115451743590251 0.8169912699999999 9.429793089433004e-05 0.072122379 4.781732607109187e-05 9.0579221 0.0014798881193447224 0.7342280499999998 8.276059616435616e-05 4.565022499999999 0.0007362024908611632 0.14834719999999996 4.84461102685624e-05 
0.41000000000000003 100.0 0.0 1.0 0.0 1.5949001000000005 0.00013290285881904876 0.8347072800000003 3.0763173042924137e-05 0.25374818999999993 8.743731662785991e-05 3.0685935000000004 0.0002504853438307107 0.7701562899999997 2.783071436156238e-05 1.6611709999999993 0.00012304044059769628 0.8020442799999996 9.310078850401223e-05 0.07096509800000002 4.730057221568999e-05 9.461685199999998 0.0015420737369941945 0.7208132399999997 8.176466858748388e-05 4.766325499999999 0.000767098264581667 0.15553167 4.921869777709473e-05 
0.42 100.0 0.0 1.0 0.0 1.6242355999999998 0.0001372740558338474 0.8266990999999999 3.12497856423628e-05 0.25147463000000003 8.714931973865477e-05 3.134931200000001 0.0002553635165829293 0.76278535 2.837616738779846e-05 1.6932028999999995 0.00012505233268776702 0.7872946999999997 9.202340086791271e-05 0.06981672999999997 4.6797056221881635e-05 9.874187899999999 0.0016057875159779483 0.7075749199999999 8.086378258364118e-05 4.972002499999999 0.0007988412279525886 0.16271867999999998 4.9998435736886654e-05 
0.43 100.0 0.0 1.0 0.0 1.6546014999999996 0.00014203544457040077 0.81869263 3.174744920169019e-05 0.24919601000000002 8.687634832603452e-05 3.2012634000000015 0.0002602562281990955 0.7554152099999999 2.8919198811024374e-05 1.7252294999999997 0.0001269849106220636 0.7727385400000004 9.105911748041095e-05 0.06867724800000001 4.6305197947425525e-05 10.295427000000004 0.0016709774711301854 0.69450948 8.006597214608469e-05 5.182052100000001 0.0008313300342723442 0.16990820000000004 5.0801312973303134e-05 
0.44 100.0 0.0 1.0 0.0 1.6859924000000004 0.000146957348871391 0.8106875500000001 3.2256219102308756e-05 0.24691255999999995 8.661031499711228e-05 3.2675866 0.0002652077757940523 0.74804591 2.946633363385306e-05 1.7572497000000005 0.0001290198011418913 0.7583716900000003 9.018789683724587e-05 0.06754660399999997 4.5825573688437524e-05 10.725402 0.0017372535680920814 0.6816133499999999 7.935120083350753e-05 5.396473400000001 0.0008645224602081795 0.17710006999999992 5.160858699216176e-05 
0.45 100.0 0.0 1.0 0.0 1.718405500000001 0.00015221710634118543 0.80268409 3.276231102445403e-05 0.2446242700000001 8.636152598583709e-05 3.3339030000000007 0.000270138205275534 0.7406774399999996 3.0014690927676466e-05 1.7892637999999994 0.00013105439944270737 0.7441903899999995 8.94076058556175e-05 0.06642478100000003 4.535600629852406e-05 11.164103 0.001805358942272917 0.6688831300000002 7.871855772060305e-05 5.615263900000001 0.0008984552396408168 0.18429448 5.242750324062266e-05 
0.46 100.0 0.0 1.0 0.0 1.751836999999999 0.0001577036779162191 0.7946819699999998 3.328610964390625e-05 0.24233150999999997 8.612074256038561e-05 3.4002123999999996 0.0002750793021962022 0.7333097300000001 3.0570884329027575e-05 1.8212721999999988 0.00013311968915011969 0.73019102 8.871280853023526e-05 0.06531171499999999 4.489611231249453e-05 11.611528000000003 0.0018751155055678162 0.65631552 7.815519876753604e-05 5.838421899999999 0.0009331326132972983 0.19149124999999995 5.3260849365748465e-05 
0.47000000000000003 100.0 0.0 1.0 0.0 1.7862854 0.0001635333250923964 0.7866814700000002 3.381436215624553e-05 0.24003412000000016 8.589033155817853e-05 3.4665139999999983 0.00028008605834311883 0.72594284 3.112741147949863e-05 1.8532745000000004 0.0001352471348483663 0.71636999 8.808890110474125e-05 0.06420738499999999 4.4446226215276215e-05 12.067680000000003 0.0019469365679467177 0.6439075 7.765764032592254e-05 6.065945400000001 0.0009685867065732459 0.19869036999999995 5.410281444975083e-05 
0.48 100.0 0.0 1.0 0.0 1.8217458999999996 0.000169409096373441 0.7786823499999997 3.434832280694118e-05 0.23773233000000005 8.56658100453466e-05 3.5328088999999996 0.00028514010227179804 0.7185767600000003 3.168854400226445e-05 1.8852712999999992 0.00013740696179367505 0.7027239499999999 8.753623408256526e-05 0.063111756 4.400402830007016e-05 12.532552999999993 0.0020191341986400832 0.6316558999999998 7.722155981700499e-05 6.297833400000001 0.001004824981916378 0.20589169000000004 5.495411120884219e-05 
0.49 100.0 0.0 1.0 0.0 1.8582165000000002 0.00017567705454502716 0.7706846399999999 3.488791633665189e-05 0.23542623000000001 8.545397106425948e-05 3.5990968 0.00029026511611130563 0.7112114999999997 3.225469119470529e-05 1.9172616 0.00013952897326418323 0.6892497300000001 8.703474459385166e-05 0.062024791000000024 4.3570535343934646e-05 13.006136999999994 0.002093095151109197 0.6195580599999999 7.683375797406723e-05 6.534083100000001 0.0010418260189173525 0.21309540999999996 5.5819511096946065e-05 
0.5 100.0 0.0 1.0 0.0 1.8956938999999997 0.000182113585184826 0.7626883200000001 3.543351766907592e-05 0.23311590000000007 8.52496480919248e-05 3.665377999999998 0.0002953627601936649 0.7038469699999998 3.282300858591216e-05 1.9492466999999996 0.0001417231848235738 0.6759441799999999 8.660585129117963e-05 0.060946441 4.314396634738648e-05 13.488441000000002 0.0021685202765592848 0.6076110700000001 7.648801507181679e-05 6.7746941 0.0010796210826432072 0.22030136000000008 5.668918859578944e-05 
