0.01 100.0 0.0 1.0 0.0 19.293581999999997 0.041601099850361 1.2373216 5.570853070723777e-06 0.011736965999999995 2.79788119554873e-05 0.08968829799999999 3.3320816826652235e-05 1.1011450999999999 3.713476402789875e-06 0.050712628999999995 2.2431356280965135e-05 24.115768000000006 0.052001164907697885 0.0005213068700000001 2.4733739277615223e-06 0.009161245999999994 7.0061694313546465e-06 21.43628999999999 0.04622336994428278 0.0048412763 3.851110441562613e-06 -0.00028505260999999994 8.972574183810312e-06 
0.02 100.0 0.0 1.0 0.0 18.385834000000003 0.04085729538819312 1.2255139000000002 8.349724167921754e-06 0.02051824 4.243908514567245e-05 0.17536783000000003 5.421263146975316e-05 1.0916258999999997 5.980126168375074e-06 0.09794301499999998 3.347272350417116e-05 22.977800000000002 0.051069812472752316 0.0014788489000000004 6.023475011809211e-06 0.03450916600000001 2.001108943657482e-05 20.42487500000001 0.04539565440376287 0.017994005 1.0208590634830577e-05 0.0008227944200000001 1.3389165125467412e-05 
0.03 100.0 0.0 1.0 0.0 17.412156999999993 0.0395211889561988 1.2138040000000003 1.1064356723324341e-05 0.029400762 5.418742863029989e-05 0.26016994 7.474534208808415e-05 1.0822033999999998 8.318917931286077e-06 0.14478538999999999 4.427424058210093e-05 21.755418999999996 0.04939916498680011 0.0028799293000000004 1.0507610711530778e-05 0.07541317600000001 3.9481036184516724e-05 19.338467000000005 0.04391015172038641 0.039146555 1.9571623661636456e-05 0.0020858600999999993 1.7710300411057766e-05 
0.04 100.0 0.0 1.0 0.0 16.406236 0.0386745656864949 1.2021798 1.366161090990918e-05 0.03838801 6.559304453220441e-05 0.34417361 9.419240510180095e-05 1.0728693999999996 1.0468830283506023e-05 0.19128079000000003 5.451962636382165e-05 20.49079800000001 0.04834058108831023 0.0046893899 1.6091199393139856e-05 0.13130438 6.526953926654728e-05 18.214558999999987 0.0429690840046185 0.06799689299999999 3.234290544382728e-05 0.0034876763999999983 2.180865244187521e-05 
0.05 100.0 0.0 1.0 0.0 15.377601 0.03784101794335346 1.1906533 1.592108994368132e-05 0.04740181800000001 7.780139273012404e-05 0.42737537 0.00011227814449643067 1.0636249000000004 1.2470360525285577e-05 0.23738850000000006 6.36595185298812e-05 19.195937 0.047295998237808765 0.006856335399999999 2.2690596441442745e-05 0.20161267000000002 9.622174603989203e-05 17.063819000000006 0.04204042204104157 0.10423450000000001 4.771684922504229e-05 0.0050445677 2.5464787061293247e-05 
0.06 100.0 0.0 1.0 0.0 14.335215999999996 0.03632398757628257 1.1792349 1.812815223044198e-05 0.05635757400000003 9.066430344527123e-05 0.5097626000000001 0.00012995189109981091 1.0544713000000003 1.4498037669343064e-05 0.2830600200000001 7.25252245494116e-05 17.882127999999998 0.04539897679640141 0.009333099500000002 3.0218888925756505e-05 0.28577841000000004 0.00013206222176807245 15.896263000000001 0.040353965769292635 0.14755577999999997 6.52999748551451e-05 0.0067759575000000015 2.9007760870621023e-05 
0.07 100.0 0.0 1.0 0.0 13.293105999999996 0.034276209878577164 1.1679350000000002 2.0467290490873383e-05 0.06518559900000001 0.00010381757171583965 0.5913378699999999 0.0001478262322185272 1.0454069 1.641139528457173e-05 0.32826177000000006 8.186450616788834e-05 16.566965000000003 0.04283804256439477 0.012069615999999998 3.843330289528551e-05 0.3832742400000004 0.00017377237876400054 14.727531 0.03807714127124556 0.19767197999999994 8.569016160706725e-05 0.008695299800000002 3.274511223250657e-05 
0.08 100.0 0.0 1.0 0.0 12.271624000000001 0.032011143126092344 1.1567599 2.2850161910068075e-05 0.07381696500000001 0.00011684658958955971 0.6721066399999998 0.0001659427067084145 1.0364328999999999 1.844792408414454e-05 0.3729618500000001 9.161351469033955e-05 15.275957999999996 0.040004619112807054 0.015012663999999995 4.6972841334568816e-05 0.49359365000000005 0.00022168822223014205 13.580292000000004 0.03555895309704292 0.25430318 0.00010908865236954727 0.010815285599999995 3.664544342871705e-05 
0.09 100.0 0.0 1.0 0.0 11.290279999999997 0.029711315588512015 1.1457162 2.5390462724218533e-05 0.082191724 0.00012931140780398878 0.7520820600000002 0.00018436002322133968 1.0275464000000003 2.0520487169295576e-05 0.41713686000000005 0.00010147437904840014 14.033561999999996 0.03712852274951599 0.018111994 5.565910733779733e-05 0.6162624599999997 0.00027596857735618513 12.476288 0.0330008135136058 0.3171872 0.00013565622580572848 0.013145241000000004 4.0593410871582893e-05 
0.1 100.0 0.0 1.0 0.0 10.364869899999995 0.02745750523136479 1.1348061999999994 2.7744830487912185e-05 0.09026079999999999 0.00014103807288827155 0.8312881100000002 0.00020290934619621634 1.0187458000000005 2.2561551093059963e-05 0.46077445000000006 0.00011120064331345401 12.859568 0.034311289159109824 0.021319719999999993 6.440680467157741e-05 0.7508479699999998 0.0003364135836947494 11.433092999999996 0.03049666595729724 0.38608387 0.00016534387297748444 0.015690236000000003 4.4479628562283906e-05 
0.11 100.0 0.0 1.0 0.0 9.506658299999998 0.02529448272730659 1.1240320999999998 3.0199766616443632e-05 0.09798553799999997 0.0001518797160177513 0.9097582799999999 0.00022148265759586012 1.0100267000000003 2.4628867182298065e-05 0.5038719000000002 0.00012063911097964944 11.768125999999995 0.0316058496997209 0.024590143000000002 7.309389378400706e-05 0.8969624500000002 0.0004029652402785585 10.4632884 0.028090966293715686 0.46077632000000013 0.00019805260607903694 0.018451242999999996 4.825600597346251e-05 
0.12 100.0 0.0 1.0 0.0 8.722154299999998 0.023242032536446904 1.1133916999999995 3.245336824314778e-05 0.10533730999999999 0.00016171853245383155 0.9875325599999997 0.0002399541828556876 1.0013854 2.6651236395873396e-05 0.5464348299999999 0.00012981214893778833 10.767420999999995 0.029037775165990765 0.027880835000000007 8.164243845419612e-05 1.0542612999999994 0.00047534839130256094 9.574142100000003 0.02580824549258202 0.5410711100000002 0.0002336138210303756 0.021426044 5.192519323640842e-05 
0.13 100.0 0.0 1.0 0.0 8.0135107 0.021308600603636325 1.1028809000000002 3.466441825703704e-05 0.11229651999999998 0.0001705689992235082 1.0646541999999994 0.00025804976963209373 0.9928162500000003 2.8669424003576616e-05 0.5884752499999999 0.00013873631563932702 9.860186 0.026619030725025895 0.031153787 9.005370481725495e-05 1.2224422 0.0005527637213196799 8.7680742 0.02365804118611283 0.6267980200000001 0.0002716857629592189 0.024609912000000005 5.549626236565664e-05 
0.14 100.0 0.0 1.0 0.0 7.379465699999997 0.01950403596144279 1.0924975000000001 3.684246858910068e-05 0.11885219000000005 0.00017853812516900816 1.1411665 0.00027544042459766254 0.9843148599999997 3.060825398606703e-05 0.6300094199999998 0.00014740765664744907 9.044880299999999 0.0243615432583674 0.034376181 9.834088073327194e-05 1.4012431 0.0006344719961500321 8.0437128 0.02165099512405811 0.7178096699999997 0.0003118814294200851 0.027996235000000008 5.896348531715149e-05 
0.15 100.0 0.0 1.0 0.0 6.816366299999999 0.01784201919103722 1.0822355 3.894415866673223e-05 0.12499993 0.00018573085594706014 1.2171144999999997 0.00029220771295473394 0.9758761700000003 3.2466810763206474e-05 0.6710572400000002 0.00015579420470337898 8.3169637 0.022282157192539502 0.037520717 0.00010650071497463307 1.5904403000000005 0.0007196655536318417 7.397025199999997 0.019802446958151584 0.8139806499999999 0.0003539338778313887 0.031577101999999996 6.231721837475629e-05 
0.16 100.0 0.0 1.0 0.0 6.319026000000001 0.016332641140361114 1.0720898999999997 4.095643918273813e-05 0.13074096999999998 0.0001922370429730481 1.2925394999999997 0.00030849124382348304 0.9674955799999999 3.427400821234832e-05 0.71164031 0.0001638669415631359 7.669980899999998 0.02039356981408822 0.040565541000000004 0.00011451428792157734 1.7898445 0.0008084193141617531 6.822268499999999 0.01812339482678478 0.9152050600000002 0.000397750451607731 0.035343864999999995 6.55461851121447e-05 
0.17 100.0 0.0 1.0 0.0 5.881426800000001 0.014976342457937225 1.0620548000000005 4.290652153351051e-05 0.13608106000000003 0.00019814273633893365 1.3674820999999997 0.0003242802891236643 0.9591687099999996 3.6030454730963454e-05 0.7517814899999999 0.00017161282441581683 7.096434899999999 0.018696175125142787 0.043493993000000016 0.00012235820204012403 1.999295299999999 0.0009007679219061801 6.312774400000002 0.016614368298138754 1.0213948999999998 0.0004432495120190104 0.03928739000000001 6.864563672210805e-05 
0.18 100.0 0.0 1.0 0.0 5.497287699999999 0.013764739100951473 1.0521241000000008 4.477925725754924e-05 0.14102956000000003 0.00020352369656615743 1.4419783000000004 0.0003397952929227907 0.9508912500000002 3.775385372127622e-05 0.79150414 0.00017903434309798596 6.588490299999997 0.017179617508824144 0.04629421600000001 0.00013000016323617326 2.2186593 0.0009965383410118307 5.861579900000001 0.015266128656268732 1.1324771 0.0004906128472646425 0.043398335 7.16145015254864e-05 
0.19 100.0 0.0 1.0 0.0 5.1604792 0.012685126818188185 1.0422919 4.657245862377123e-05 0.14559850999999996 0.00020843702717867485 1.5160638999999991 0.0003550367275804947 0.9426595099999996 3.944612915872382e-05 0.8308315499999996 0.00018614647425928822 6.138500500000001 0.015827830589420392 0.048958523999999996 0.0001374041834670593 2.4478255999999994 0.0010957274872938556 5.461885299999998 0.014064254274907585 1.2483924 0.0005395644562103142 0.04766735399999999 7.445932774897775e-05 
0.2 100.0 0.0 1.0 0.0 4.865279899999999 0.01172357567169335 1.0325529999999998 4.829006113736996e-05 0.14980228 0.00021293631962629803 1.5897713000000004 0.00036997715212085125 0.9344698499999997 4.1116095145695465e-05 0.8697869500000003 0.0001929830175691239 5.739327200000002 0.014623175948518016 0.051482736000000015 0.00014454232863434432 2.6867016999999986 0.0011985016734079239 5.107344399999999 0.012993315972706084 1.3690931 0.0005902919226124339 0.052085232999999995 7.719393350596826e-05 
0.21 100.0 0.0 1.0 0.0 4.606516199999999 0.010866316271655614 1.0229015000000004 4.9856468973418434e-05 0.15365643000000004 0.0002170704974215829 1.663128600000001 0.00038476819041808333 0.9263189900000001 4.275534700871892e-05 0.9083926500000002 0.00019958523358468982 5.3845094 0.013548654299830907 0.053865513 0.00015140229156565205 2.9352136 0.0013046952787603128 4.792215700000001 0.012038115690799569 1.4945398 0.0006427703785885237 0.05664295299999998 7.983292169857966e-05 
0.22 100.0 0.0 1.0 0.0 4.3795996 0.010101489756392652 1.0133321000000002 5.14535314397423e-05 0.15717712999999997 0.0002208825650228685 1.7361638000000006 0.0003993831688716717 0.918204050000001 4.438668332477573e-05 0.9466704399999997 0.00020599370105762785 5.068323800000001 0.012589232369589785 0.056107795999999974 0.00015798887222157626 3.193298099999999 0.0014144107515020427 4.5114106 0.011185131974031618 1.6247033 0.0006970240319458551 0.061331827000000005 8.23979761870065e-05 
0.23 100.0 0.0 1.0 0.0 4.1805236 0.009418395539070317 1.0038396999999997 5.309697827724176e-05 0.16038101000000005 0.00022440135761348485 1.8089015999999996 0.00041387915436862896 0.9101220499999998 4.598508971023009e-05 0.98464113 0.0002122599381213526 4.785764300000003 0.01173151902461252 0.05821224600000002 0.00016432139839606832 3.4609072000000003 0.001527635951913879 4.260481199999999 0.01042246931804423 1.7595593999999986 0.0007530616152999381 0.066143521 8.490534725565685e-05 
0.24 100.0 0.0 1.0 0.0 4.005815800000001 0.008807947095862096 0.9944188300000003 5.4609585293664004e-05 0.16328460999999997 0.0002276519861084553 1.8813648000000007 0.00042824288618773475 0.9020705499999998 4.7582909580973095e-05 1.0223249 0.000218464665095497 4.532496300000002 0.010964033525710366 0.06018282999999998 0.00017042800758387743 3.7380011 0.001644448484412148 4.0355728000000015 0.009740260290228606 1.8990919000000002 0.0008110683534150748 0.071070083 8.73728384573765e-05 
0.25 100.0 0.0 1.0 0.0 3.8524852999999997 0.00826207106657693 0.9850649600000001 5.613492657333358e-05 0.16590393000000003 0.0002306833428118935 1.9535759000000004 0.00044262562272416784 0.89404707 4.9173485283279956e-05 1.0597399 0.00022453095532497803 4.304784799999999 0.010276826761681944 0.06202445700000005 0.0001763416705048513 4.0245489 0.0017650698903840794 3.833367800000002 0.009129207299182669 2.0432873999999996 0.0008708746479337715 0.07610397899999996 8.981414296568816e-05 
0.26 100.0 0.0 1.0 0.0 3.717966000000002 0.0077738582634283805 0.97577376 5.764753095255633e-05 0.16825462000000002 0.000233496287670589 2.0255557000000004 0.0004568440051892017 0.8860494199999998 5.0771323002645334e-05 1.0969053000000002 0.00023058232606420543 4.0994232 0.009661150854716777 0.06374269499999999 0.0001820954004107315 4.320530599999999 0.0018892569429320518 3.6510136999999996 0.008581953553423609 2.192137 0.0009326689284022728 0.08123804099999996 9.223790316506509e-05 
0.27 100.0 0.0 1.0 0.0 3.6000536000000007 0.007337253948876732 0.9665409199999998 5.915628232317493e-05 0.17035172999999992 0.00023613296163655148 2.0973215999999995 0.0004711836949784861 0.8780754699999999 5.2350609283456084e-05 1.1338357000000001 0.0002365916843461199 3.9136579000000014 0.009109200464683508 0.06534350200000003 0.00018772266862028265 4.6259287 0.0020172753785852133 3.4860672999999984 0.00809125862627394 2.345636299999999 0.0009964558761693082 0.08646550200000001 9.465398524065145e-05 
0.28 100.0 0.0 1.0 0.0 3.4968600999999997 0.006946559176300095 0.9573624799999996 6.066943465751533e-05 0.17220970000000008 0.00023862398307735412 2.1688901 0.000485485375581924 0.8701232900000001 5.394095526747358e-05 1.1705500999999991 0.00024266847739237018 3.745129399999998 0.008614360873366356 0.06683310700000002 0.0001932517696179448 4.940734899999996 0.002149231972185854 3.336429199999999 0.007651300928186301 2.5037841999999997 0.0010621844960395877 0.09178000699999997 9.706923532476022e-05 
0.29 100.0 0.0 1.0 0.0 3.4067634999999985 0.00659713488626867 0.9482347100000003 6.217888432490401e-05 0.17384204 0.00024097871686901278 2.240280199999999 0.0004997592016545948 0.8621911 5.552641442726537e-05 1.2070613000000003 0.0002487082087400794 3.591808700000001 0.008170343131901212 0.06821782000000001 0.00019870820098325564 5.264945199999999 0.002284982514093549 3.2002983000000005 0.007256561757547905 2.666581900000001 0.0011298578025001334 0.09717551700000004 9.948917526022892e-05 
0.3 100.0 0.0 1.0 0.0 3.3283673999999994 0.0062844039409014115 0.93915397 6.36998186308066e-05 0.17526187000000004 0.00024323969645375162 2.3115057999999995 0.0005141093887966723 0.8542770699999997 5.712040668369571e-05 1.2433844 0.0002548199097249354 3.451950699999998 0.007771725555193548 0.06950397100000001 0.00020411572447650333 5.598560200000001 0.0024246977748380526 3.076123600000001 0.006902255456752377 2.8340321 0.0011995618558150846 0.10264636799999999 0.00010192279838069584 
0.31 100.0 0.0 1.0 0.0 3.2604706000000014 0.006004692781178319 0.9301170400000004 6.523062151272315e-05 0.17648131999999989 0.00024539965480107874 2.3825825 0.0005285264113924564 0.8463797600000003 5.872102538108515e-05 1.2795315999999997 0.0002608781984231649 3.3240530000000006 0.007413989560956293 0.07069780200000002 0.00020949160658585144 5.941586 0.0025685688622421633 2.9625690000000002 0.006584276430255097 3.006141800000001 0.0012714195010186363 0.10818729000000003 0.00010437347488199717 
0.32 100.0 0.0 1.0 0.0 3.202035300000002 0.005754674462465643 0.9211207099999998 6.677545853885356e-05 0.17751192999999993 0.00024749394952425875 2.4535222 0.0005429470430976603 0.8384975299999998 6.033050879803723e-05 1.3155176999999998 0.0002670498401100991 3.2068146999999994 0.007092818110534907 0.07180543299999999 0.00021485464821158155 6.294031199999999 0.00271660951291655 2.8584799000000007 0.00629880732757288 3.1829183999999993 0.0013453201754451537 0.11379309000000003 0.00010684044093402028 
0.33 100.0 0.0 1.0 0.0 3.1521614000000016 0.005531372981486355 0.9121620899999998 6.833141024289393e-05 0.17836451999999997 0.00024954705186804456 2.5243393 0.0005575578401479903 0.8306289799999996 6.19447092451929e-05 1.3513515999999999 0.0002733233513671964 3.0991092999999994 0.0068046752211333005 0.07283280299999997 0.0002202163941739273 6.6559091 0.0028688086973536276 2.762856099999999 0.0060426783000528395 3.364371 0.001421251972737308 0.11945923 0.00010933151499466496 
0.34 100.0 0.0 1.0 0.0 3.1100677999999986 0.005332011115111996 0.9032382399999994 6.99115443967576e-05 0.17904933000000006 0.00025156197846804034 2.5950444 0.0005722433628959728 0.8227728600000002 6.358202420798394e-05 1.3870468000000005 0.0002796716960764987 2.999956799999999 0.006546287343037525 0.073785677 0.00022559019293338315 7.027237000000001 0.003025492629289538 2.6748272 0.0058130632063998 3.5505111000000005 0.0014994544067272757 0.12518126000000002 0.00011185577286819206 
0.35000000000000003 100.0 0.0 1.0 0.0 3.075074100000001 0.005154673549494563 0.8943467900000001 7.150531908248056e-05 0.17957589 0.000253540617612173 2.665649599999999 0.000587119322162471 0.8149277300000002 6.522712143281024e-05 1.4226126 0.00028607130651178936 2.908504400000001 0.006314926340532112 0.07466959599999999 0.00023098682858084903 7.408033599999997 0.0031866392157255978 2.593634 0.0056074608603177475 3.7413517999999995 0.001579908031366153 0.13095477 0.00011441408554507678 
0.36 100.0 0.0 1.0 0.0 3.0465839000000012 0.004997101443620284 0.88548509 7.312920770968079e-05 0.17995320999999995 0.00025550500632924307 2.736165899999999 0.00060205363710322 0.8070926799999998 6.689427616005596e-05 1.4580595999999995 0.00029254178917268814 2.8240038999999992 0.006108189856084041 0.07548985699999997 0.0002364147886460821 7.798319999999998 0.0033524940537037395 2.5186136999999995 0.005423878440112469 3.9369043 0.0016627265154397699 0.13677613 0.00011700816181388696 
0.37 100.0 0.0 1.0 0.0 3.0240786999999996 0.004857771817724487 0.8766508399999999 7.47737717717965e-05 0.18018962000000005 0.0002574597606538036 2.8066032000000005 0.0006172866899118825 0.79926629 6.858375944352923e-05 1.4933965 0.00029915599190657945 2.745800799999999 0.005924087860054053 0.07625154599999999 0.00024188343494515268 8.198123700000002 0.0035231192191988447 2.4491840000000002 0.00526016902389797 4.137187200000001 0.00174779195600129 0.14264137 0.00011964155352958593 
0.38 100.0 0.0 1.0 0.0 3.0070970999999993 0.004735007451519333 0.8678419599999999 7.645871950061612e-05 0.18029294 0.0002594081790616699 2.8769709999999997 0.0006326294571119233 0.7914477099999998 7.028520514394641e-05 1.5286317999999994 0.00030580207261088425 2.6733184999999993 0.0057604578071119555 0.07695947200000003 0.00024739960699263235 8.6074719 0.003698801026539101 2.3848338000000004 0.005114885904453534 4.342215499999998 0.0018354391756866938 0.14854724999999996 0.0001223357857499625 
0.39 100.0 0.0 1.0 0.0 2.9952402999999976 0.004627441067075333 0.8590563700000001 7.816324153007777e-05 0.18027061999999994 0.00026135711613856603 2.9472788000000008 0.0006481973507957548 0.7836357199999999 7.202098040773224e-05 1.563774 0.000312669985759646 2.606047799999999 0.0056159390516303965 0.077618186 0.00025296972853294694 9.026394800000002 0.00387955420751543 2.3251113000000014 0.004986485182272014 4.552006199999999 0.001925608328729717 0.15449017000000004 0.00012506086282675657 
0.4 100.0 0.0 1.0 0.0 2.9881497999999995 0.0045340082774089074 0.85029197 7.990937675316095e-05 0.18012941 0.00026330755784658463 3.017535099999999 0.0006640361209748356 0.7758295000000005 7.377858424916304e-05 1.5988319999999996 0.0003196232157078385 2.5435426999999997 0.00548882224498923 0.078231973 0.00025859994047895733 9.4549275 0.004065628682913057 2.2696195000000006 0.004873612430986409 4.766579699999999 0.0020183859663655017 0.16046719999999998 0.00012785198238633627 
0.41000000000000003 100.0 0.0 1.0 0.0 2.985513699999999 0.004453575475184725 0.8415469900000001 8.16798487991237e-05 0.17987569999999994 0.00026526217276514263 3.0877475 0.0006800546062533192 0.768028 7.556533992161062e-05 1.6338119999999998 0.0003267123199427951 2.4854033 0.0053779023848623915 0.07880488699999998 0.0002642936024752395 9.893106000000003 0.004257326560116339 2.218003100000001 0.004775097558568595 4.985955199999998 0.0021139147262194953 0.1664752099999999 0.0001306967515255032 
0.42 100.0 0.0 1.0 0.0 2.9870531999999996 0.004385142266519664 0.8328197300000001 8.349707162315882e-05 0.17951548999999997 0.0002672394729434614 3.157926699999999 0.0006964513630777439 0.7602303000000002 7.737990627998944e-05 1.6687215 0.00033400746625582517 2.431277800000001 0.005281980474361558 0.079340707 0.00027005319229835245 10.340969000000005 0.00445533358891555 2.1699516 0.004689940314588031 5.210155900000001 0.0022122955909656935 0.17251147999999997 0.00013359855199851237 
0.43 100.0 0.0 1.0 0.0 2.992523 0.004327891647218209 0.8241082699999999 8.535246905407048e-05 0.17905425000000005 0.0002692143875700207 3.228079299999999 0.0007131211714333536 0.7524356300000001 7.92304318405506e-05 1.7035671999999993 0.0003414163171358758 2.3808518000000003 0.0051999995334223855 0.07984300699999998 0.00027588022173133484 10.798565999999996 0.00465872948787526 2.1251852 0.004617155079654194 5.4392041 0.002313648711870577 0.17857333 0.00013656718789969985 
0.44 100.0 0.0 1.0 0.0 3.0017043000000005 0.004281192902109504 0.8154112200000001 8.725634943241118e-05 0.17849714999999997 0.0002712024363367443 3.298213199999999 0.0007300888971246192 0.74464298 8.112525127421375e-05 1.7383547999999995 0.0003490348257953893 2.333848799999999 0.005131005412746952 0.08031512800000001 0.000281776638432138 11.265937000000001 0.004867954119470623 2.0834561000000003 0.004555939749150049 5.6731263 0.002418172477940665 0.1846579800000001 0.00013960755780187807 
0.45 100.0 0.0 1.0 0.0 3.0144038 0.004244311738739473 0.8067268599999999 8.919856168436747e-05 0.17784911 0.0002732149596544204 3.368336099999998 0.0007474631482405918 0.7368515400000003 8.305319789025328e-05 1.7730929999999996 0.0003567555605914686 2.290017600000001 0.005074202134557377 0.08076023800000004 0.00028774044161620257 11.743140000000004 0.005085430168537882 2.0445451000000006 0.004505499307499324 5.911947700000001 0.0025260098568778097 0.19076290000000004 0.00014272174221127178 
0.46 100.0 0.0 1.0 0.0 3.030450300000001 0.004216691175446149 0.7980536900000001 9.119591842731906e-05 0.17711455000000004 0.00027522265145667137 3.4384560999999985 0.0007652459069024675 0.7290603999999997 8.502407661858835e-05 1.8077854000000009 0.0003647923907615949 2.2491381 0.005028810777301403 0.081181326 0.0002937728825286945 12.230209000000007 0.005309178673619875 2.0082538000000003 0.004465252489565817 6.155698999999999 0.0026372841087302624 0.1968858300000001 0.00014591539401562562 
0.47000000000000003 100.0 0.0 1.0 0.0 3.049690299999999 0.004197934738555577 0.7893902100000002 9.324940993718472e-05 0.17629760999999994 0.0002772568909497955 3.508581299999999 0.0007834134624924459 0.72126884 8.70437024924199e-05 1.8424389999999997 0.00037296609767231004 2.2110103999999993 0.004994208213365331 0.081581228 0.0002998741897432385 12.727235999999998 0.0055411941890971496 1.9744076000000002 0.0044345391578381075 6.4044088 0.0027524420657867492 0.20302433999999994 0.0001491909147514715 
0.48 100.0 0.0 1.0 0.0 3.071990600000001 0.0041876704904203355 0.7807350699999998 9.535272127884057e-05 0.17540224999999998 0.0002792918721965122 3.578717499999999 0.0008020204034685978 0.71347587 8.910705321596167e-05 1.8770599 0.00038139736482936416 2.1754601000000005 0.004969771754304554 0.08196266699999999 0.00030604709363126566 13.234261000000002 0.005780105690169582 1.9428491000000006 0.0044128559869842585 6.658111699999999 0.0028714473738893757 0.20917608000000004 0.00015255775737686207 
0.49 100.0 0.0 1.0 0.0 3.097231999999999 0.004185477819805021 0.77208676 9.751679457944039e-05 0.17443199999999998 0.00028134178253505645 3.6488737 0.0008211277447216366 0.7056806399999996 9.123159490171937e-05 1.9116527999999997 0.00039010229632777756 2.142328 0.004955152595026456 0.08232824099999998 0.0003122930128968616 13.751356000000001 0.006028063257827355 1.9134399999999994 0.004399898021546327 6.916843600000002 0.002994710862509676 0.2153388 0.00015602729184383235 
0.5 100.0 0.0 1.0 0.0 3.1253082 0.004191046328497327 0.76344389 9.975277829324454e-05 0.17339033999999995 0.0002834081509840964 3.719058699999999 0.0008407712014207336 0.6978823799999997 9.341665033933451e-05 1.9462245999999996 0.0003989406577678306 2.1114753000000004 0.0049497235325908825 0.08268044499999996 0.00031861713412314357 14.278597 0.0062851164595442155 1.8860535 0.004395050196245928 7.180639699999996 0.0031225080415542123 0.2215101899999999 0.00015960690818199647 
