0.01 100.0 0.0 0.9995876500000003 0.0003201708002749469 7.3177475 0.012165404943415054 1.2393245 1.0499404597815933e-05 0.004119550500000001 2.0994085565629065e-05 0.08182128999999999 4.4144411821452356e-05 1.1015995 0.0003127414866914382 0.04290928000000001 8.237705706063203e-05 9.150588500000001 0.014556152020239342 5.8906474999999994e-05 6.178857997589799e-07 0.007348822999999997 6.294346554793879e-06 8.1303235 0.01384257615610797 0.0036981695 8.27533094428423e-06 0.002803605 4.2360299883855345e-05 
0.02 100.0 0.0 0.99969895 0.00023524290081174042 7.339195499999998 0.011391689920240533 1.2287595 8.220850018676501e-05 0.0080254675 4.185805548443941e-05 0.16347149999999996 8.68944043085515e-05 1.0926479999999998 0.0002460341440514874 0.08562611000000002 0.00016319860690212502 9.174652 0.013798503299276822 0.00021976624999999996 2.307130535833603e-06 0.029291249999999998 2.4251038637351628e-05 8.151715000000001 0.012986071259198494 0.014732770000000001 3.235797668269407e-05 0.0056843530000000005 8.384784076855973e-05 
0.03 100.0 0.0 0.9997814999999999 0.00017203619536755878 7.389976499999999 0.01159160966555282 1.218183 0.0001454494757281866 0.01180451 6.264630112781746e-05 0.24505555 0.000129851308711312 1.0836710000000003 0.00020099365652443823 0.12824635 0.0002428538683543652 9.233573500000002 0.014296879489436904 0.0004720477999999999 4.860216802572119e-06 0.06574624500000001 5.35593938887876e-05 8.204084 0.013070011771206076 0.033058050000000005 7.153593694772115e-05 0.008603781500000001 0.00012470329664702985 
0.04 100.0 0.0 0.9998433999999999 0.00012551851263767718 7.398876 0.012509492083998548 1.2076055 0.0001897214734274014 0.015466995000000002 8.317426599463158e-05 0.3265478 0.00017363282523466414 1.0746805 0.00017011242607837553 0.17076245 0.0003216752514183539 9.238306500000002 0.015684705643862085 0.0008051358999999998 8.078884899818371e-06 0.11661019999999997 9.457197259437029e-05 8.208313500000001 0.013892967236582683 0.058616935000000016 0.00012534927268888438 0.011565045 0.0001651201517796982 
0.05 100.0 0.0 0.9998868499999999 9.107050227347613e-05 7.348386500000001 0.013867833289181777 1.1970360000000002 0.00021970707765233408 0.019023909999999998 0.00010336617819675993 0.40791724999999995 0.00021833451256207282 1.0656855000000003 0.00014704331837324955 0.21316429999999995 0.00039986282085380156 9.166971 0.017570112106951512 0.0012086555000000003 1.1836698641828505e-05 0.18175360000000002 0.00014779149840185587 8.144964000000002 0.01521938608153539 0.09133967999999999 0.00019338952487148165 0.01457205 0.0002052385594253717 
0.06 100.0 0.0 0.9999201 6.589836484738604e-05 7.2421785 0.015388538515328168 1.186482 0.0002399808325355669 0.022484960000000002 0.0001231316359429605 0.48914105 0.00026391102169985825 1.0566939999999998 0.00012759584641149126 0.2554455 0.00047762890145046014 9.024178999999998 0.019594911021770713 0.0016728010000000005 1.6033695689077947e-05 0.26103354999999995 0.00021387189477807477 8.0181325 0.01676604602873776 0.13114985000000004 0.000275342643581424 0.017627410000000003 0.000245144176853119 
0.07 100.0 0.0 0.9999439500000001 4.7665578297926336e-05 7.0910095 0.016874776761115068 1.1759465 0.0002535047090300728 0.025857715000000003 0.00014234010701045298 0.5702058000000001 0.0003102345773726423 1.0477095 0.00011027800100615878 0.29760295 0.0005550096597135138 8.8233985 0.021524864648534214 0.002188503 2.0572390892893787e-05 0.35430344999999996 0.00029314925784455916 7.8397855000000005 0.01831218112998755 0.17796995 0.0003709267547308542 0.020732325000000003 0.00028488935561677494 
0.08 100.0 0.0 0.9999602499999998 3.423111723382809e-05 6.906722499999999 0.018217979277030484 1.1654345 0.0002626951417558992 0.029147595 0.00016088681416992102 0.6511042999999999 0.0003571465882674715 1.0387365000000002 9.435908797168843e-05 0.33963595 0.0006320108720382311 8.579465000000003 0.023239072803087246 0.002747482 2.5356065680620572e-05 0.46141835000000003 0.0003860348512472309 7.623103500000001 0.019729059243569536 0.23172294999999993 0.0004798454619734813 0.02388716 0.00032449942445248413 
0.09 100.0 0.0 0.9999721999999999 2.4641996922267713e-05 6.699953500000001 0.019373583035574054 1.1549455000000002 0.0002694285387197244 0.032358145 0.00017868604205072274 0.7318340999999999 0.0004045672125930174 1.029776 8.040646745559298e-05 0.38154495 0.000708713977833029 8.305694 0.024693225643872146 0.0033421864999999993 3.0293899800747132e-05 0.58223775 0.0004926411365044247 7.3799145 0.02095976129962366 0.29233560000000003 0.0006019529566329628 0.02709164 0.00036397360779318917 
0.1 100.0 0.0 0.9999803500000001 1.7637215130558096e-05 6.4794564999999995 0.02032636211027159 1.1444854999999998 0.00027492587641836564 0.03549132000000001 0.00019568646460591202 0.8123955500000001 0.0004523903871379503 1.0208305 6.903794250028007e-05 0.42333119999999996 0.0007850754664368564 8.0130505 0.025877871642331365 0.0039657304999999995 3.530638906398668e-05 0.71662675 0.0006131231682014276 7.119964 0.021982344476869017 0.3597366999999999 0.0007370184363381304 0.030345350000000004 0.0004033223668171588 
0.11 100.0 0.0 0.9999869499999999 1.2698912381588591e-05 6.252126500000001 0.02107596851005434 1.1340530000000002 0.00028023392009893754 0.038548084999999996 0.00021185209808675134 0.8927904999999997 0.0005004837385273948 1.0119015 6.293359583438484e-05 0.46499605000000005 0.0008610282877883655 7.710178999999999 0.026800364138392124 0.0046118554999999995 4.032699473972449e-05 0.8644560500000003 0.0007474847305174087 6.850931 0.02279422162413939 0.43385870000000004 0.0008848614357601515 0.033647715 0.00044253708755732896 
0.12 100.0 0.0 0.99999055 8.967573404264778e-06 6.0232399999999995 0.02162952668229784 1.1236470000000003 0.0002865267002536566 0.041528675 0.0002271632685839637 0.973022 0.0005488093794675398 1.0029875 6.460214776299248e-05 0.5065411999999999 0.000936649063418789 7.4036935 0.027473803161162356 0.005274884000000001 4.5304887751756186e-05 1.025601 0.0008958587779380066 6.5786894999999985 0.02340054090696284 0.5146366999999998 0.0010452385974059541 0.03699807 0.00048161219176325385 
0.13 100.0 0.0 0.99999445 6.56333650688827e-06 5.7967595 0.021997722285211876 1.1132689999999998 0.00029322849454903793 0.04443297 0.00024161301725065504 1.0530925 0.0005970062290362269 0.99409135 7.311084994689765e-05 0.5479682 0.0010118755373053675 7.098561999999999 0.027915834571084038 0.0059497225 5.020037103386649e-05 1.1999464999999998 0.0010578481164655042 6.307651999999999 0.023811564927594654 0.6020096 0.0012181464801083 0.040395694999999995 0.0005205478761110884 
0.14 100.0 0.0 0.9999964999999997 4.714078374756197e-06 5.575578 0.022196583122187055 1.1029185 0.00030132812266483777 0.04726076 0.0002552060145646538 1.133009 0.0006458335312006641 0.9852108500000002 8.714721075303717e-05 0.5892792499999999 0.0010867406380452639 6.798418 0.028147588596534583 0.006631831 5.4984283144814494e-05 1.387377 0.001234348228815891 6.0410474999999995 0.024042324657524344 0.6959186000000002 0.0014033553334730539 0.043839890000000006 0.0005593371092149777 
0.15 100.0 0.0 0.9999971500000001 3.225115293329247e-06 5.361752999999999 0.022243775400106434 1.092598 0.00031171669831127856 0.05001185500000001 0.0002679417842996752 1.2127729999999999 0.0006945542095599447 0.97634635 0.00010447976538883719 0.6304759999999998 0.0011611951903148943 6.505851500000001 0.028193016442675002 0.0073171845 5.963211979074264e-05 1.5877840000000003 0.0014244185480268817 5.781178500000001 0.024112075452698375 0.79630755 0.001600764568069468 0.047329905 0.0005979879872737939 
0.16 100.0 0.0 0.9999984999999999 2.287468999079354e-06 5.156690500000001 0.022158343558067697 1.0823019999999999 0.00032284020818958376 0.052686075 0.0002798505598418106 1.2923879999999999 0.000743360141531404 0.9674978000000001 0.0001238022737634788 0.67156005 0.0012352676015258209 6.2226335 0.02807701003735592 0.008002234 6.412134551926183e-05 1.8010635000000002 0.001628424434069215 5.5296155 0.02404130053132865 0.9031229 0.0018102714601700854 0.050864965 0.0006364850819255129 
0.17 100.0 0.0 0.9999979999999999 1.5198727880194274e-06 4.9612865 0.021961731082446746 1.072035 0.0003355618422747693 0.055283439999999996 0.0002909387850047278 1.371858 0.0007923899292558394 0.95866495 0.00014428763769493754 0.7125334999999999 0.00130903287678683 5.949893 0.02782524702585572 0.008683859999999998 6.843337378064276e-05 2.0271169999999996 0.0018466674173014987 5.287362 0.02385074058178828 1.0163124499999996 0.0020318365220656884 0.05444441500000001 0.0006748388096528868 
0.18 100.0 0.0 0.9999986000000002 1.0009931977563335e-06 4.77605 0.02167198290419686 1.061795 0.00034962730156552297 0.057804029999999985 0.0003012282041161496 1.4511880000000001 0.000841557068748582 0.9498477 0.00016550243353826143 0.7533977000000001 0.001382395715956813 5.688287999999999 0.02746146488810566 0.0093593205 7.254969580043781e-05 2.2658445000000005 0.002079490379251596 5.0550025 0.02356090521261165 1.1358270000000001 0.0022652243928544206 0.05806760000000001 0.0007130447696322639 
0.19 100.0 0.0 0.9999988000000004 6.840752918206471e-07 4.601203999999999 0.0213074464730191 1.051582 0.0003648983420186711 0.06024801 0.0003107511908988078 1.5303795000000002 0.0008902006725874336 0.9410456500000001 0.00018722410734363715 0.7941545 0.00145544361192426 5.438103 0.027007525248525222 0.0100262185 7.64566165589218e-05 2.51715 0.002326513163518794 4.832788 0.023191232476953497 1.261615 0.0025104507065507944 0.06173387000000001 0.0007511069120005339 
0.2 100.0 0.0 0.9999988500000001 2.477135978726892e-07 4.4367575 0.02088383599671311 1.0413955000000001 0.00038109085200313574 0.06261571 0.0003195412424788534 1.609433 0.0009395193186043674 0.9322586500000002 0.00020925150263745353 0.8348049499999999 0.0015281105399751903 5.199362 0.026484068575280195 0.0106824355 8.013956059423668e-05 2.7809424999999997 0.002587515301900734 4.6207400000000005 0.022758893492430474 1.3936334999999997 0.002767215683233834 0.06544271 0.0007890192657312256 
0.21 100.0 0.0 0.9999993500000001 1.771139507796712e-07 4.2825665 0.020415668508227815 1.0312350000000001 0.0003981862001435177 0.064907465 0.0003276151426045354 1.6883525 0.0009888055610301144 0.9234869 0.000231442475564758 0.87535065 0.0016004540594410533 4.9718979999999995 0.02590792326297659 0.011326105000000001 8.359018317810844e-05 3.0571304999999995 0.0028631324170792258 4.418714 0.02227934150060013 1.5318305000000003 0.003035144187263063 0.06919364 0.0008267902031168328 
0.22 100.0 0.0 0.9999996000000001 1.0947537417533025e-07 4.1383845 0.01991442877005414 1.0211000000000001 0.00041592246869975587 0.06712368499999999 0.0003350111300595149 1.7671395 0.0010385361031275651 0.9147295499999999 0.00025377826423079753 0.9157923 0.0016724684811710094 4.755415500000001 0.025293919550698044 0.011955630000000004 8.680272233631389e-05 3.3456180000000004 0.003153933702515255 4.2264395 0.02176508042111552 1.6761635 0.0033146918616216376 0.07298622499999999 0.0008644175178082492 
0.23 100.0 0.0 0.9999997 1.0242854867031813e-07 4.003897 0.01938972517984115 1.0109920000000001 0.0004346266213557096 0.06926487499999999 0.0003417513619486847 1.845796 0.0010879977941231813 0.9059866500000002 0.00027623786191593454 0.9561307000000001 0.0017441470137279363 4.5495275 0.024653625097285144 0.012569569999999999 8.976846330979102e-05 3.6463189999999996 0.0034590472604748733 4.043578499999999 0.021226640175450767 1.8265835 0.0036055835363433216 0.0768201 0.0009018983661976491 
0.24 100.0 0.0 0.9999998000000001 8.937591768579498e-08 3.8787409999999993 0.018849769864652297 1.0009089 0.00045384840477003506 0.07133159000000001 0.00034786970584533335 1.9243229999999998 0.00113769308256576 0.8972582499999999 0.00029875356796895433 0.9963673 0.001815500421511783 4.3537989999999995 0.023997190980417003 0.013166675000000003 9.249338567565416e-05 3.959143 0.003779642979138949 3.8697415 0.02067326413843594 1.9830480000000001 0.003907433083235642 0.080694935 0.000939239449482281 
0.25 100.0 0.0 1.0 0.0 3.762538 0.018301060237045617 0.9908510499999998 0.00047359637074501077 0.073324385 0.00035339288294162005 2.0027204999999997 0.0011877199744052237 0.8885442999999998 0.0003213170404898378 1.0365025 0.0018864894480168284 4.1677610000000005 0.023332914251114386 0.013745854999999998 9.497452934209201e-05 4.2840035 0.004114997951119165 3.7045144999999997 0.020110804589515134 2.145511 0.0042204173904966105 0.084610435 0.0009764421905898126 
0.26 100.0 0.0 1.0 0.0 3.6548974999999992 0.017748259363605724 0.9808186000000003 0.0004937714774730925 0.0752439 0.0003583467532293563 2.0809895000000003 0.0012380208954323971 0.8798446500000001 0.0003438403137596924 1.0765360000000002 0.0019569844659561813 3.9909395000000005 0.022666373027841847 0.014306179999999998 9.721690480570593e-05 4.6208095 0.004465824138665991 3.5474740000000002 0.019545296216734225 2.3139290000000003 0.004544737280633433 0.08856635 0.0010135083450692104 
0.27 100.0 0.0 1.0 0.0 3.5554270000000003 0.017195223596974153 0.9708113 0.0005143312118567991 0.07709080500000001 0.00036275822543913424 2.15913 0.0012882854885161502 0.8711590499999999 0.00036642867296906266 1.1164685 0.002027430427291809 3.8228555 0.022002379297189338 0.01484686 9.92309730880445e-05 4.9694715 0.004832521509238126 3.3981955 0.018981722636197604 2.488257 0.004879026598620947 0.09256250999999999 0.0010504491793490156 
0.28 100.0 0.0 1.0 0.0 3.4637485 0.016645563902658866 0.9608292000000003 0.0005351774266209834 0.07886578000000001 0.000366650165457355 2.2371425 0.0013389170763998134 0.86248775 0.0003889133571614893 1.1563035000000002 0.002097534180288016 3.663046 0.02134490774634434 0.015367194999999997 0.00010101157296940035 5.329906500000001 0.005214765971455221 3.256264999999999 0.0184224732392327 2.66845 0.005224537969994616 0.0965986 0.001087209272150435 
0.29 100.0 0.0 1.0 0.0 3.379492 0.016101048375803177 0.9508718 0.0005563575451105741 0.08056958499999997 0.0003700500406215545 2.3150280000000003 0.001390277957769272 0.85383055 0.00041144208872179633 1.1960385 0.0021671373139417315 3.5110585 0.020696861915217506 0.015866605 0.00010257394295701505 5.702026000000002 0.0056131427649215165 3.1212814999999994 0.017870583626104834 2.8544655000000003 0.005580417209970792 0.10067466 0.0011239042517581176 
0.3 100.0 0.0 1.0 0.0 3.3022979999999995 0.015563707681663274 0.9409392999999998 0.0005777264236052723 0.082202965 0.00037297526682568725 2.3927845 0.001441463054523289 0.8451876 0.0004339787517775881 1.2356735 0.002236977120464526 3.3664575 0.020060349571666133 0.016344675 0.00010392510232737108 6.085742 0.00602807824269484 2.9928595 0.017328165908066604 3.0462599999999993 0.005946711696410937 0.10479021 0.0011604234722268434 
0.31 100.0 0.0 1.0 0.0 3.2318355 0.015034755676014776 0.9310313999999998 0.0005993358132315236 0.08376673 0.0003754546384785197 2.4704150000000005 0.001493088326196436 0.8365588999999998 0.0004564513440907823 1.2752095 0.002306020541427659 3.2288335000000004 0.0194369537128986 0.016801025 0.0001050685628232629 6.480969000000002 0.006458945111117566 2.8706335000000003 0.01679597691821793 3.2437894999999997 0.006323381313632617 0.10894553 0.001196833604497762 
0.32 100.0 0.0 1.0 0.0 3.1677755000000003 0.014516039774582878 0.9211481500000002 0.0006210869233515916 0.08526167 0.0003775085763330179 2.5479155 0.0015452943853561975 0.8279443000000001 0.00047891469021255176 1.314648 0.0023749222724074245 3.097795 0.01882770763396428 0.01723538 0.00010602216551267241 6.887621000000001 0.006907345977266476 2.7542575000000005 0.016275836827558197 3.447012 0.006709947637642463 0.11314005000000002 0.0012330896753175622 
0.33 100.0 0.0 1.0 0.0 3.109821 0.01400693578017172 0.9112898000000001 0.0006430211722672381 0.08668864 0.0003791605701678697 2.6252895 0.0015977203251967042 0.8193441 0.0005013237172639642 1.35399 0.0024432502941824264 2.972974 0.018234035817667773 0.01764754 0.00010678669659655956 7.305611000000002 0.007372751484251247 2.643399 0.01576837962347607 3.6558845000000004 0.007107005715309467 0.11737405000000004 0.0012692364269018814 
0.34 100.0 0.0 1.0 0.0 3.0576835 0.013509655163532383 0.9014556499999999 0.0006650233464928852 0.08804850499999999 0.00038042512683017157 2.702534 0.001650715511517757 0.8107581999999999 0.0005236815186822258 1.3932315 0.0025114796709388796 2.8540215 0.01765558131689559 0.018037405 0.00010738441285285947 7.7348555 0.007854810547551336 2.537757 0.015273569918324435 3.870362 0.00751438492492323 0.12164715 0.0013052562454839974 
0.35000000000000003 100.0 0.0 1.0 0.0 3.0110884999999996 0.013023371765312534 0.891646 0.000687186681326147 0.089342145 0.0003813334178561778 2.7796499999999997 0.0017039173982762036 0.8021866000000001 0.0005460232797290013 1.4323769999999998 0.0025794999612383774 2.740608 0.01709282876822742 0.018404935 0.00010781231012157441 8.175263000000001 0.008354691768585179 2.4370315 0.014792513246153455 4.0904015000000005 0.00793138850625345 0.12595945000000003 0.0013411560619012886 
0.36 100.0 0.0 1.0 0.0 2.9697855 0.012549081748778232 0.8818606499999998 0.0007093849705141665 0.09057044000000003 0.0003819002567682719 2.8566374999999993 0.0017573670469597624 0.7936292 0.000568323066577297 1.4714254999999996 0.00264715181611455 2.6324289999999992 0.01654715056891125 0.01875015 0.00010808888391040837 8.626755500000002 0.008872755025117937 2.3409535 0.014324803755637595 4.315965 0.008357843785937378 0.1303105 0.0013768813429268585 
0.37 100.0 0.0 1.0 0.0 2.9335315 0.012086419554087197 0.8720998 0.0007316597829579724 0.09173433 0.0003821489419126424 2.9334935 0.001811639350845205 0.7850866000000001 0.0005905527343120116 1.510375 0.0027143171793270393 2.52919 0.016017624496162036 0.019073114999999995 0.00010822661832358816 9.0892435 0.009408404601082911 2.2492655 0.013871549165018527 4.547004 0.008794773914080333 0.1347005 0.001412517022021264 
0.38 100.0 0.0 1.0 0.0 2.9020995000000003 0.011636192020482562 0.8623630499999999 0.0007540293577738419 0.09283472 0.0003821044388384046 3.0102195 0.0018659754118297935 0.7765581499999998 0.0006127401050940319 1.5492294999999998 0.002781777981354112 2.430623 0.015504557025274191 0.01937397 0.00010822889080554572 9.5626395 0.00996240705039206 2.1617224999999998 0.013431520983774878 4.783477999999999 0.009240950427351737 0.1391296 0.0014480144274143425 
0.39 100.0 0.0 1.0 0.0 2.87528 0.011198459626214357 0.8526507999999999 0.0007763629615157323 0.09387256499999998 0.0003817852396492577 3.0868150000000005 0.00192115922034478 0.7680445 0.0006348793684623966 1.5879869999999996 0.002848263690407272 2.336469 0.015007368371903248 0.019652885000000002 0.00010812160359404168 10.0468625 0.01053513972086498 2.0781015000000003 0.013005640012604323 5.025345 0.009696643478548529 0.14359729999999998 0.0014833883158162809 
0.4 100.0 0.0 1.0 0.0 2.8528694999999997 0.010773348329911187 0.84296255 0.0007987776144683813 0.094848765 0.00038121371324220167 3.1632784999999997 0.0019763155460676748 0.7595452 0.0006569784532164128 1.6266459999999998 0.002914952092230397 2.2464910000000002 0.014526635431164421 0.019910045 0.00010790369652493064 10.541825 0.011126250210672334 1.9981859999999998 0.012593366753970726 5.272561999999999 0.010161610295654865 0.14810385000000004 0.0015186034444102407 
0.41000000000000003 100.0 0.0 1.0 0.0 2.8346779999999994 0.010361051891583824 0.83329855 0.0008211688665405003 0.09576432 0.00038041539339247175 3.2396090000000006 0.002032035297409412 0.7510611 0.0006790141636978714 1.6652100000000005 0.002981094178303956 2.1604599999999996 0.014061860812143532 0.020145725 0.00010759467316623804 11.047430000000002 0.011734950148934158 1.9217724999999999 0.01219463164419037 5.5250854999999985 0.010636232356342786 0.15264879999999997 0.0015537108427890658 
0.42 100.0 0.0 1.0 0.0 2.8205275 0.00996129318600382 0.8236587500000001 0.000843582224426808 0.09662013000000001 0.0003794014856387268 3.3158070000000004 0.0020879452937972035 0.7425914500000002 0.0007009544973566366 1.7036769999999997 0.0030468577338033215 2.0781645 0.013613103310320547 0.020360194999999998 0.00010720761014852595 11.563604999999999 0.012362713041712232 1.8486795000000005 0.011809136155426935 5.782873000000001 0.011119874686748575 0.15723269999999998 0.0015886361085851659 
0.43 100.0 0.0 1.0 0.0 2.810253 0.009574223783158461 0.8140429999999999 0.0008660433620823041 0.097417175 0.0003781965334238545 3.3918695000000008 0.002144863803912632 0.7341369 0.0007228677261458574 1.7420490000000002 0.003112592319905313 1.9994034999999997 0.013179494286107263 0.02055375 0.00010674669959772578 12.090254999999997 0.01301333253833767 1.7787255000000002 0.01143730585572827 6.045880000000001 0.011612681279498991 0.161855 0.0016234666473322525 
0.44 100.0 0.0 1.0 0.0 2.8036915000000007 0.009201089127775822 0.8044515999999998 0.0008884302037992193 0.09815641 0.00037683350420978886 3.4677974999999996 0.0022016449390524773 0.7256971000000001 0.000744701869535727 1.7803225 0.003178014543309836 1.9239915 0.012761014581038045 0.0207267 0.00010623243925468027 12.62732 0.013680249632268496 1.71174 0.011077807747926402 6.314064500000001 0.012114830301628457 0.16651619999999998 0.0016581383003236767 
0.45 100.0 0.0 1.0 0.0 2.800695 0.008841127826813936 0.7948842 0.0009108272382848172 0.09883874499999999 0.00037531336170428404 3.5435905000000005 0.0022589034369180903 0.71727265 0.0007664634311988944 1.8185015 0.0032428964117733948 1.8517495000000004 0.012357755145553375 0.020879405 0.0001056744527960873 13.174670000000003 0.014369864473900405 1.6475739999999999 0.01073116951688189 6.587387 0.012625482388846284 0.17121579999999997 0.001692679066746183 
0.46 100.0 0.0 1.0 0.0 2.8011225 0.008494284839672626 0.7853410499999999 0.0009331710440098873 0.09946514000000002 0.00037366942358160965 3.619247 0.002316644243299782 0.7088633999999999 0.0007881713119650876 1.8565835 0.003307856048486326 1.7825145 0.011968483017388292 0.021012195 0.00010507878079682815 13.732245000000002 0.015078657889414177 1.586074 0.010397176501339261 6.865801000000002 0.013144811769221398 0.175954 0.0017270528625377769 
0.47000000000000003 100.0 0.0 1.0 0.0 2.8048375000000005 0.008161498357370107 0.77582185 0.0009555437569110525 0.10003647500000001 0.00037190847596360463 3.6947649999999994 0.002374705613373376 0.7004694 0.0008098059594740921 1.8945694999999998 0.0033720728398936666 1.7161275000000002 0.011593393396131104 0.021125474999999998 0.0001044677940504016 14.299954999999997 0.015805858842685958 1.5271029999999999 0.010075052037087575 7.1492615000000015 0.013672738812546182 0.1807307 0.0017612404990517594 
0.48 100.0 0.0 1.0 0.0 2.8117175000000003 0.0078425081407329 0.7663268999999999 0.0009778182855269045 0.10055383999999998 0.00037008196885323567 3.7701454999999995 0.002433736168466343 0.6920907999999999 0.0008313806577112614 1.9324585000000003 0.00343643414565857 1.6524434999999997 0.011232281675489229 0.02121962 0.00010384103442284065 14.877715 0.01655325991295625 1.4705310000000003 0.009764440124756269 7.437726499999999 0.014209932868876299 0.18554634999999997 0.001795318777091004 
0.49 100.0 0.0 1.0 0.0 2.8216414999999997 0.007538444676290986 0.75685595 0.0010000679363780574 0.101017995 0.0003681604556084103 3.8453849999999994 0.0024926555618621513 0.6837277 0.0008528660829805529 1.9702500000000005 0.0035000315712669493 1.591323 0.01088464076347902 0.021295 0.00010321881732512315 15.465425 0.017318052539184888 1.4162335 0.00946593210611085 7.7311515 0.014754935653430824 0.19040025 0.001829228646007738 
0.5 100.0 0.0 1.0 0.0 2.8344949999999995 0.007249264807558316 0.7474093500000001 0.0010222702633699927 0.10142991500000001 0.0003661995359962906 3.9204820000000007 0.002552056876266885 0.67538035 0.0008742608428725113 2.007947 0.0035633335586163287 1.532634 0.010550233442915015 0.02135203 0.00010260692425462588 16.062985000000005 0.018110261283036593 1.3640974999999997 0.009177696793724715 8.029493500000001 0.01530793299688778 0.1952931 0.0018629953393661477 
