0.01 100.0 0.0 1.0001802600000003 0.00012824550489355457 5.4309774 0.0035465325083165328 1.2394839 1.216872644414922e-05 0.0034606561000000004 7.363256287663369e-06 0.08196064399999999 2.2229436849695513e-05 1.1021891999999998 0.00010800321108357358 0.04271333600000002 3.206312481688707e-05 6.787431900000001 0.00427839548353587 5.2124621e-05 2.1471543825858124e-07 0.007385718 3.1806224422432636e-06 6.033504400000001 0.003896934793707546 0.0037191884000000014 3.358217023106555e-06 0.002918168799999998 1.7059872744124207e-05 
0.02 100.0 0.0 1.0001715500000004 9.34207785730458e-05 5.951912699999998 0.003940476097786251 1.2287994000000002 4.8259676636693724e-05 0.006736995500000004 1.4993433983140762e-05 0.16409154999999997 4.548384850826646e-05 1.0930549999999999 8.291013212101506e-05 0.08541960100000004 6.389992906832763e-05 7.4357827 0.004917886108618239 0.00020588025999999996 8.803533558317844e-07 0.02958619999999999 1.2959717358146842e-05 6.609852299999999 0.004419619100919958 0.014897095999999993 1.3373589041159535e-05 0.0058391732999999975 3.4043595746944214e-05 
0.03 100.0 0.0 1.0001620099999995 6.809684947302151e-05 6.5578062 0.004921062772983985 1.2181009 7.35841144221659e-05 0.009864362299999995 2.2915134694300557e-05 0.24648038999999997 6.984299806848636e-05 1.0838923 6.807038339357006e-05 0.12818033 9.571214139793232e-05 8.1884435 0.006211593303466112 0.0004611652000000001 2.0410523266192496e-06 0.066716335 2.9809640701455024e-05 7.278935399999998 0.00554794504014786 0.033591117999999975 3.0059292087028864e-05 0.008738384899999996 5.1050510943479645e-05 
0.04 100.0 0.0 1.0001533100000004 4.993403181975999e-05 7.118165499999998 0.006339601731018829 1.2073975999999997 9.0648565407879e-05 0.012855681000000006 3.094146682671718e-05 0.32904458 9.521105732061873e-05 1.0747091 5.926552035257187e-05 0.17096075000000005 0.00012753344845508734 8.8823014 0.007977174647738913 0.000814056 3.6914794979516676e-06 0.11881837000000002 5.418892627592546e-05 7.895759299999998 0.007113836827280595 0.059820369 5.34286333663871e-05 0.011629750999999999 6.806963639531897e-05 
0.05 100.0 0.0 1.0001437000000002 3.707061496447912e-05 7.5839732 0.007998116059262771 1.1966999000000003 0.0001018650572767368 0.015727546000000005 3.8895181948914024e-05 0.4116824100000001 0.00012142637941747006 1.0655180000000006 5.3258989736767604e-05 0.2137181800000001 0.0001594150208598953 9.456094499999995 0.01000622941612284 0.0012575972999999995 5.802900221191714e-06 0.18584861 8.649977328836804e-05 8.405866600000001 0.00892167885459141 0.09355955300000003 8.348462853046607e-05 0.014530276000000003 8.507805292929413e-05 
0.06 100.0 0.0 1.0001351299999999 2.8216802323450298e-05 7.9433668 0.009718291508173738 1.1860164 0.0001090120654267431 0.01849657 4.664260546968609e-05 0.49430835999999984 0.0001482986604982299 1.0563293999999996 4.843858390264588e-05 0.25641826 0.00019135860765547255 9.895011100000005 0.012100255926094901 0.0017837579999999997 8.344703529785083e-06 0.26770423 0.0001270116694279883 8.796088600000001 0.010790463873263736 0.13475322999999992 0.00012018901185732552 0.017453752999999995 0.00010204973699579553 
0.07 100.0 0.0 1.0001267399999998 2.2322296725340825e-05 8.2017134 0.011363973031669458 1.1753537 0.00011350829527382338 0.02117752500000001 5.411638865211562e-05 0.5768607899999999 0.0001756168063105914 1.0471490000000003 4.401965458517641e-05 0.29903754000000005 0.0002233674848405867 10.205780400000002 0.014100690233385161 0.0023847442000000008 1.1285104338177073e-05 0.364252 0.00017576346946987677 9.0724041 0.012577345363853326 0.18333092 0.00016346395118144478 0.020409542999999995 0.00011896875046208914 
0.08 100.0 0.0 1.0001185600000002 1.8599039291535353e-05 8.371510700000002 0.01286039274614941 1.1647158000000002 0.00011627692631829218 0.023782536999999996 6.131471811328259e-05 0.6592995599999998 0.00020325748956775302 1.0379812999999998 3.9969652299171996e-05 0.3415619900000001 0.00025542958187722923 10.404039600000003 0.015918985711342933 0.0030533177000000005 1.458943897129285e-05 0.47534745000000006 0.00023276831845096512 9.2487165 0.014202032304122609 0.2392166900000001 0.00021324002705567737 0.023403250999999993 0.0001358232587924228 
0.09 100.0 0.0 1.0001112200000002 1.630165969895165e-05 8.467003399999996 0.014187787569775933 1.1541029999999999 0.00011811430904429154 0.026321113 6.829121035174652e-05 0.7416001500000001 0.00023115382296780052 1.0288308000000006 3.6612478548508066e-05 0.3839841699999998 0.0002875020935800602 10.5076125 0.017532849702425815 0.003782716000000001 1.822521931500334e-05 0.6008443699999998 0.00029804155571629733 9.3408701 0.015643917737242545 0.3023339199999999 0.0002694279895195895 0.026437896 0.00015260443353272283 
0.1 100.0 0.0 1.00010405 1.4893094949248685e-05 8.5015435 0.015359888518068372 1.1435185000000003 0.00011964709560982 0.02880057500000001 7.511714711531416e-05 0.8237469400000001 0.0002593129710646714 1.0196965000000002 3.460791084684954e-05 0.42629985000000004 0.00031954830037788474 10.533210500000003 0.01895980327289068 0.0045665387 2.2159245455861463e-05 0.7405966300000002 0.00037171817029679706 9.363714099999996 0.016918081255346377 0.37260666999999975 0.0003319835396708321 0.029515131000000007 0.00016931335930572502 
0.11 100.0 0.0 1.0000973899999999 1.396393873879155e-05 8.486606099999998 0.016399958299885907 1.1329603999999998 0.00012117779667492103 0.03122638600000001 8.186060588607144e-05 0.9057292100000004 0.0002877903550422162 1.0105811999999998 3.453759697075128e-05 0.46850649999999994 0.00035153383293774385 10.4952008 0.02023050825446605 0.005398638600000001 2.6359461774098373e-05 0.89445801 0.00045412153098100324 9.3300182 0.018050088586135916 0.44995841 0.00040085476125383717 0.032635968999999994 0.00018595624953572445 
0.12 100.0 0.0 1.0000911700000001 1.3330956907707235e-05 8.4317438 0.017326357758508215 1.1224321000000002 0.0001229954710258176 0.033602600999999996 8.85569832762675e-05 0.98753901 0.00031664638747233326 1.0014863999999997 3.669946051806894e-05 0.5106020200000001 0.0003834247224627548 10.405534900000003 0.021367037120989245 0.006273090199999998 3.079700978373889e-05 1.0622814999999997 0.0005456163372789701 9.250410100000002 0.019059519050845943 0.5343127699999999 0.00047603112962494535 0.03580121600000001 0.00020253915244572836 
0.13 100.0 0.0 1.0000854100000005 1.271827865424496e-05 8.3448613 0.018149295632425236 1.1119312000000001 0.00012536094125885106 0.035931899999999996 9.520804358877173e-05 1.0691711999999998 0.0003458900773358225 0.9924103800000001 4.091270406080844e-05 0.5525851700000002 0.0004151782029546649 10.274114499999996 0.02237947389524992 0.0071841484000000014 3.545037318187265e-05 1.2439201000000002 0.0006465950277420279 9.133690500000002 0.019957232057259206 0.62559356 0.0005574907294861026 0.039011453000000015 0.00021905924768175875 
0.14 100.0 0.0 1.0000803000000003 1.2202732948883106e-05 8.232585100000001 0.018872251155328482 1.1014596 0.0001283349461257322 0.038216012 0.0001017856170908691 1.1506206999999997 0.0003754640663340379 0.9833556700000003 4.6719520615310734e-05 0.5944547499999999 0.00044675583250559464 10.1092413 0.023273343758750537 0.008126301 4.030218429080045e-05 1.4392292000000007 0.0007573537044081944 8.987237799999999 0.020746392350285223 0.7237252299999999 0.0006451846848569301 0.042267091 0.00023551165414514727 
0.15 100.0 0.0 1.0000746600000008 1.1658611667255297e-05 8.100527999999999 0.019494614537346463 1.0910168000000002 0.0001319118554259803 0.040455995000000015 0.00010824483531669577 1.2318869999999997 0.0004053442610951549 0.9743215700000002 5.364928189207309e-05 0.63621036 0.00047813803917495974 9.917955300000001 0.024046022751986224 0.009094304700000005 4.533689455827157e-05 1.6480640000000002 0.0008779413875637056 8.817304499999999 0.021426025655908305 0.8286338600000006 0.0007390339490126342 0.04556830600000003 0.00025188585800241665 
0.16 100.0 0.0 1.0000696200000003 1.1170270728654718e-05 7.953475 0.02001446407601157 1.0806034999999996 0.0001361763103684312 0.04265248700000002 0.00011453063844793039 1.3129690999999994 0.00043543957321168545 0.9653086899999996 6.135947315639889e-05 0.67785206 0.0005093097147743137 9.706249000000001 0.024693485788555628 0.010083233999999996 5.053434760893262e-05 1.8702879999999995 0.0010083209905761895 8.629222600000002 0.02199380238185413 0.9402475200000003 0.000838958099125737 0.04891509600000002 0.0002681724189133232 
0.17 100.0 0.0 1.00006451 1.0652638160113084e-05 7.795495000000003 0.02043107620536955 1.0702171000000003 0.00014108035261232245 0.04480564100000001 0.00012060107065938967 1.3938667 0.00046556939450509817 0.9563156399999997 6.956884440236149e-05 0.71938016 0.0005402708664580269 9.479226499999992 0.025214397235884534 0.011088475499999998 5.58662467741283e-05 2.1057666 0.0011483949949420756 8.427526100000001 0.0224487293296903 1.0584966999999996 0.0009448413946837594 0.05230728900000001 0.00028436378765199445 
0.18 100.0 0.0 1.0000600700000002 1.0139795228065041e-05 7.630043100000002 0.02074511274429339 1.0598611 0.0001465208446007253 0.046915474 0.00012641992375115032 1.4745830999999998 0.0004956494264092622 0.9473435699999996 7.811232207265156e-05 0.7607953900000003 0.000571028642167031 9.241223599999998 0.02560875233451933 0.012105818 6.12957199709725e-05 2.3543662999999997 0.0012980974359072797 8.2160709 0.022791611605638872 1.1833126999999997 0.001056615321251295 0.055744611000000006 0.00030045426096792047 
0.19 100.0 0.0 1.0000559300000003 9.677450466898664e-06 7.460013900000002 0.020960282478953863 1.0495324000000001 0.0001525172200254171 0.04898162800000001 0.0001319605677774285 1.5551177999999999 0.0005257291618284392 0.9383917199999999 8.68707765624147e-05 0.8020987000000003 0.000601589328608474 8.995873900000003 0.025880992601463225 0.01313137 6.678521918059702e-05 2.6159617 0.0014570825580845484 7.998086800000003 0.0230264604456945 1.3146318999999997 0.0011741479948925346 0.059226743 0.00031644388226747166 
0.2 100.0 0.0 1.0000513200000005 9.110574706495617e-06 7.287816 0.02108236846846313 1.0392306000000004 0.000159048094577393 0.051003557 0.00013721854238588164 1.6354754999999994 0.0005557273499808228 0.92945971 9.579455548292933e-05 0.8432908799999999 0.000631963161315714 8.7462045 0.026037783388139595 0.01416157199999999 7.229608407211983e-05 2.8904299000000004 0.0016251228476198403 7.776263599999998 0.023159609046147462 1.4523893999999993 0.001297480634314761 0.06275327700000001 0.0003323351521667498 
0.21 100.0 0.0 1.0000471200000003 8.597839977803387e-06 7.115429400000002 0.02111896097387568 1.0289578 0.00016589807592336185 0.05298066200000004 0.0001422002158560886 1.7156578000000007 0.0005855239291198943 0.9205474499999995 0.00010481972755706627 0.8843730799999999 0.0006621616987836497 8.494706700000005 0.026088580681978224 0.015193189000000003 7.780294964709907e-05 3.177652100000001 0.001802204690344806 7.552814799999998 0.023199389969785864 1.5965245999999993 0.001426242072166194 0.06632382399999999 0.00034813031297816274 
0.22 100.0 0.0 1.0000436200000005 8.147131356576905e-06 6.944468199999999 0.021078849535203018 1.0187128 0.00017320878036867287 0.054912241 0.0001469182933612518 1.7956681000000003 0.0006152424187996359 0.91165446 0.00011391667166205194 0.92534625 0.0006921933351850618 8.243410699999997 0.026044208242637045 0.016223274000000006 8.328374603269175e-05 3.4775113999999996 0.0019878618615046485 7.329545799999997 0.02315540509868195 1.7469791999999995 0.0015606855139986358 0.06993795299999997 0.00036383819748199317 
0.23 100.0 0.0 1.0000401900000002 7.624888946529318e-06 6.7762275 0.020971605078944057 1.0084939000000002 0.00018078389833914776 0.056797613 0.00015139391146718015 1.8755081999999998 0.0006447126861019697 0.90278052 0.0001230552627714466 0.9662114699999997 0.0007220766070841373 7.993951599999998 0.025916609100235043 0.017249141000000003 8.872518742831347e-05 3.789895699999998 0.0021823661529022194 7.107908600000001 0.02303811182064115 1.9036940999999998 0.0017005699109169602 0.07359526599999999 0.0003794623068058993 
0.24 100.0 0.0 1.0000363300000001 7.105069294778597e-06 6.611740999999999 0.02080698437040083 0.9983031499999998 0.00018867783303322887 0.05863612699999999 0.00015565222328550304 1.9551811999999997 0.0006741327359140037 0.8939254900000003 0.00013222972393251112 1.0069699099999998 0.0007518348043446803 7.747633499999998 0.025717766412498445 0.018268349999999996 9.412489952717124e-05 4.114696900000001 0.0023853278881073347 6.889063200000005 0.022858343231668115 2.0666141 0.0018458148991422646 0.07729533300000001 0.00039501256975711603 
0.25 100.0 0.0 1.0000333600000002 6.7239498220545775e-06 6.451810600000001 0.02059447545038371 0.9881383500000002 0.0001967603737236487 0.06042714900000002 0.00015971424144687436 2.0346901 0.0007033656729590088 0.8850889099999999 0.00014144426470203195 1.0476218 0.0007814764792382165 7.505474499999998 0.025459830492515777 0.019278641999999988 9.948037577514587e-05 4.451806799999999 0.002596819974063049 6.6739136 0.02262639082290053 2.2356846999999997 0.001996500610845881 0.08103776800000004 0.0004104986824140817 
0.26 100.0 0.0 1.00003049 6.297118237962636e-06 6.297051699999996 0.020343157450148606 0.9780003100000003 0.00020508429322557727 0.062170099999999985 0.00016360563764745775 2.114037 0.0007324674941609561 0.8762705400000005 0.0001506737418171729 1.0881693000000003 0.0008109456609976447 7.2682550999999975 0.025153503168943547 0.020277955 0.00010479704696579285 4.801121800000002 0.002816611845353204 6.463155500000004 0.02235210202032362 2.4108521000000014 0.0021525776654705243 0.08482215000000001 0.00042592398807175943 
0.27 100.0 0.0 1.0000281 5.89863552812187e-06 6.147920200000003 0.02006073231861815 0.9678884600000001 0.00021358646418014835 0.06386442699999999 0.00016734713243354073 2.1932249999999995 0.0007614432020941035 0.8674701499999999 0.00015991711503371848 1.1286128 0.0008403249143051821 7.036559499999999 0.024808766026702615 0.021264392999999996 0.00011007786312656803 5.162540300000001 0.0030448129645518963 6.257304999999997 0.022044028384808283 2.5920650000000007 0.0023140155638984618 0.088648098 0.0004412968598255896 
0.28 100.0 0.0 1.0000253 5.494461059021479e-06 6.0047408 0.019754262858268465 0.9578025000000001 0.00022226681871596274 0.06550967199999998 0.00017095827065159917 2.2722559000000007 0.0007902779396702844 0.8586873300000002 0.00016917122865616895 1.1689539000000007 0.0008696515036957164 6.810804999999998 0.02443413101933901 0.022236205999999998 0.00011532839576462525 5.535961000000001 0.003281336524927394 6.056735 0.02170968396476892 2.779273 0.00248078220124211 0.09251530599999996 0.00045662418297076493 
0.29 100.0 0.0 1.0000224999999998 5.060386074777295e-06 5.867729499999999 0.019429577116540496 0.9477424400000004 0.00023107049023273155 0.06710538199999996 0.00017444935270390473 2.3511312000000006 0.0008190781925833225 0.8499219099999997 0.00017842921068391877 1.2091916999999996 0.000898888236164189 6.5912748 0.024036652138958517 0.023191762000000008 0.00012055016639373052 5.9212859 0.003526122726423141 5.861694799999997 0.021355367697839415 2.9724249000000005 0.0026530632314200374 0.09642339800000005 0.00047190819965731997 
0.3 100.0 0.0 1.0000204 4.73691930138208e-06 5.7370124 0.01909160508501739 0.9377079299999994 0.0002400032030175991 0.06865123599999999 0.00017782892555220358 2.4298535000000006 0.0008476501798998859 0.8411738000000004 0.000187693150635461 1.2493282 0.0009280497118130881 6.378140399999999 0.023622510343284598 0.024129578 0.00012574685707069947 6.318418 0.0037792839771556537 5.672338199999997 0.020986452543197816 3.1714717 0.0028306940988121524 0.100372124 0.00048715259593095386 
0.31 100.0 0.0 1.0000187 4.433181856018659e-06 5.612646699999998 0.018744262723865736 0.9276989400000001 0.0002490557571335601 0.07014690200000001 0.0001811050201400886 2.5084248000000007 0.0008762115666804286 0.8324426999999998 0.0001969634471321407 1.2893642999999997 0.0009571675115196746 6.1714825 0.02319654985741486 0.025048263 0.00013091729565381003 6.727259699999998 0.004040739987824034 5.488738299999998 0.020607307722294622 3.3763645 0.0030137277659882 0.10436118300000002 0.0005023537478868855 
0.32 100.0 0.0 1.0000165 4.05555189078227e-06 5.4946345 0.018390964666585918 0.91771511 0.0002582133857428258 0.07159216900000004 0.00018427509951519556 2.5868448 0.0009047390947855574 0.8237284100000002 0.00020624214316471162 1.3292992000000001 0.0009862430398218367 5.971316699999999 0.02276285496815423 0.025946523 0.0001360604395175524 7.147717199999999 0.004310527529386725 5.3109060999999995 0.020221434019819014 3.587055200000002 0.0032022118558074734 0.10839033000000003 0.000517527230751131 
0.33 100.0 0.0 1.0000144 3.7103101423196232e-06 5.3829297 0.018034411517681405 0.9077563500000002 0.0002674482717596958 0.07298684999999999 0.00018733720347282004 2.665116600000001 0.0009331751520314282 0.8150308000000004 0.0002155180609463673 1.3691354000000004 0.0010152982164786924 5.7775979 0.02232465774890797 0.026823191000000014 0.00014117240951468498 7.579694900000001 0.004588804847615835 5.1388028 0.01983174258761803 3.8034956000000006 0.003396080795035259 0.11245936000000004 0.0005326582130258424 
0.34 100.0 0.0 1.000013 3.416138246835295e-06 5.277453400000001 0.017676522904248575 0.89782253 0.00027675812957941864 0.07433086 0.00019029002796259494 2.7432404999999993 0.0009616078242031685 0.8063497300000002 0.00022479336993323876 1.4088712000000008 0.0010443265320691723 5.590240300000005 0.021884496477843806 0.027677155000000005 0.00014624605103299654 8.023098300000003 0.004875474077490915 4.972350800000001 0.019440529864522986 4.025638100000001 0.0035954729694224726 0.11656819 0.0005477525411525006 
0.35000000000000003 100.0 0.0 1.0000111999999999 3.1185901888474383e-06 5.178102399999999 0.017319180644086808 0.8879135600000002 0.00028612460337800675 0.075624112 0.00019313115665935373 2.8212174 0.000989980793957287 0.7976850700000001 0.00023406226446654504 1.4485088000000002 0.0010733136939364632 5.4091244000000005 0.02144456960506299 0.028507426 0.00015127709220910305 8.477835299999999 0.005170774474817118 4.811445900000002 0.0190495544084803 4.253435500000002 0.003800223631238113 0.12071649 0.0005628245228301856 
0.36 100.0 0.0 1.0000094000000004 2.78861924684446e-06 5.0847519 0.01696370574650242 0.8780293399999999 0.0002955419706964552 0.076866674 0.00019585344553326242 2.8990469000000005 0.0010184091485686414 0.7890368199999999 0.00024331183916074836 1.4880473999999995 0.0011022114735445652 5.234108 0.021006388001751135 0.029313088000000008 0.00015625456166318196 8.943810099999997 0.005474776597314166 4.6559591000000005 0.018660187528046542 4.4868396 0.004010482803655006 0.12490433000000001 0.0005778501904568389 
0.37 100.0 0.0 1.0000082000000001 2.5705245947123194e-06 4.997265199999998 0.01661096751756918 0.8681699700000004 0.00030499115344860377 0.07805856900000002 0.00019845680728397007 2.976731500000001 0.0010468813148895935 0.7804049600000004 0.00025254557565012004 1.5274880000000002 0.0011312268119056915 5.065030699999998 0.020571191470239197 0.030093322000000002 0.00016117244365945632 9.420931000000001 0.005787625059502139 4.505749600000001 0.018273607334032632 4.7258043999999995 0.004226242904338252 0.12913141999999994 0.0005928435131095542 
0.38 100.0 0.0 1.0000068 2.27103522934795e-06 4.9154946 0.016261890611136462 0.8583351300000005 0.0003144793314696939 0.079199892 0.00020093827746690092 3.0542698 0.0010753746787093535 0.7717892899999996 0.0002617742437049806 1.5668309999999994 0.0011601362463178363 4.901721199999999 0.020139887476984756 0.030847397999999995 0.00016602336465677746 9.909103499999999 0.006109157395947804 4.360664299999999 0.0178906702765773 4.970282500000001 0.00444742676247131 0.13339773000000002 0.0006077986031334038 
0.39 100.0 0.0 1.0000056000000002 2.0703612445271087e-06 4.8392887999999985 0.015917169708394324 0.8485250100000001 0.0003239829984696313 0.080290801 0.0002032969640033454 3.1316628999999994 0.0011039870859476972 0.7631901399999996 0.0002709862063062202 1.6060749999999997 0.0011890445113613612 4.744000499999999 0.01971348104642197 0.031574664000000016 0.00017079868304242617 10.408237 0.006440534551556303 4.220543299999998 0.01751210817180996 5.220228099999999 0.0046740384159741685 0.13770322999999998 0.0006227159772889928 
0.4 100.0 0.0 1.0000048000000001 1.8573088499959602e-06 4.7684904999999995 0.015577378895936602 0.8387396599999998 0.0003335027994629427 0.08133148600000001 0.00020553455118308496 3.2089108 0.0011327521854435489 0.7546072300000002 0.00028017239187334196 1.6452218999999986 0.0012179245436176446 4.591683999999999 0.01929243898215316 0.03227456899999999 0.00017549469127409553 10.918238999999998 0.006781032206866969 4.085223700000001 0.017138334616088043 5.475593600000001 0.004906141415655145 0.14204782999999999 0.0006375832096370329 
0.41000000000000003 100.0 0.0 1.0000041 1.679851330045845e-06 4.702943500000001 0.01524283704588467 0.82897897 0.00034304625853068054 0.082322118 0.00020764922060713262 3.2860137999999997 0.0011614722534801975 0.74604084 0.0002893467251311986 1.6842704000000004 0.0012467727372648379 4.4445875 0.018877454055763555 0.032946612 0.00018010623458548268 11.439015000000005 0.007130398498595383 3.954541899999999 0.016769964624111736 5.736332799999998 0.005143716740055626 0.14643143000000003 0.0006524163983614524 
0.42 100.0 0.0 1.0000034 1.4711899165373537e-06 4.6424927999999985 0.014914252364823605 0.8192426600000001 0.0003525953865875453 0.08326290199999999 0.00020964091686976545 3.3629710999999998 0.001190417026896039 0.7374906000000003 0.0002985025865804924 1.723222100000001 0.001275531319047145 4.3025299 0.0184689345883816 0.033590406 0.0001846298111834493 11.970464999999997 0.0074892153628313305 3.8283355 0.016407441870309063 6.002399399999997 0.005386716238747777 0.15085412 0.0006671985760296 
0.43 100.0 0.0 1.0000027 1.2637651879563393e-06 4.5869827 0.014591811288424853 0.8095309200000004 0.00036215794031151333 0.084154057 0.00021151682542174492 3.439783000000002 0.0012195481088708867 0.7289565099999997 0.00030765403800704833 1.7620765999999997 0.001304250108072186 4.165328800000001 0.018067404529305435 0.034205609 0.00018906530909765744 12.512518999999992 0.007858122637872446 3.706442700000001 0.01605107046763902 6.273747500000002 0.0056351694053857725 0.15531575 0.0006819410375354701 
0.44 100.0 0.0 1.0000023 1.138904045768655e-06 4.5362611 0.014276110302805891 0.7998436 0.0003717303468938933 0.08499586200000002 0.00021328346288808012 3.516449199999999 0.0012487911489389163 0.7204388199999998 0.00031678306911392726 1.8008323999999996 0.0013329805333956804 4.0328051 0.01767313347117171 0.034791949 0.00019341202099402137 13.065069 0.008237303405283464 3.5887044999999995 0.01570121706708009 6.550331100000001 0.00588904457258704 0.15981641 0.0006966189724798151 
0.45 100.0 0.0 1.0000019 9.766787610631682e-07 4.490180500000001 0.01396714599935781 0.7901807200000001 0.00038131198357080565 0.08578860700000002 0.00021494545566839627 3.5929695000000006 0.0012782315625557163 0.7119373400000005 0.00032589779784058826 1.8394910999999998 0.0013616717438105722 3.9047836000000014 0.01728643102292541 0.03534922199999999 0.00019767119580039544 13.628019999999998 0.008625916531098697 3.4749658000000023 0.01535812119380009 6.832104099999998 0.006148428220481858 0.16435608999999995 0.0007112602170930426 
0.46 100.0 0.0 1.0000013 8.081445266905822e-07 4.4485955 0.013665371466865686 0.7805422699999999 0.0003908872092753325 0.08653254399999996 0.00021650679380268953 3.6693437999999996 0.0013078444921312041 0.7034521699999999 0.00033499686627425665 1.8780529000000001 0.001390282944546291 3.7810956000000004 0.016907532102183785 0.035877265 0.0002018450528220931 14.201291999999997 0.009025318352301422 3.3650756999999993 0.015021937039715386 7.119018700000001 0.006413097176330161 0.16893475 0.000725839699709922 
0.47000000000000003 100.0 0.0 1.0000011 7.196535815371459e-07 4.411362499999998 0.013370732675050071 0.77092837 0.0004004466085893322 0.087228012 0.00021797392278576606 3.7455703999999996 0.0013376156018993135 0.6949834099999999 0.0003440775421656141 1.9165168000000004 0.0014188385734748173 3.6615743 0.016536658543524166 0.036376009000000015 0.00020593594503675764 14.784776999999998 0.009435317467368204 3.2588865000000005 0.014692856825256414 7.411030699999998 0.006683286910313552 0.17355245999999996 0.0007403681070144813 
0.48 100.0 0.0 1.0000008 5.775810024917432e-07 4.3783454000000015 0.013083751048850215 0.7613389999999999 0.00041000316608497556 0.08787536300000001 0.0002193554168952746 3.8216503 0.0013675833243845525 0.6865311200000002 0.0003531313501418167 1.9548826000000004 0.001447364837343902 3.5460618 0.016173845229493083 0.03684541300000001 0.00020994678512733324 15.378399 0.009855648887319178 3.1562565999999994 0.014370990540129327 7.708092600000002 0.0069588006230982295 0.17820932000000003 0.0007548483642267142 
0.49 100.0 0.0 1.0000007 4.95075243023116e-07 4.3494118 0.012804108137920125 0.7517742600000001 0.0004195478515275958 0.08847493500000002 0.00022065041076947 3.897581700000001 0.0013977354044957002 0.6780953700000001 0.0003621668299715984 1.9931508 0.0014758346837013088 3.434401100000001 0.015819079521194202 0.037285496 0.00021387986635922404 15.982052 0.01028578732818729 3.0570478999999993 0.014056256684692675 8.010156699999996 0.007239710890761221 0.18290537000000012 0.0007692670646338066 
0.5 100.0 0.0 1.0000005 3.570686378666614e-07 4.3244321 0.01253208742252786 0.74223401 0.0004290735015101193 0.08902710400000004 0.00022186749402232977 3.9733642000000002 0.0014280866092878913 0.66967624 0.00037118024600256617 2.0313200999999994 0.0015041659515953344 3.326444000000001 0.015472545636058757 0.03769630100000001 0.0002177372053531025 16.595651999999998 0.010727003167680051 2.9611286000000003 0.013748761341313784 8.317178799999999 0.007525877724634105 0.18764073 0.0007836191713906666 
