0.01 100.0 0.0 1.0000318 0.0003433348773455011 10.946895000000001 0.020598336674291774 1.2391405000000002 4.748934052442042e-05 0.005003705499999999 2.0159686164181454e-05 0.08188129 5.213505389896337e-05 1.1022684999999999 0.0003293639894058526 0.043519315 9.170071108626068e-05 13.682445000000001 0.024761869350849144 7.854146500000002e-05 7.197108478156875e-07 0.007372674 6.7689502657800015e-06 12.164985000000001 0.021949005985450652 0.0037329119999999993 8.830132348973152e-06 0.0025932919999999996 4.522679787250155e-05 
0.02 100.0 0.0 1.0000250999999998 0.00025381125765182777 10.277545 0.018612581060919585 1.2283495 5.485651742159849e-05 0.009648339999999998 3.8858180612351985e-05 0.16335415 0.00010601816530579631 1.0931895 0.0002572814363302961 0.086654855 0.0001845272033433673 12.843010000000001 0.022451096743808664 0.0002711733 2.1895239164029513e-06 0.02925989 2.743168596734338e-05 11.418670000000002 0.019688400265080723 0.014794585000000002 3.5632286816148286e-05 0.0053400955 9.02960058764377e-05 
0.03 100.0 0.0 1.0000206999999999 0.00018667570953180988 9.6750805 0.017703258845089248 1.2176055 0.00012452203631200477 0.014129660000000002 5.667499113361241e-05 0.2446251 0.0001612847001425719 1.0841345 0.00020755177064853445 0.12960770000000002 0.00027724828313219506 12.085355 0.021425403700963658 0.0005571313000000001 4.2499948212316005e-06 0.06548433499999999 6.288075233142464e-05 10.745075 0.018592335618485265 0.03308581000000001 8.032148650884995e-05 0.008159953 0.00013510082546583683 
0.04 100.0 0.0 1.0000162 0.0001365012930522718 9.1058415 0.017487126869155042 1.2069055 0.00017493781037758677 0.018461710000000003 7.345258126844904e-05 0.3257069 0.00021752496293212775 1.075101 0.00017385468065979706 0.1723915 0.0003698065000780941 11.367479999999999 0.021209279337151988 0.0009190333500000002 6.668328234374765e-06 0.11588369999999999 0.00011376194662596434 10.106835 0.01827426094947881 0.058516575 0.00014283215147060065 0.011047546999999996 0.00017968696212734787 
0.05 100.0 0.0 1.0000128 9.918000301655847e-05 8.561459000000001 0.017629647499289993 1.196247 0.0002119918630598626 0.02265326 8.917617770457267e-05 0.40660525 0.00027441196106430855 1.066088 0.00014849006707232852 0.21501305000000004 0.00046216972247655364 10.678895000000002 0.02141304097382386 0.0013424645000000002 9.288261179438755e-06 0.1803035 0.00018048903706220496 9.494660499999998 0.01838577052338354 0.09100238 0.00022309414151888772 0.013999915000000002 0.00022408544500646812 
0.06 100.0 0.0 1.0000087 7.1521853388079e-05 8.042119999999999 0.017890047302910474 1.185629 0.00023811646310524493 0.026710309999999998 0.00010387795456692509 0.48732549999999997 0.00033175234362429654 1.0570975 0.00012832356561191355 0.2574784 0.0005543717858985735 10.019865 0.021753417277553512 0.0018152434999999998 1.2009725751969702e-05 0.25859705 0.00026347348514603816 8.908769 0.01866514891318602 0.13046359999999999 0.0003209990451697684 0.017014775000000003 0.0002683177912359619 
0.07 100.0 0.0 1.0000063499999998 5.140385578192155e-05 7.550116499999999 0.018120190000052144 1.1750469999999997 0.0002577257263582117 0.030637035 0.00011761411528275997 0.5678733 0.0003893923349256065 1.0481254999999998 0.00011039129276842942 0.29979235000000004 0.0006463430601272157 9.393269499999999 0.022052156906735555 0.0023269250000000005 1.476968235101525e-05 0.35062530000000003 0.00036282319454484645 8.3517285 0.018939252061180283 0.17682535000000002 0.0004364964734958807 0.020090245 0.00031238662963345936 
0.08 100.0 0.0 1.0000053 3.681569647502533e-05 7.087516000000003 0.018244621706093495 1.164505 0.00027314602323925177 0.034436495000000004 0.0001304345591617508 0.6482536999999999 0.0004472370965214997 1.0391730000000003 9.421809784630118e-05 0.34195895000000004 0.0007380512057943412 8.8017285 0.02222464118129514 0.002868491 1.7525396755850195e-05 0.4562565000000001 0.0004788546099756308 7.825852500000001 0.019115690961556728 0.23001705 0.0005694059556896769 0.023224685000000002 0.00035629452320200765 
0.09 100.0 0.0 1.0000045 2.627494081270512e-05 6.655476500000001 0.018235419700050128 1.153998 0.0002850417512871417 0.03811109 0.000142387982094709 0.7284720499999999 0.0005053322396061895 1.0302395 8.058062734451503e-05 0.383982 0.0008295289747809274 8.2466975 0.022234641810417947 0.0034321325 2.0247801471705136e-05 0.5753658500000001 0.0006116286915861808 7.332440000000001 0.01915587665703607 0.2899724 0.0007196110143672948 0.026416449999999998 0.00040004535264767313 
0.1 100.0 0.0 1.0000028500000002 1.858228633077135e-05 6.254212500000001 0.01809180551898362 1.1435275 0.00029671271879668187 0.04166287 0.00015351169647626254 0.8085336999999999 0.0005636801845975621 1.021324 7.111399301973694e-05 0.42586535000000003 0.0009206917651281914 7.728463499999999 0.02208156301392305 0.004011096500000001 2.291663534720688e-05 0.7078349 0.00076127060202078 6.871743500000001 0.0190544394994093 0.35662855000000004 0.000886937800735258 0.02966418500000001 0.0004436353103211352 
0.11 100.0 0.0 1.0000019999999998 1.3034953328848427e-05 5.883175 0.01782686786145203 1.1330895 0.00030802635839605083 0.04509374 0.00016385327604292107 0.8884430000000002 0.0006220554195412983 1.012425 6.814139707700575e-05 0.4676118000000001 0.0010116256066324827 7.246345499999999 0.021780983477295394 0.004599558 2.551707425038723e-05 0.8535505500000001 0.0009279482433662455 6.4431625 0.018821868423128163 0.42992605 0.0010712591154216733 0.032966575000000005 0.0004870652302245711 
0.12 100.0 0.0 1.00000225 9.264683580155225e-06 5.541255 0.017460492912586736 1.122686 0.00032004249717720607 0.04840557499999999 0.00017345204767826871 0.9682042 0.0006807254020583676 1.003541 7.306469746313669e-05 0.5092248500000001 0.001102269724873521 6.798985 0.021356843276809496 0.005192504000000001 2.8037547355279495e-05 1.0124050000000002 0.0011116587830745039 6.0454825 0.01847830767244404 0.50980775 0.0012724851902384086 0.036322375000000004 0.0005303315527985555 
0.13 100.0 0.0 1.0000015999999998 6.505537069386191e-06 5.2270005 0.017013205142996927 1.1123159999999999 0.0003330746162878948 0.0516003 0.00018234446139108045 1.0478200000000002 0.0007394876604514188 0.9946759000000001 8.562163563494039e-05 0.5507070000000001 0.001192668331933553 6.384572500000001 0.020834912465304754 0.0057856374999999995 3.0470732858563157e-05 1.1842905000000001 0.0013125403755649728 5.6770950000000004 0.018045556108073648 0.59621925 0.001490401031393257 0.039730520000000005 0.0005734367464943028 
0.14 100.0 0.0 1.00000095 4.485240855873967e-06 4.938752 0.016504849902372803 1.1019785 0.0003469223796480106 0.054679880000000014 0.00019056863692633005 1.127297 0.0007980899385290019 0.9858258 0.00010280932840811659 0.59206095 0.0012827793915459818 6.0010455 0.020239535128988625 0.0063752905 3.281072680903775e-05 1.3691080000000002 0.001530310197299321 5.336172 0.017545332293808363 0.6891073000000001 0.0017248916619599362 0.043189995 0.0006163757489743928 
0.15 100.0 0.0 0.9999998499999998 2.8725239794480333e-06 4.674769 0.015953661756776788 1.0916725 0.0003620717297796097 0.05764632999999999 0.00019816486117648542 1.206634 0.000856929226963876 0.9769910499999999 0.00012293802260144272 0.63328885 0.0013726551119534632 5.6462475 0.019592245454187723 0.006958341499999998 3.505492600389873e-05 1.5667560000000003 0.001765516411685222 5.020788999999999 0.01699676729412163 0.78842125 0.0019758207596784526 0.04669982000000001 0.0006591537597024994 
0.16 100.0 0.0 1.0000004499999997 2.18458595525192e-06 4.4333115 0.015374127654512678 1.0813964999999999 0.00037886163372537386 0.06050173000000001 0.0002051687175349934 1.2858319999999996 0.0009159594969331696 0.9681718 0.00014483653885913512 0.67439315 0.0014623068304489987 5.318006000000001 0.018911762072825314 0.007532156000000001 3.720117982939881e-05 1.7771414999999997 0.002018295354391758 4.729016499999998 0.01641637390346168 0.8941109500000002 0.0022430290150476997 0.05025916500000001 0.0007017694443431909 
0.17 100.0 0.0 1.0000005499999998 1.6770262269804983e-06 4.212684500000001 0.01477830341199917 1.0711514999999998 0.0003965357960015051 0.06324823500000001 0.00021161824133009556 1.364898 0.0009752788319248962 0.9593674999999999 0.00016789853341382766 0.7153754999999998 0.0015516767616087146 5.014226499999999 0.01821275180026177 0.0080945175 3.924944581058116e-05 2.000168 0.0022881736822244485 4.4589895 0.015817792315531543 1.0061283500000002 0.0025265344142413925 0.053867195000000014 0.0007442230664415684 
0.18 100.0 0.0 0.9999993500000001 9.307919421097752e-07 4.011277000000001 0.01417591780272129 1.0609365000000002 0.00041505257195723446 0.06588803 0.0002175479792023532 1.443832 0.0010345239484927792 0.9505780999999999 0.00019162694096955138 0.7562382 0.0016408613448444644 4.732900999999999 0.017508036824568467 0.008643582 4.1199892133344483e-05 2.2357415 0.0025750611910308175 4.208929 0.015211975609693637 1.1244245000000002 0.0028257901970058738 0.05752314000000001 0.0007865153588900617 
0.19 100.0 0.0 0.9999999 8.212790909706909e-07 3.8275865000000002 0.01357500168093724 1.0507505 0.00043467141326633665 0.06842330999999999 0.00022298917371724235 1.5226330000000001 0.0010938005074086858 0.9418033500000002 0.0002158698945062304 0.79698275 0.0017297294699992374 4.472160500000001 0.01680632323672572 0.009177824499999997 4.305484755216913e-05 2.483769 0.0028800424389006534 3.977165999999999 0.014607492485037551 1.2489535 0.003141346866789092 0.061226340000000004 0.0008286512668909382 
0.2 100.0 0.0 0.99999975 5.739123764397038e-07 3.660211499999999 0.012980939474399971 1.040594 0.00045524795441793627 0.07085635000000001 0.0002279769486700406 1.601302 0.0011531874522439538 0.9330430999999999 0.00024044336030137978 0.8376110000000001 0.0018184489654612026 4.230268499999999 0.016115554447104278 0.009696009500000002 4.481553647158782e-05 2.744164 0.003201569958641848 3.76216 0.014010951966227439 1.3796700000000002 0.003472303558156993 0.064976055 0.0008706300372854719 
0.21 100.0 0.0 0.9999995500000003 1.4947654789491652e-07 3.5078625000000003 0.012398494139910008 1.0304655 0.0004763304918952223 0.07318940000000002 0.00023253859195828587 1.6798455 0.0012126698798310275 0.9242972499999998 0.00026520723856513786 0.8781246000000001 0.001906913050451727 4.0056245000000015 0.015440407175222074 0.010197135999999999 4.648476645848807e-05 3.0168334999999997 0.0035411888734618742 3.562486 0.01342748113757714 1.5165295000000003 0.0038184809463211746 0.06877165499999999 0.0009124497865493031 
0.22 100.0 0.0 0.99999975 9.682888744047121e-08 3.3693630000000008 0.01182989030168114 1.0203669999999998 0.0004983086895128474 0.075424725 0.00023669804444446422 1.7582574999999998 0.0012720414449024393 0.9155658499999999 0.00029011536736964086 0.9185249499999999 0.0019951748362947 3.7967674999999987 0.014785621256408926 0.010680435000000002 4.806681457875415e-05 3.3016935 0.003898032149382306 3.376846499999999 0.012859910988717088 1.6594840000000002 0.0041809950609849374 0.07261255000000003 0.0009541174116296486 
0.23 100.0 0.0 0.9999998 8.943800586117878e-08 3.2436324999999995 0.011278146210155715 1.0102955 0.0005204697277430471 0.07756461 0.00024049285861529694 1.8365425000000002 0.0013319598107478488 0.9068485 0.0003151065732591807 0.9588136 0.0020832422727540736 3.602357999999999 0.01415344649901593 0.01114529 4.956058459098664e-05 3.5986515 0.004272996856715738 3.2040495 0.012312202574582258 1.8084925000000003 0.004558254154544556 0.07649808999999999 0.0009956288400277884 
0.24 100.0 0.0 0.9999998999999999 6.713795856278426e-08 3.129689 0.010745094413273065 1.0002514999999998 0.0005432969699055767 0.07961131999999999 0.00024393791050210698 1.9147005000000004 0.0013917608405923155 0.8981454000000001 0.00034019543940940936 0.9989914499999999 0.002171055427065357 3.4211799999999997 0.013545987653181015 0.011591294999999998 5.0969331698131065e-05 3.9076244999999994 0.004664946273836252 3.0430170000000003 0.01178511695104892 1.9635120000000001 0.004951272745463653 0.08042776500000001 0.0010369895302815963 
0.25 100.0 0.0 1.0 0.0 3.0266385 0.01023077426872219 0.99023435 0.0005663780375117862 0.08156709 0.00024706197713331754 1.99273 0.0014514348073777466 0.8894566500000002 0.00036526476885517003 1.0390615 0.0022586544971475568 3.252127 0.012965114964771866 0.012018134999999998 5.2303623810912726e-05 4.228529000000001 0.005075215803256347 2.892761 0.011280348463148852 2.124498 0.0053591702995914176 0.084400985 0.0010781961418099147 
0.26 100.0 0.0 1.0 0.0 2.9336659999999997 0.00973623329117249 0.9802444999999997 0.0005898356275451261 0.08343415999999998 0.0002498839678133631 2.0706345 0.0015115271209752764 0.8807815999999999 0.00039031149996617383 1.079024 0.0023461291950787008 3.09419 0.012409641614485331 0.01242559 5.355658078144699e-05 4.561275 0.005503596937435891 2.7523855 0.010798793253764132 2.291407 0.005782410271680449 0.08841724499999998 0.001119251626634516 
0.27 100.0 0.0 1.0 0.0 2.8500315 0.009262280666091452 0.9702811499999999 0.0006135375957366417 0.08521469999999999 0.00025242116056320814 2.1484129999999997 0.0015716302205192845 0.8721207999999999 0.000415396338452529 1.118878 0.002433554766180639 2.946454 0.011882394926947154 0.0128136 5.4734164376551814e-05 4.9057815 0.005949422000298434 2.6210789999999995 0.010340007927954701 2.4641990000000003 0.00622068677477912 0.09247603999999998 0.0011601664955816313 
0.28 100.0 0.0 1.0 0.0 2.775058499999999 0.008807856898114494 0.9603443 0.0006374971376320644 0.086910895 0.00025469248442732556 2.2260670000000005 0.0016319537523835524 0.8634741500000003 0.00044043475833893306 1.1586295 0.002520370952359466 2.808086 0.011380883278554159 0.013182165 5.583784750285183e-05 5.261964999999999 0.006413455211538512 2.4980984999999998 0.00990431156807468 2.6428315000000002 0.006673704154179375 0.09657682 0.0012008933892648822 
0.29 100.0 0.0 1.0 0.0 2.7081365 0.0083737156410674 0.9504333999999999 0.0006616228019056036 0.08852484499999999 0.00025672249175668114 2.3035934999999994 0.0016924541759275008 0.85484135 0.0004654835887231335 1.1982760000000003 0.0026071776310721173 2.6783305 0.01090610641968449 0.013531325 5.6874312688143774e-05 5.629742 0.006895956191869449 2.3827724999999997 0.00949122028179384 2.8272614999999996 0.0071413017116977165 0.10071926 0.0012415012787024369 
0.3 100.0 0.0 1.0 0.0 2.6487039999999995 0.00795858408890094 0.9405482500000003 0.0006859274738262087 0.09005859499999999 0.00025852481790708477 2.3809955000000005 0.001753216255186231 0.8462225 0.0004904759601684484 1.2378205 0.0026937837213654252 2.5564985 0.010456833370457528 0.013861184999999998 5.784511443285511e-05 6.009031 0.007396471080846825 2.27449 0.00910084270823269 3.0174500000000006 0.007623445415291483 0.10490286000000001 0.0012819463660660587 
0.31 100.0 0.0 1.0 0.0 2.596253 0.0075631909965322595 0.9306883500000002 0.0007103626477770329 0.09151419500000002 0.00026011216681182597 2.4582699999999997 0.0018139417024991065 0.8376177 0.0005154252957501671 1.277261 0.00278067005414555 2.4419650000000006 0.01003262897997239 0.014171940000000003 5.874732606679304e-05 6.399746500000001 0.007915182697581095 2.1726924999999992 0.008732106729628538 3.2133535 0.008120551252067449 0.10912712499999999 0.0013222545915382016 
0.32 100.0 0.0 1.0 0.0 2.5503159999999996 0.00718637149054813 0.9208537 0.0007348870358772607 0.09289360499999999 0.00026149844669479523 2.535421499999999 0.0018747609548357884 0.8290268000000001 0.0005403226748802558 1.3166015 0.0028664613441490234 2.3341560000000006 0.009632556057446624 0.01446377 5.958861808264317e-05 6.801809 0.008452627724531196 2.0768735 0.008384359494768573 3.4149344999999998 0.0086320641354006 0.11339175000000001 0.001362405084537959 
0.33 100.0 0.0 1.0 0.0 2.5104725 0.00682816351133117 0.91104425 0.0007595116420277401 0.09419873999999999 0.00026270565966495 2.612447 0.0019356311761248495 0.8204497500000001 0.000565155739039055 1.355843 0.0029524583062249497 2.2325530000000002 0.009255753159517176 0.014736870000000004 6.0367561694938296e-05 7.2151365 0.009008908237843416 1.9865715000000002 0.008056751276880892 3.6221460000000008 0.00915787247125373 0.11769639999999999 0.0014023730573566816 
0.34 100.0 0.0 1.0 0.0 2.476335 0.006487859990007718 0.9012593500000001 0.000784171971804448 0.09543143499999998 0.00026373925573173985 2.689347 0.0019970861398435347 0.8118869500000001 0.0005899556528808498 1.3949850000000004 0.0030386653731429157 2.136685 0.008901006726769242 0.014991544999999998 6.109320153465168e-05 7.639645999999997 0.009583438667922245 1.9013640000000003 0.00774822897183195 3.834953500000001 0.009697921794753468 0.12204060000000001 0.0014422431286020656 
0.35000000000000003 100.0 0.0 1.0 0.0 2.4475504999999997 0.006164806585573191 0.8914991999999999 0.0008089176027366436 0.096593505 0.0002646143235423821 2.7661209999999996 0.0020582854393909385 0.8033379500000001 0.0006146627671858878 1.4340285000000002 0.0031241617495724816 2.0461169999999997 0.008566939012859064 0.015228035000000001 6.176502419449901e-05 8.075258 0.01017699495436219 1.8208674999999999 0.007457921757265157 4.0533125 0.01025249291331904 0.12642415 0.0014819137749460792 
0.36 100.0 0.0 1.0 0.0 2.423791 0.005859390706376435 0.88176345 0.0008336660946533614 0.097686675 0.0002653424805678376 2.84277 0.002119684410464475 0.79480315 0.0006393470703569093 1.4729740000000002 0.003209853688245406 1.9604575 0.008253328021925951 0.015446629999999998 6.237845425306159e-05 8.521889999999997 0.010789025002405667 1.744733 0.007184896697238919 4.277183999999999 0.010820707934335067 0.13084669999999998 0.0015214792524055058 
0.37 100.0 0.0 1.0 0.0 2.4047665 0.005570623227022379 0.87205175 0.0008584769300200235 0.09871267 0.00026594410917528676 2.9192910000000003 0.002181670105685026 0.7862823000000001 0.000663944452105184 1.5118245 0.0032949464695992757 1.8793474999999997 0.007958530482289772 0.015647635 6.294406734355807e-05 8.979461000000002 0.01142035903323574 1.6726405 0.0069285889066606175 4.5065275 0.011403134127845787 0.13530805000000004 0.0015608275585003658 
0.38 100.0 0.0 1.0 0.0 2.3902045000000003 0.005298709535106144 0.8623642 0.0008832529297960425 0.099673085 0.00026642126090793824 2.9956845000000003 0.0022435440128001968 0.7777755499999999 0.0006884737775587967 1.550577 0.003379731283697357 1.8024565000000004 0.0076813981889654985 0.015831319999999996 6.346523796541563e-05 9.447887500000002 0.012071230402716413 1.6042985 0.006687730940870375 4.741301000000002 0.01199994203941107 0.13980770000000003 0.001600053411764594 
0.39 100.0 0.0 1.0 0.0 2.379856 0.005043214024800319 0.8527004999999999 0.0009080378530163191 0.10056939499999999 0.0002667810536259692 3.0719529999999997 0.0023058383616497437 0.7692831499999999 0.0007129253511983256 1.589235 0.0034647818473866566 1.729485 0.007420926104603875 0.015998030000000003 6.393990424604329e-05 9.927092000000002 0.0127424721227171 1.539439 0.00646162034245122 4.981465499999999 0.012610166701442039 0.14434589999999997 0.0016391491892137847 
0.4 100.0 0.0 1.0 0.0 2.3734945 0.00480508712068867 0.8430607500000002 0.0009328253048395824 0.10140322499999999 0.00026704188584149345 3.1480935 0.002367948824930619 0.7608046500000002 0.0007373398750626967 1.6277965 0.003549492729598491 1.6601609999999998 0.00717619791045657 0.01614806 6.436915115178866e-05 10.416990000000002 0.013427378560162942 1.4778190000000002 0.006248868493571016 5.226977499999999 0.013234242703603618 0.148922 0.001678065874749943 
0.41000000000000003 100.0 0.0 1.0 0.0 2.370908 0.004583469406469585 0.83344445 0.0009575844048323688 0.10217584999999998 0.0002672138027406979 3.2241045000000006 0.0024309079039152846 0.7523405999999999 0.0007616931777372534 1.6662649999999999 0.0036338717299896654 1.5942300000000003 0.0069459172540404564 0.016281735000000002 6.47664740722107e-05 10.9175 0.014139519086556496 1.4192145 0.006049162317007018 5.477797000000001 0.013872070899823122 0.15353584999999997 0.0017167999931196128 
0.42 100.0 0.0 1.0 0.0 2.371909 0.004379267398784668 0.8238519000000002 0.0009823006792624403 0.10288895 0.0002672977129998842 3.2999865 0.002493407334827538 0.74389115 0.0007859516119838005 1.7046379999999999 0.003718090275941337 1.5314645 0.006729652014592178 0.0163994 6.512019387255102e-05 11.428535 0.0148656958717645 1.3634245000000003 0.005861510747021945 5.7338865 0.014523513439860627 0.15818775000000002 0.0017554240611245134 
0.43 100.0 0.0 1.0 0.0 2.3763189999999996 0.004192923198687993 0.8142826500000002 0.0010070495600336502 0.10354370000000002 0.0002673514737192644 3.3757405 0.002556129248985243 0.7354558000000001 0.0008101664291939473 1.7429169999999998 0.0038019285961251315 1.4716529999999999 0.006525854966975793 0.016501329999999998 6.544747401546203e-05 11.95001 0.015613268235687237 1.3102585000000002 0.00568465919272813 5.995201000000001 0.015188569697290051 0.1628772 0.0017938640578371735 
0.44 100.0 0.0 1.0 0.0 2.3839745 0.004025233190453422 0.8047371000000002 0.0010316779800349607 0.10414145 0.0002673288188262471 3.4513629999999997 0.0026193118466817816 0.7270352 0.0008342695146066971 1.781102 0.0038857989912018647 1.4146044999999998 0.0063339941772566945 0.016587880000000003 6.574374479748207e-05 12.481864999999999 0.016382161449271734 1.259546 0.005518554267196222 6.261699999999999 0.015866854855330174 0.16760395 0.0018321747016523476 
0.45 100.0 0.0 1.0 0.0 2.3947255 0.0038763614688961485 0.7952147999999999 0.0010563009102563313 0.10468325000000003 0.0002672726031124344 3.5268564999999996 0.002682349182645388 0.7186290000000001 0.0008582740325738644 1.819194 0.003969224319694981 1.360139 0.0061531235929418535 0.01665936 6.601513288631627e-05 13.023995000000003 0.01717207831761784 1.2111299999999996 0.005361673852450553 6.533343 0.016558960128874964 0.1723681 0.0018703082070879167 
0.46 100.0 0.0 1.0 0.0 2.4084339999999997 0.003747030717790262 0.78571575 0.001080868208602635 0.10517075000000001 0.00026717994755412385 3.602214 0.002746174102268065 0.7102375000000001 0.0008822584046083482 1.857193 0.004052584860307741 1.3080954999999999 0.0059830421390401605 0.016716125 6.62601199346688e-05 13.576325 0.017979314329209507 1.1648649999999996 0.005214009038164279 6.8100869999999984 0.01726372362938269 0.17716970000000004 0.0019082866570564177 
0.47000000000000003 100.0 0.0 1.0 0.0 2.424974 0.0036385001305423185 0.7762402999999999 0.0011053925752876198 0.10560474999999998 0.00026706338082035377 3.6774430000000002 0.0028099787454433757 0.7018607500000001 0.0009061494520077657 1.8950979999999997 0.004135964010970492 1.258323 0.00582168768914893 0.016758460000000003 6.648424414850385e-05 14.138765000000001 0.01880506351361794 1.120618 0.005074668885751691 7.091891499999998 0.017982625284958285 0.18200855 0.00194612574423513 
0.48 100.0 0.0 1.0 0.0 2.444223 0.0035504297697546592 0.7667877499999999 0.0011298473389748291 0.10598634999999998 0.0002669914912039463 3.7525370000000002 0.002873795756496424 0.6934989999999999 0.0009299556521746948 1.932911 0.004218897717412533 1.210687 0.005669561671768649 0.0167867 6.669678627937946e-05 14.711234999999999 0.019654946292262606 1.0782669999999999 0.004943219199067364 7.378713500000001 0.01871384306166553 0.1868844 0.0019837547963396547 
0.49 100.0 0.0 1.0 0.0 2.4660734999999994 0.0034845589588426698 0.7573586500000002 0.0011542157624794777 0.10631674999999999 0.00026685179290214495 3.827496 0.002937900474826723 0.6851521 0.000953680758691985 1.9706304999999997 0.004301480005478943 1.1650545 0.005525493438372226 0.016801194999999998 6.688749714076341e-05 15.293664999999999 0.02052354291422378 1.03769795 0.004818255477076041 7.6705119999999996 0.019458628222479762 0.19179775000000002 0.0020212320449108437 
0.5 100.0 0.0 1.0 0.0 2.490423 0.0034404050706407204 0.74795265 0.0011785649224297318 0.1065969 0.00026678418150237216 3.9023199999999996 0.0030025378432527294 0.6768204999999999 0.000977342761012881 2.0082570000000004 0.004384099856295923 1.1213165 0.005389202180054525 0.016802235000000006 6.707491829096757e-05 15.885945000000001 0.02141392359535392 0.9988104499999999 0.004700457404059651 7.967243000000001 0.02021623769522964 0.1967482 0.0020585869639147695 
