0.01 100.0 0.0 1.0 0.0 9.521335800000001 0.010591130081501202 1.2389782000000003 2.8333028865984747e-06 0.005160743000000001 1.3473413374122804e-05 0.08301222999999996 2.3541280743922573e-05 1.1018883000000002 2.5886482331817246e-06 0.044086491999999984 1.1275250834317089e-05 11.900670000000002 0.01323892990387919 0.00018747517 9.582405642691635e-07 0.007770760799999999 3.982438895171853e-06 10.578398000000002 0.011768312706567318 0.0039791179000000015 1.9088319427878587e-06 0.0023654054000000007 4.510041484109463e-06 
0.02 100.0 0.0 1.0 0.0 10.625822999999999 0.0123945707352139 1.2280584000000003 5.0412678673346025e-06 0.0093955085 2.4393421240718734e-05 0.16613625 4.461989774725898e-05 1.0926512999999993 5.003308686946404e-06 0.08776587700000003 2.030706344245101e-05 13.278334999999997 0.015492830172390878 0.0006581302000000001 3.075451149505946e-06 0.030940910000000016 1.4958352816578897e-05 11.803025999999997 0.013771214515815377 0.015799521000000004 7.149566601390725e-06 0.004893652499999998 8.122804778380736e-06 
0.03 100.0 0.0 1.0 0.0 11.928294000000008 0.016146337715955757 1.2170808000000002 7.27554730748557e-06 0.013308555 3.5111491576829396e-05 0.25004081999999994 6.539578332367213e-05 1.0833289000000002 7.26070864677438e-06 0.13167464000000004 2.9224457291237876e-05 14.90148 0.020183601363488537 0.0013671099000000001 6.533868594477351e-06 0.06972847599999998 3.2588076842369545e-05 13.245907000000003 0.017940898430942015 0.035547782 1.5570930825136924e-05 0.0073301215999999995 1.1689957368378675e-05 
0.04 100.0 0.0 1.0 0.0 13.115088 0.02008154930676289 1.2060703999999998 9.40310618520353e-06 0.016952786999999997 4.732393262727693e-05 0.33448098999999987 8.535252486358333e-05 1.0739469999999998 9.428149684143393e-06 0.17571691000000006 3.754560718021675e-05 16.378048 0.02510240842945869 0.002275692299999999 1.1454256185243152e-05 0.12424039 5.520524412623534e-05 14.558512000000006 0.022312548365377237 0.06325801799999999 2.6309091637594887e-05 0.009713248499999999 1.5016689104717013e-05 
0.05 100.0 0.0 1.0 0.0 14.079220999999997 0.023951039655738658 1.1950563 1.1641868324195225e-05 0.020341827999999996 5.945037571085585e-05 0.4192088799999998 0.00010801061548878244 1.0645324 1.2035879687561333e-05 0.21977534999999995 4.652708754446953e-05 17.574287000000012 0.029937480844350727 0.0033575362000000013 1.7618012359955022e-05 0.19447553000000004 8.527664563580913e-05 15.621967000000005 0.02661082212388736 0.09891655499999998 4.062300364116381e-05 0.012089861 1.8612348314774393e-05 
0.06 100.0 0.0 1.0 0.0 14.803541000000006 0.027418586181427246 1.1840598999999998 1.4276901377683278e-05 0.023496827999999997 7.017419951919845e-05 0.5040215600000002 0.0001339342034829547 1.0551091 1.4890328955347613e-05 0.2637591999999999 5.724573871103153e-05 18.46881700000001 0.03426991088557312 0.004594129999999999 2.4526625612179017e-05 0.28034044 0.00012475783768444668 16.417235000000005 0.030461999552677938 0.14246725000000005 5.992524905926352e-05 0.014496328000000001 2.2898350686451646e-05 
0.07 100.0 0.0 1.0 0.0 15.313605000000004 0.03033557942002284 1.1731031 1.7410166588690878e-05 0.026416900000000007 8.060816644730586e-05 0.5887613300000001 0.0001636197415041659 1.0456930999999994 1.8161880585753212e-05 0.30758912000000005 6.964552430516884e-05 19.09354799999999 0.037913827358413324 0.005964898300000001 3.168806727651598e-05 0.38167021999999995 0.00017565494446774462 16.972706999999993 0.03370076904926531 0.19381758999999998 8.475085261571425e-05 0.01696435100000001 2.7859869400037004e-05 
0.08 100.0 0.0 1.0 0.0 15.650693 0.033013541047737446 1.1621947 2.0901413849185175e-05 0.02909201900000001 9.201884639238283e-05 0.6733468799999999 0.00019719774455200043 1.0362942999999998 2.1927724555379072e-05 0.3512194500000001 8.374225381443687e-05 19.500154 0.04125884621315871 0.0074508399000000015 4.0082942818734054e-05 0.4983074700000001 0.00024014216599734856 17.334301000000004 0.03667377527591041 0.25287917 0.0001154273616223402 0.019512222 3.349916323076861e-05 
0.09 100.0 0.0 1.0 0.0 15.861292999999996 0.03538750449680197 1.1513349999999998 2.452896261870515e-05 0.031528265 0.00010412524408974518 0.75779181 0.00023221839879692088 1.0269117 2.5777530851743888e-05 0.39466006 9.817219445434838e-05 19.746728 0.04422019534282983 0.009040631900000002 5.017474290510502e-05 0.6301617399999998 0.0003180438279979573 17.553651 0.039306081043404 0.31960116999999993 0.0001519357272383926 0.022135975000000002 3.926948050012133e-05 
0.1 100.0 0.0 1.0 0.0 15.990905999999994 0.03746281038099416 1.1405136999999999 2.811108514161451e-05 0.033733396000000006 0.00011614737381374955 0.8421561 0.00026755880493825173 1.0175380999999997 2.973035318145745e-05 0.43794475000000027 0.00011272376090794075 19.890140999999996 0.04680854661480803 0.010726418699999997 6.0988824184874435e-05 0.7772199699999995 0.0004090949590254033 17.681320000000003 0.04160635884091905 0.39397314999999994 0.0001950873001384227 0.024822108000000006 4.508865242338018e-05 
0.11 100.0 0.0 1.0 0.0 16.077281999999997 0.03961612139975201 1.1297195000000004 3.201074020065173e-05 0.035716099 0.0001279238671123884 0.9265260499999995 0.00030388222370008157 1.0081635999999998 3.375011704016062e-05 0.4811210699999998 0.00012814444136657053 19.977598999999998 0.049492272821005025 0.012491379999999998 7.308829201726339e-05 0.9395620400000004 0.0005127963903723239 17.759251000000003 0.043991251527875794 0.47602670999999996 0.0002449908999500976 0.027551576999999997 5.12580256322253e-05 
0.12 100.0 0.0 1.0 0.0 16.145455 0.04166186288142009 1.1189445000000002 3.604479843858003e-05 0.03749051500000001 0.00013947134035613388 1.0109542999999996 0.0003415289228050981 0.9987829099999999 3.7948004216059064e-05 0.5242222700000001 0.00014426149718555558 20.040370999999997 0.05204076029989031 0.014326591000000007 8.757533835611837e-05 1.1172533999999998 0.0006293026651866411 17.815253000000002 0.0462561516655733 0.5657901999999999 0.00030094749110422747 0.03031109999999999 5.770463213647084e-05 
0.13 100.0 0.0 1.0 0.0 16.212772 0.04338544050899753 1.1081775000000003 4.027837507353519e-05 0.039065694 0.0001509079253175301 1.0955148999999995 0.0003804616536720228 0.9893871799999998 4.226736891110935e-05 0.5672903699999999 0.00016119643212861713 20.100125000000002 0.054184737507422864 0.016231749 0.00010410825575808232 1.3104360999999998 0.000760794872424709 17.868583000000005 0.04816079569638579 0.6633339699999999 0.0003643133037554934 0.03308384200000001 6.447814574221615e-05 
0.14 100.0 0.0 1.0 0.0 16.293345999999996 0.04484710573540039 1.0974044000000003 4.4490969746928906e-05 0.04045250900000001 0.00016082301285633762 1.1803146 0.000418796070177179 0.9799650700000001 4.652598036691606e-05 0.6103836399999999 0.00017821851223722422 20.174484999999994 0.05600072832340771 0.018206744999999996 0.00012075664448282543 1.5193645000000007 0.0009039353336876197 17.934897999999997 0.04977604725128531 0.76878587 0.00043351882650235417 0.035846550999999977 7.128632939777477e-05 
0.15 100.0 0.0 1.0 0.0 16.396504999999994 0.04618121794356601 1.0866136999999996 4.873574771010169e-05 0.041662317 0.00016950674045626955 1.2654283999999998 0.00045590759415765886 0.9705079999999998 5.066715904799863e-05 0.65354524 0.00019479049315776159 20.275059000000002 0.05765805355879818 0.02024065700000001 0.00013740498291003569 1.7443088 0.001055557580424713 18.024526999999992 0.05124860005612417 0.8822746599999999 0.0005071809121469345 0.03858190699999998 7.79166188981978e-05 
0.16 100.0 0.0 1.0 0.0 16.526812999999994 0.04743466449035384 1.0757993000000001 5.2846618637339166e-05 0.042696919 0.0001781483829491445 1.3509082000000003 0.0004923523002720065 0.9610102699999996 5.4711409915536483e-05 0.6968024300000003 0.00021123881661621745 20.407536000000015 0.05921269354652244 0.022318006999999994 0.00015428244360429154 1.9855492000000003 0.0012150465726000655 18.142504000000006 0.052631297759397046 1.00393391 0.0005847313735517775 0.04127905100000001 8.449414831205946e-05 
0.17 100.0 0.0 1.0 0.0 16.687989 0.048660133474829094 1.0649535 5.692756369392966e-05 0.043556007 0.00018681836194686245 1.4368148999999997 0.0005278107519735653 0.9514649999999996 5.865084323488248e-05 0.7401855399999999 0.00022763450942593841 20.576508999999998 0.0607337151851572 0.024420435 0.0001710447162783765 2.2434327000000005 0.0013791269256598943 18.292942000000018 0.05398296700211767 1.1339266000000003 0.0006641583579173171 0.04392577000000001 9.105130326904629e-05 
0.18 100.0 0.0 1.0 0.0 16.881366 0.049731582625536994 1.0540695000000004 6.094446232262924e-05 0.04425186099999998 0.00019518122637127478 1.5231959000000004 0.0005624021709367277 0.94186713 6.248739980457135e-05 0.7837237600000002 0.00024380140077571254 20.7836 0.06206069322848797 0.02654942300000001 0.00018796245048866364 2.5182665999999996 0.0015483960554206874 18.477260000000005 0.055162658148404854 1.2724076000000002 0.00074550619205763 0.046510492 9.751933537184013e-05 
0.19 100.0 0.0 1.0 0.0 17.106178999999994 0.05068130137033723 1.0431406999999997 6.472731343584799e-05 0.044794758 0.00020244101069291664 1.6100785000000002 0.000595009233106572 0.9322135200000002 6.611363313571426e-05 0.8274364700000002 0.00025914347818313413 21.02785100000001 0.06323667387668712 0.028697616999999998 0.0002043725842575602 2.8103091000000004 0.0017214595905529332 18.694611 0.05620777494075248 1.4195032 0.0008289469449847718 0.049025404000000015 0.00010365550353848093 
0.2 100.0 0.0 1.0 0.0 17.361487999999994 0.051669176290739624 1.0321644999999997 6.825736226159138e-05 0.04519243699999999 0.00020824564395282972 1.6974873 0.000624851676079614 0.9225014699999998 6.942905224496999e-05 0.8713396899999999 0.0002730057899374056 21.308023 0.06445725768065144 0.030854576999999998 0.00022046066450438217 3.119839500000001 0.0018950706549892952 18.943893 0.05729255257456689 1.5753474 0.0009126183826707023 0.05146414399999998 0.00010920120493227872 
0.21 100.0 0.0 1.0 0.0 17.646667 0.05273271658192934 1.0211352000000002 7.1373451596676e-05 0.04545569800000001 0.00021282276739097275 1.7854652000000004 0.0006525946901185101 0.9127261400000001 7.250326064195188e-05 0.9154603700000001 0.0002856221422244019 21.62329899999999 0.06577415585923721 0.033018355 0.00023713986786439993 3.4472257999999996 0.002071677229610581 19.22437799999999 0.058462885159424015 1.7401224 0.0009981681032817452 0.05381584799999998 0.00011424873544589366 
0.22 100.0 0.0 1.0 0.0 17.962549999999997 0.053814660000799555 1.0100427 7.448863736169648e-05 0.04558934900000001 0.00021624837019728043 1.8740679999999998 0.0006791099616261142 0.9028813499999998 7.545756740869398e-05 0.9598285900000002 0.0002978000534225209 21.974683000000006 0.06711140360704862 0.035180670000000004 0.00025461553153528316 3.7928913999999985 0.0022536749855596745 19.536960999999998 0.059651191419693925 1.9140358000000004 0.001087115726863039 0.056068569000000006 0.00011912111721850292 
0.23 100.0 0.0 1.0 0.0 18.309760000000004 0.05483735407548207 0.9988821900000007 7.747484317417521e-05 0.04559575699999999 0.00021921158508280756 1.9633459000000002 0.000705411838488672 0.8929615400000002 7.837093901440301e-05 1.0044711 0.00030996846469193444 22.362874 0.06837237754561692 0.037326143999999985 0.0002728271360599066 4.157278000000002 0.002444731437170306 19.882268999999994 0.06077210675458661 2.097302 0.001180514972372679 0.058211656000000014 0.00012399665514290314 
0.24 100.0 0.0 1.0 0.0 18.688612999999997 0.055835644881288025 0.9876458800000001 8.048797459995323e-05 0.045480184999999985 0.0002223959702709449 2.0533525999999993 0.0007313654574897174 0.8829608700000005 8.125335392469602e-05 1.0494160000000001 0.0003219448089369319 22.78822400000001 0.06960259011151897 0.039448741000000016 0.00029189072406327375 4.5408893 0.0026434654650854287 20.260584000000005 0.06186426250622008 2.2901695000000006 0.0012770135267342183 0.06023347599999998 0.00012877466483848964 
0.25 100.0 0.0 1.0 0.0 19.100037999999998 0.056886843571772816 0.9763270499999998 8.331896830865608e-05 0.04524964599999999 0.00022594409880952524 2.1441344 0.0007558954864267141 0.8728740099999998 8.398746752087776e-05 1.0946917 0.000333240455382608 23.251822999999995 0.07089824920061269 0.041539910000000006 0.00031288398098816214 4.944223200000001 0.002844122792282968 20.672900999999996 0.06301560764597303 2.492881199999999 0.001373870694662634 0.06212325399999999 0.00013331310443025262 
0.26 100.0 0.0 1.0 0.0 19.544614999999993 0.05800318385012053 0.9649210399999996 8.58766696676802e-05 0.04491660299999999 0.00022956882871792453 2.2357157999999995 0.000777539853400155 0.8626982799999995 8.64000556918842e-05 1.1403164000000008 0.00034349572105661424 23.75435799999999 0.07227622638438654 0.043592117999999985 0.0003366694986641529 5.367718200000001 0.0030371911279002293 21.119826999999997 0.0642388255162976 2.7056552999999997 0.0014661480856696819 0.06387356400000001 0.00013739583296821354 
0.27 100.0 0.0 1.0 0.0 20.021801000000004 0.059136263688095325 0.9534269800000003 8.791050103812309e-05 0.044493891000000015 0.000232743169713275 2.3280900000000004 0.0007944201533305318 0.8524344300000003 8.826791744121672e-05 1.1862918 0.0003516342526050519 24.295085000000004 0.07367699811167985 0.045608325999999984 0.0003631689781867995 5.811680999999998 0.003211417697847471 21.600699999999996 0.065483841747425 2.9286447 0.0015482303087990914 0.06548321399999998 0.00014065090607621222 
0.28 100.0 0.0 1.0 0.0 20.530283 0.06021587151335034 0.9418461299999997 8.935324358021912e-05 0.04399033899999999 0.00023483522423137647 2.4212403000000005 0.0008057008434175904 0.8420844699999995 8.952509645916674e-05 1.2326155999999997 0.00035742642096823097 24.872364000000015 0.07501505424268048 0.047586976 0.00039143576549958314 6.2763454 0.0033638021386950554 22.114051999999997 0.06667201409108549 3.1619660000000014 0.0016191610914223717 0.06695385500000003 0.00014296083024622184 
0.29 100.0 0.0 1.0 0.0 21.068548000000007 0.06125351159694574 0.9301787200000002 9.042163795273498e-05 0.04341396500000001 0.00023582801420261634 2.5151561000000004 0.0008130271200124234 0.83164929 9.033677356715946e-05 1.2792854999999994 0.0003616645234441355 25.484244000000004 0.07630508181396417 0.049524676000000004 0.00042054606951942244 6.761992000000001 0.0035031060588899448 22.658165 0.06781896458032864 3.4057587000000002 0.0016832481733477349 0.068285954 0.0001446813818390345 
0.3 100.0 0.0 1.0 0.0 21.634513 0.06235007943307821 0.9184266 9.12882906062143e-05 0.04277264199999999 0.00023619720145330375 2.6098149999999998 0.0008174531852101609 0.8211316500000001 9.08254759200258e-05 1.3262933999999995 0.00036516741970992313 26.128108999999984 0.07767180813011666 0.05141736500000001 0.0004500588934781222 7.268821199999998 0.003635905777908827 23.230697999999997 0.06903417993982039 3.6601192000000005 0.0017440574914631985 0.06948250800000003 0.0001460652440772527 
0.31 100.0 0.0 1.0 0.0 22.22600199999999 0.06357764007859439 0.9065925699999998 9.203364629894823e-05 0.042074713999999985 0.00023668514653449145 2.7051853999999995 0.0008199474547041896 0.8105350299999996 9.110443731873486e-05 1.3736296999999995 0.0003682068835788801 26.80123400000001 0.07920389615691606 0.053245659000000015 0.00047983692957730817 7.7969827 0.0037673542675262643 23.829233999999996 0.07039675717276862 3.925114000000002 0.0018046583332708243 0.070548033 0.00014725469648916532 
0.32 100.0 0.0 1.0 0.0 22.841318000000005 0.06495000308512551 0.89468005 9.265813983319264e-05 0.041330868999999985 0.0002378255053004459 2.8012288000000005 0.0008212279620058103 0.7998635100000002 9.124700924464264e-05 1.4212798000000006 0.00037063947385834793 27.501453 0.08091794756978696 0.05499649699999999 0.0005107418175349647 8.346577600000003 0.0038972643484913895 24.451843000000004 0.07192014312076946 4.200787600000001 0.0018648906033183446 0.071488101 0.00014826209923980103 
0.33 100.0 0.0 1.0 0.0 23.478462 0.06641555138341429 0.88269309 9.318868397564559e-05 0.04055380200000001 0.0002397023585114484 2.8979015999999995 0.0008218826524413499 0.78912202 9.13196134208437e-05 1.4692271000000003 0.0003727419025183911 28.226278999999998 0.08274912862739241 0.05667225600000002 0.0005431495291230665 8.917664100000003 0.004024197264215737 25.09632500000001 0.07354879197338074 4.487167899999999 0.0019234760788476783 0.07230898699999998 0.00014910560160955136 
0.34 100.0 0.0 1.0 0.0 24.13484 0.0679348761388292 0.87063631 9.363561899092268e-05 0.03975586899999999 0.00024221064279548974 2.9951535000000002 0.0008221572401077637 0.7783162200000002 9.134670718265983e-05 1.517455 0.00037458258102361506 28.972485000000002 0.08464996957322893 0.058277207 0.0005765090457005138 9.5102438 0.004147527935477716 25.759797000000013 0.07523834897780367 4.784260500000003 0.0019807893596435816 0.07301806799999999 0.00014982595126942225 
0.35000000000000003 100.0 0.0 1.0 0.0 24.806974000000004 0.06954602402177404 0.85851482 9.404118181529942e-05 0.038946488000000015 0.00024518435791165687 3.0929349000000004 0.0008222483626577865 0.7674516799999997 9.136128928435569e-05 1.5659406000000002 0.0003761356090536858 29.735704000000002 0.08666446272748554 0.059816982999999976 0.0006095467941480243 10.124284499999998 0.004268594950069481 26.43838800000001 0.07703025270993083 5.092050899999998 0.002037874280272838 0.073623734 0.00015046074324041398 
0.36 100.0 0.0 1.0 0.0 25.490924000000003 0.07126914684656509 0.8463339500000002 9.444923541840331e-05 0.038130847 0.0002484339462008002 3.1911973999999996 0.0008228880558206672 0.7565335900000002 9.143371925446457e-05 1.6146641999999998 0.000377755004736852 30.511026000000005 0.08882095885116077 0.061292973999999986 0.0006411665870826931 10.759743999999998 0.004389189064159873 27.12771800000001 0.07894837621353218 5.410518500000002 0.0020956944307855252 0.07413432999999997 0.00015111490290842453 
0.37 100.0 0.0 1.0 0.0 26.182996999999997 0.0730318992147513 0.83409858 9.492321759715634e-05 0.03731175800000002 0.00025162437776247434 3.2898992 0.0008242988497131563 0.7455666800000001 9.159019910987375e-05 1.6636054999999998 0.00037970773960505376 31.293834000000007 0.0910255822526469 0.06269854699999998 0.000670625746395815 11.416581999999995 0.0045105585863428384 27.823708999999994 0.08090876610226845 5.7396413 0.002153886843126715 0.074557783 0.00015187694576232415 
0.38 100.0 0.0 1.0 0.0 26.879399000000003 0.07469075792217086 0.8218134800000004 9.544340148899318e-05 0.03649065100000001 0.00025443747390858413 3.3890019000000002 0.0008264028641321751 0.7345553899999999 9.182288812078043e-05 1.7127462999999994 0.00038175538389063993 32.07940200000001 0.09310353750504559 0.064026636 0.0006975297422798924 12.094749999999992 0.004628625390119657 28.522138000000005 0.08275583782161369 6.0793868 0.0022105304516816474 0.07490152 0.0001527104120090737 
0.39 100.0 0.0 1.0 0.0 27.576216999999996 0.07612127659276943 0.8094832699999996 9.598271499394227e-05 0.035668984 0.00025671104603316086 3.4884646999999998 0.0008290214045030107 0.7235039300000001 9.211617909078586e-05 1.7620668999999998 0.0003839126904815112 32.862836 0.09489479747089072 0.06526712600000001 0.0007220793174431874 12.794158999999988 0.004743292125984312 29.218667999999997 0.08434882319133263 6.429712799999997 0.002264691242054541 0.07517330000000001 0.00015357090526523447 
0.4 100.0 0.0 1.0 0.0 28.269937000000006 0.07722600262416045 0.7971133899999995 9.653174807067894e-05 0.03485076400000002 0.00025851103640469464 3.588242100000001 0.000832314415258111 0.7124174999999999 9.24803119741757e-05 1.8115464999999995 0.0003860787840854065 33.639782999999994 0.09628063219626197 0.066416388 0.0007450603810514656 13.514699999999996 0.00485821654533377 29.909406000000008 0.08558077556106854 6.790557100000002 0.0023171087988754094 0.07538142799999999 0.00015445365383238586 
0.41000000000000003 100.0 0.0 1.0 0.0 28.957762000000006 0.07796134606045532 0.7847087700000006 9.708825139433355e-05 0.034040776999999973 0.0002600137049382706 3.6882893000000014 0.0008361845281023818 0.7013013099999996 9.291626522560228e-05 1.8611650999999998 0.0003883436749813021 34.406741000000004 0.09720620148005835 0.06747484100000001 0.0007676266584559005 14.256221000000005 0.004975098249191257 30.59126900000003 0.08640287477494277 7.161846799999998 0.002369154532267561 0.07553408199999999 0.00015533733915188314 
0.42 100.0 0.0 1.0 0.0 29.637197000000015 0.07836962407016328 0.7722743100000001 9.762517778068736e-05 0.033243075999999996 0.00026140682612021325 3.788563 0.0008405228789190771 0.69015972 9.339334138092252e-05 1.9109030000000002 0.00039048046044519674 35.16061999999999 0.09772281536061547 0.06844340300000001 0.0007909287477863399 15.018578 0.005096886614424895 31.261486000000005 0.08686092342382286 7.543510000000001 0.002422535489872073 0.07563889800000002 0.0001562032804710213 
0.43 100.0 0.0 1.0 0.0 30.305284000000007 0.07857540725593508 0.7598144700000004 9.814969121690869e-05 0.03246114100000001 0.00026267698985289994 3.8890226 0.0008449627994292143 0.6789974599999998 9.388146720634301e-05 1.9607419 0.00039259456682591494 35.89774599999999 0.09798725104241306 0.06932572000000002 0.0008153408673947163 15.80160499999999 0.005224735854881044 31.916803999999978 0.08709534305490875 7.9354649 0.0024786483554403095 0.07570321199999999 0.0001570347178383632 
0.44 100.0 0.0 1.0 0.0 30.958709999999993 0.07872599148313142 0.7473334000000001 9.862706829231762e-05 0.03169617400000001 0.00026377623187701126 3.9896366 0.0008488542068180981 0.6678180700000002 9.431879477631182e-05 2.0106665000000006 0.0003945227084510989 36.613977000000006 0.09818664196166417 0.07012455600000002 0.0008408218643699818 16.605149000000004 0.005357341037199493 32.553548 0.08727060220348687 8.3376371 0.0025373766937433558 0.07573339299999998 0.00015780798524958934 
0.45 100.0 0.0 1.0 0.0 31.594290999999995 0.07893164171733033 0.7348347300000002 9.904559842759568e-05 0.03094499099999999 0.0002651992520958508 4.0903777 0.0008520053973260463 0.6566248 9.467329084182603e-05 2.0606611999999993 0.00039616959199035103 37.305369000000006 0.09845322577439299 0.070832335 0.0008685620348845251 17.429081000000004 0.005491296512555848 33.168201999999994 0.08750522280392486 8.749955300000002 0.0025974844424694844 0.07573555800000002 0.0001584717328305678 
0.46 100.0 0.0 1.0 0.0 32.20919 0.07919149600177358 0.7223213000000002 9.938536459786003e-05 0.03020839899999999 0.0002668077716427999 4.191221999999999 0.0008542799541184552 0.6454199000000002 9.491585167807799e-05 2.1107148999999996 0.00039758185309425164 37.968395000000015 0.09878973534098004 0.071459637 0.0008976768176583827 18.273294999999997 0.005623496665890055 33.75762400000001 0.08780246284836606 9.172377699999998 0.0026574904209025986 0.07571403 0.00015901870653158354 
0.47000000000000003 100.0 0.0 1.0 0.0 32.801366 0.07947497430284747 0.70979562 9.965266957907086e-05 0.029486603000000007 0.0002684630062576699 4.292148300000001 0.0008557115290952462 0.6342057599999997 9.508496635585428e-05 2.1608177999999993 0.00039862259297985815 38.60049199999998 0.09915535232842668 0.07201415500000002 0.0009274365739934691 19.137706000000005 0.005751390756935292 34.31955700000001 0.08812546838740379 9.604860400000002 0.002715981406056834 0.075673021 0.00015944897332562913 
0.48 100.0 0.0 1.0 0.0 33.36888400000001 0.0797290927794394 0.6972610699999998 9.987894599453671e-05 0.02877798799999999 0.00027026441122086697 4.393133399999999 0.0008565759303333049 0.62298518 9.517680639490418e-05 2.2109558000000007 0.00039951791396026424 39.199273 0.09948446982172833 0.072495766 0.0009578741736399575 20.022165 0.005873743163328029 34.85185400000001 0.08841598889810544 10.047326100000001 0.002772547099287165 0.07561771800000003 0.00015980130527231196 
0.49 100.0 0.0 1.0 0.0 33.90966900000001 0.07992714925095472 0.6847204599999999 0.0001001183463904348 0.02808197199999999 0.00027221092656645556 4.494154599999999 0.0008574778064097925 0.6117606700000001 9.527502510627818e-05 2.261117799999999 0.00040043612680311613 39.76215600000001 0.09974472266055036 0.072905633 0.0009887806056532976 20.926494999999996 0.0059942443020304225 35.35223699999999 0.08864488227369735 10.499702000000003 0.0028291443864075167 0.075552761 0.0001601860823722924 
0.5 100.0 0.0 1.0 0.0 34.42166600000001 0.08007621848233683 0.6721762299999999 0.00010047334458226265 0.027399066 0.0002742646093400352 4.595191200000001 0.0008591501414119265 0.60053439 9.545616365095524e-05 2.3112946000000005 0.0004018948971716618 40.28660400000001 0.0999432608725023 0.073247836 0.001019438763509135 21.850562000000004 0.006119134706425752 35.818456 0.08881946526882158 10.961898000000003 0.002889585776474323 0.075482052 0.00016075672945470095 
