0.01 100.0 0.0 1.0002778299999993 0.00011402268119987686 3.5667207000000003 0.001834133578864743 1.2395295999999998 2.8130026703833125e-05 0.002391375599999999 7.46776430040775e-06 0.083665354 2.0495694642022176e-05 1.102085 0.00010505412889499148 0.04302273299999998 3.2264953124585606e-05 4.457198399999999 0.002231713802067269 5.0599833000000013e-05 2.5541166322642713e-07 0.007719567800000002 3.0265053462723917e-06 3.9620187000000002 0.0020612453597551087 0.003884567600000001 3.3035849107094156e-06 0.0027943939999999995 1.7148542911863794e-05 
0.02 100.0 0.0 1.0003178099999994 8.936304354577833e-05 5.1091288 0.0042167834335666825 1.2286867999999997 5.8027731418914555e-05 0.004535991200000001 1.5337752496549517e-05 0.16869353000000004 3.99966659973694e-05 1.0926857999999995 9.114715361281393e-05 0.08660336699999999 6.475695487053755e-05 6.3821493 0.0052820786538187985 0.00020756890999999996 1.2547559710235302e-06 0.031290526 1.171063547550522e-05 5.673127600000002 0.00476311717703998 0.015746958999999998 1.3305538853806723e-05 0.005365684099999999 3.432736466264345e-05 
0.03 100.0 0.0 1.0003500200000004 7.42513083311027e-05 6.986389799999999 0.007374345903159723 1.2176829000000005 7.903534581785183e-05 0.006448202999999998 2.346085936384802e-05 0.25516847000000004 5.879549039445482e-05 1.0831163000000001 8.438941339682602e-05 0.13079108 9.74911541420862e-05 8.723567199999998 0.009242907750383698 0.00047417115999999997 3.266903300733624e-06 0.071352871 2.5662282879578556e-05 7.7544460000000015 0.008265848746491446 0.035908766 3.011386236331887e-05 0.007694183900000002 5.1550622576234536e-05 
0.04 100.0 0.0 1.0003753000000004 6.595547050727344e-05 8.937688600000005 0.011006515289576507 1.206549 9.371301933089736e-05 0.0081594702 3.1628324439962556e-05 0.34282312999999986 7.770473944958898e-05 1.0734096000000002 8.117424712736312e-05 0.17546815999999998 0.00013039527884139572 11.155385999999998 0.0137788061907007 0.0008485446799999996 6.376644195137597e-06 0.12838545999999995 4.4995027325550695e-05 9.916136999999997 0.012259828847520115 0.06460844 5.3778911591891436e-05 0.009827015599999999 6.879527572432974e-05 
0.05 100.0 0.0 1.00039624 6.220412706834676e-05 10.844238000000008 0.01501991796110364 1.1953193999999998 0.00010416427605367982 0.009701652900000001 3.9756784983268915e-05 0.43137003 9.734885870076885e-05 1.0635983 7.954257415115702e-05 0.22050671000000005 0.0001634162319319162 13.529110999999993 0.018780875266950686 0.0013257754000000003 1.0563423592206803e-05 0.20269178999999998 7.01181892172308e-05 12.02618999999999 0.016650713288078864 0.10199514999999999 8.427082813776461e-05 0.011815311299999997 8.603881364020838e-05 
0.06 100.0 0.0 1.0004145500000003 6.119578801296604e-05 12.649877999999996 0.01933761136132297 1.1840199999999999 0.00011182978137435212 0.0111012153 4.779131917984367e-05 0.52057317 0.00011796429549544177 1.0537107000000001 7.860461244031075e-05 0.26580192999999996 0.00019658878261765892 15.774505000000003 0.024155937339493005 0.001899283399999999 1.576243002155579e-05 0.29444108999999996 0.00010147015728365788 14.022166 0.02136297344565673 0.14815042 0.00012155266116381614 0.01370093200000001 0.00010328598981350918 
0.07 100.0 0.0 1.0004285200000003 6.150979672917478e-05 14.328256999999999 0.02389778392469128 1.1726725999999998 0.00011763933188838824 0.012377411000000003 5.5665998022038144e-05 0.61026122 0.00013944828831918195 1.0437652999999998 7.802748941224615e-05 0.31127792000000004 0.000229935633896953 17.858630999999995 0.029823335752227915 0.0025617892 2.190299134259e-05 0.4037182800000001 0.00013935056445972738 15.87480699999999 0.026332331011770054 0.20311283999999993 0.0001655991036939885 0.015514282999999997 0.00012055348114472467 
0.08 100.0 0.0 1.0004401600000001 6.248328369543075e-05 15.869690000000002 0.028619305634473534 1.1612875000000005 0.0001223469962423358 0.013543594 6.329895077834594e-05 0.7003215700000003 0.00016164464311507564 1.0337737999999996 7.796599010807015e-05 0.35688511 0.00026343051717432625 19.769374999999997 0.03568804977513272 0.0033062809 2.890494184048634e-05 0.53056521 0.00018394266133367173 17.573342 0.03147942277681152 0.26689983 0.00021637363150607474 0.017275195000000007 0.00013782733491853936 
0.09 100.0 0.0 1.0004485300000001 6.365149558042273e-05 17.275682999999994 0.03338807664589364 1.1498728000000005 0.00012646415142094676 0.014608998000000007 7.062559058838077e-05 0.7906884199999993 0.00018440805417585347 1.0237458000000002 7.825511864407743e-05 0.40259509 0.0002970478497125412 21.508600999999995 0.04161012853853486 0.004125840900000001 3.6709705597590464e-05 0.67501368 0.00023533967064055306 19.119428 0.03668114695807831 0.3395240000000001 0.0002737992359367811 0.018995003999999996 0.00015508679854146415 
0.1 100.0 0.0 1.00045365 6.471460630524995e-05 18.556016 0.038089526899652955 1.1384328000000001 0.00013043696409809367 0.015580877999999994 7.769098875134906e-05 0.8813282900000001 0.00020759036264122798 1.0136856000000007 7.92078682074307e-05 0.4483947099999998 0.0003307434347959718 23.088571 0.04745345282055181 0.005014158700000001 4.530796525262422e-05 0.8371029599999997 0.0002935911892176689 20.523936000000003 0.04181530981634714 0.42100165000000017 0.0003378068307087632 0.020678920000000003 0.00017232946551300074 
0.11 100.0 0.0 1.0004580300000006 6.561775736987166e-05 19.725991000000004 0.04264907809305424 1.1269691 0.00013434352197131774 0.016465900000000006 8.456661878068327e-05 0.97222771 0.00023109473134804367 1.0035929000000003 8.090912117258357e-05 0.49428064999999977 0.00036447495425341944 24.52837100000002 0.05312407324915065 0.005966012900000003 5.4754641121330664e-05 1.0168868 0.0003587256020922861 21.803870999999994 0.046799689364271355 0.5113568900000002 0.00040835751612639545 0.022328328999999994 0.00018956067798094522 
0.12 100.0 0.0 1.00045857 6.625748300090866e-05 20.803789999999996 0.0470534074111706 1.1154796999999996 0.00013852115040051204 0.017270516999999996 9.129045434278743e-05 1.0633839000000003 0.00025491774731651765 0.9934696900000004 8.333340584557115e-05 0.54025486 0.00039822528549024217 25.850745000000003 0.05860672540545512 0.0069770770000000025 6.512610560819381e-05 1.2144346 0.0004304132995186671 22.979426999999998 0.05162161913103179 0.6106228 0.0004854274753233664 0.02394248100000001 0.00020677363207959114 
0.13 100.0 0.0 1.0004580800000005 6.680766519940004e-05 21.808281999999995 0.05132839181938259 1.1039651999999998 0.0001430184240044985 0.018000827000000004 9.789558229924604e-05 1.1548008999999997 0.00027900355179407956 0.9833154200000003 8.669673716602581e-05 0.58632199 0.00043199421003096365 27.079221999999994 0.0639330688389435 0.008043638700000001 7.650448416290886e-05 1.4298349000000008 0.0005087626065984128 24.071527 0.056308254010498326 0.7188414200000001 0.000569051770785918 0.025519438999999994 0.0002239664730485231 
0.14 100.0 0.0 1.0004562799999999 6.718900372694265e-05 22.756853000000007 0.05549619674271554 1.0924240000000003 0.0001478769082570749 0.018662770999999995 0.00010440079685802561 1.2464820999999995 0.00030337163004744936 0.9731301800000004 9.093278653695051e-05 0.63248753 0.0004658058115701992 28.235566000000002 0.06913183766138768 0.009162468600000001 8.892300029520188e-05 1.6631882999999996 0.0005939481973285356 25.099517000000013 0.06088548658018158 0.8360612199999999 0.000659331395516684 0.027057042000000028 0.00024115930006189638 
0.15 100.0 0.0 1.0004516299999997 6.740254846838805e-05 23.664182000000004 0.05956855476474452 1.0808543999999998 0.0001534168387219215 0.019261964999999995 0.00011078417717684853 1.3384324 0.0003281069374390994 0.9629120300000001 9.607718922828457e-05 0.6787558900000001 0.0004997071482130469 29.338112000000002 0.07421787846981957 0.010330607400000007 0.00010232544988794783 1.9145973000000003 0.0006858665738245504 26.079675000000005 0.06536522065096503 0.9623324600000001 0.0007564135315265049 0.028553524999999986 0.0002583848798919092 
0.16 100.0 0.0 1.0004477900000004 6.746796764261788e-05 24.541614000000003 0.06355801880199974 1.0692593 0.00015918192454313375 0.019804284 0.00011706402013189354 1.43065 0.0003532972686107579 0.95266542 0.00010186989662084621 0.72512965 0.0005337732721620169 30.401012999999992 0.07920449126982736 0.011545161800000002 0.00011660731101988037 2.1841614000000003 0.0007851147307163804 27.024614999999997 0.06976181097670676 1.0977034999999997 0.000860571907228161 0.03000793100000001 0.0002756859226173578 
0.17 100.0 0.0 1.00044407 6.736260727633533e-05 25.396817999999993 0.06747393071967314 1.0576383999999999 0.00016552206621829306 0.020294946000000005 0.00012319693604484846 1.5231299 0.0003788220821097989 0.9423901800000002 0.00010841128848317846 0.7716086500000005 0.0005680834979758498 31.433829999999993 0.08410071603141547 0.012802905800000002 0.0001316324935378923 2.4719696 0.0008918993319969424 27.942814999999996 0.07408143788258265 1.2422167000000002 0.0009719890128492509 0.031420129 0.00029310880544021993 
0.18 100.0 0.0 1.0004406800000007 6.729711108777826e-05 26.234098000000007 0.07134400807325397 1.0459908000000002 0.0001723339594893753 0.020738738000000003 0.00012916464135188132 1.615866 0.000404893763847721 0.9320859800000001 0.00011556569818984091 0.81819183 0.0006026845578023481 32.44195899999999 0.08893936909037642 0.014099856 0.00014729538711256483 2.7780969 0.0010066360881251335 28.839081000000007 0.07835496300418139 1.395907 0.0010910772429083971 0.03279074499999998 0.0003106752982243065 
0.19 100.0 0.0 1.0004360600000006 6.714461373782566e-05 27.055058 0.07519792254018473 1.0343170999999993 0.00017952784161340103 0.02113993100000001 0.00013498625743899262 1.7088449000000012 0.0004313855234815135 0.9217533300000003 0.00012318637751042516 0.8648760600000002 0.0006375506490937621 33.42739900000001 0.0937523198592084 0.015431585 0.00016355242652663608 3.1026076000000007 0.0011299995143206126 29.715166 0.08261009499109766 1.5588061 0.0012177737630194093 0.034120921000000005 0.00032838011700556786 
0.2 100.0 0.0 1.0004318700000001 6.694630631501745e-05 27.859367999999996 0.07903792395908278 1.0226196000000005 0.00018707714554936467 0.021502515000000003 0.00014067180815909532 1.8020581999999996 0.00045849002999561914 0.9113960899999998 0.00013131218458472329 0.91165728 0.000672630428257356 34.389688 0.09854487669361325 0.016793904000000002 0.00018037881871173366 3.4455519999999997 0.0012625841041454522 30.57069800000001 0.08685087347835369 1.7309361000000003 0.001352317779924588 0.035412294000000004 0.00034621186952737217 
0.21 100.0 0.0 1.0004272800000007 6.672185104248585e-05 28.645496000000023 0.0828461975339225 1.0108971 0.00019525016234586467 0.021829434 0.0001462339873368619 1.895493000000001 0.00048615979877486673 0.9010127099999995 0.0001400033087772465 0.9585318000000003 0.0007079092917830462 35.326969 0.10329247576368614 0.018182937999999996 0.0001977354848214174 3.806976599999999 0.0014048258626496422 31.403989999999993 0.09105527689819118 1.9123182999999995 0.0014946244548750842 0.036666371 0.0003641625195851278 
0.22 100.0 0.0 1.0004212700000006 6.649017190986552e-05 29.41146400000001 0.08659638623544504 0.9991523599999997 0.0002037151450197908 0.022123163999999997 0.00015166331766463086 1.9891391000000005 0.0005142958311006492 0.8906051000000003 0.00014906840676661773 1.0054958500000004 0.0007433538814530158 36.236720999999996 0.1079603690369374 0.019594978999999995 0.00021556426570883843 4.1869177 0.0015569361827637092 32.212814 0.09519236746736114 2.1029683000000006 0.0016447791709147917 0.03788481899999999 0.0003822193741941817 
0.23 100.0 0.0 1.0004159400000003 6.626529824734492e-05 30.155101999999996 0.09026584592171172 0.9873866600000001 0.00021266003912339722 0.022385517000000008 0.00015694736508812832 2.082985299999999 0.0005428918208427423 0.8801755299999999 0.00015843120996846 1.0525433999999998 0.0007789665874730907 37.11624200000001 0.11252243765737979 0.021025833999999993 0.00023380712627813855 4.5854015000000015 0.0017190048421560251 32.99477600000001 0.09923845048285304 2.3028981999999996 0.0018028667581503999 0.039069486 0.0004003664102644526 
0.24 100.0 0.0 1.0004098200000002 6.596721659929929e-05 30.874511999999992 0.09385729149385715 0.9756003100000002 0.00022192727532370946 0.022617988000000002 0.00016206979515183943 2.1770227999999987 0.0005717062371912694 0.8697244100000004 0.0001680654099153397 1.0996720999999996 0.0008147955730805392 37.96316600000001 0.11697984382976079 0.022471057000000003 0.0002523944659189458 5.002454800000002 0.00189089698008421 33.747756 0.10319393323561576 2.512118800000001 0.0019687798062655144 0.040221907 0.00041858061047605945 
0.25 100.0 0.0 1.0004042199999998 6.568987223550122e-05 31.568166999999985 0.09737324688085175 0.9637943499999997 0.00023152151969720657 0.022821941 0.00016700301272788755 2.2712433000000014 0.0006006825459936163 0.85925276 0.00017793300994151427 1.1468782000000002 0.0008508057402209503 38.77553499999999 0.12133812606413971 0.023926280000000008 0.00027123565286295834 5.4381036 0.0020720849814793124 34.47003400000001 0.10706503377123906 2.7306405000000002 0.0021423067398220813 0.041343437 0.00043685445791856535 
0.26 100.0 0.0 1.00039742 6.536339060262389e-05 32.23502399999999 0.10082580778873877 0.9519689699999995 0.00024145793236129363 0.022998231999999997 0.0001717171755467706 2.3656412 0.0006296368998070878 0.8487607100000005 0.00018803932102103113 1.1941581999999995 0.0008869665989301638 39.552117999999986 0.1256130032233072 0.025387320999999994 0.00029026566491851955 5.892376499999999 0.002261849934807064 35.160494 0.11086468599892729 2.9584764999999993 0.0023233713580757915 0.042435150999999977 0.00045518228853396034 
0.27 100.0 0.0 1.0003901300000004 6.501768162770807e-05 32.87448500000001 0.10422886978541626 0.9401248699999998 0.00025167472645497757 0.023147603999999995 0.00017621710727351068 2.4602107000000006 0.000658335799618951 0.8382490700000002 0.00019827323431585118 1.2415108000000004 0.0009232670976443387 40.292102 0.12982360132871226 0.026850127000000005 0.00030948133728499595 6.365302400000001 0.002459147954550219 35.81842799999998 0.11460980168454371 3.1956383999999995 0.0025120802523944607 0.043498003 0.0004735642986933293 
0.28 100.0 0.0 1.0003840200000003 6.474978450024698e-05 33.486329999999995 0.10759267838939583 0.9282642199999996 0.00026217109436795004 0.023271058999999993 0.00018053024378809543 2.5549453 0.0006866877668261299 0.8277198200000001 0.0002087253771612762 1.2889334000000006 0.0009597784871494587 40.995243 0.1339846323818872 0.028311346000000005 0.000328952156027036 6.856912000000003 0.0026639758819139757 36.443606999999986 0.11831216604607941 3.4421397999999988 0.002708360470788146 0.04453285799999999 0.0004919979983377769 
0.29 100.0 0.0 1.0003774000000003 6.438158273061095e-05 34.070648 0.1109240064862358 0.9163859799999998 0.0002728393413762016 0.023369121000000003 0.00018460658677465485 2.6498416999999996 0.0007145550651283391 0.8171721200000002 0.00021925242222868465 1.3364246000000006 0.0009965001798166362 41.661629999999995 0.13810589884946942 0.029767602999999986 0.00034869716459833157 7.367239100000002 0.0028751658007285987 37.036117000000004 0.12198098834699722 3.697995399999999 0.0029120694580502524 0.045540379000000006 0.0005104818997913519 
0.3 100.0 0.0 1.0003695400000001 6.393611095568899e-05 34.62780299999999 0.1142246221920495 0.90449007 0.0002836743454219671 0.023442998999999992 0.0001884541056411234 2.7448971999999996 0.0007418003515748029 0.80660607 0.00022986898888389487 1.3839825 0.001033070891810797 42.291729000000004 0.1421893696750562 0.031216706999999996 0.00036879658621591214 7.896313099999997 0.0030918827102858902 37.596379999999996 0.12561582979863814 3.9632207000000004 0.003122934934490452 0.04652122899999998 0.0005290093853142858 
0.31 100.0 0.0 1.0003621999999999 6.344331486493394e-05 35.1584 0.1174752704700135 0.8925782600000001 0.00029472215207174655 0.023493815999999997 0.00019210232271224802 2.8401029999999987 0.000768469042968242 0.7960232600000002 0.00024060696980624787 1.4316046 0.0010697052530452074 42.886294000000014 0.14621668564715107 0.032656507999999994 0.0003893875643203946 8.4441628 0.003314278331956537 38.125043 0.12920075527842376 4.237827300000001 0.0033409099085631422 0.047476196 0.0005475812914826871 
0.32 100.0 0.0 1.0003534400000005 6.272753345447398e-05 35.663148 0.12066560360333596 0.8806483100000001 0.0003058740360669305 0.023522260999999992 0.0001955948883580332 2.935459099999999 0.0007944215769557152 0.7854218499999999 0.000251374050125385 1.4792898000000003 0.0011062955751514878 43.446206000000004 0.1501713381762233 0.03408456 0.00041069022058724336 9.010820199999998 0.003542420102136791 38.622907 0.1327187320633776 4.521830399999999 0.0035657214415260687 0.048405921000000005 0.0005662014709028849 
0.33 100.0 0.0 1.0003460600000003 6.2164991415951e-05 36.142897000000005 0.12378180656667412 0.86870557 0.0003171352999142694 0.023529470000000007 0.00019891551785870785 3.030957500000001 0.0008199354532191788 0.77480666 0.000262214488627879 1.5270362000000006 0.0011428837366838846 43.97250199999999 0.15403661848395006 0.035499057 0.0004327480673977762 9.5963083 0.0037762676177474238 39.09087999999999 0.13615660340948216 4.8152415 0.0037973008792516957 0.049311356999999986 0.000584868518756585 
0.34 100.0 0.0 1.0003380700000002 6.146355057670748e-05 36.59858100000001 0.12681060845759648 0.8567474999999999 0.00032840143225077616 0.02351625499999999 0.00020213945524996503 3.126595700000001 0.000845018724652041 0.7641757100000003 0.0002730314821644808 1.5748421000000008 0.001179369266126566 44.466366 0.15779700874998595 0.03689727 0.0004557524112969656 10.200661999999998 0.004016839000989042 39.53003 0.13949859431191358 5.118076000000001 0.004035775786623057 0.05019304099999999 0.0006035660243554218 
0.35000000000000003 100.0 0.0 1.00033051 6.07890804388424e-05 37.031040000000004 0.129751052635415 0.8447752500000004 0.0003397496196720652 0.023483426999999994 0.00020530499544266359 3.2223666999999994 0.0008700006443429955 0.7535298899999998 0.00028386159229949444 1.6227044000000008 0.0012157627179534413 44.92884800000001 0.16145172783513212 0.038276035000000014 0.0004797485173158285 10.823906999999998 0.00426532138416476 39.941283999999996 0.1427451943619937 5.430344099999998 0.0042811540852980955 0.051051876999999996 0.0006222847671441976 
0.36 100.0 0.0 1.0003230400000003 5.9939320833469516e-05 37.44106400000001 0.13259535652136112 0.8327890600000003 0.0003511519730191952 0.023431905000000003 0.00020844832737336065 3.318266900000001 0.0008949738062136376 0.7428696100000001 0.00029472527440846835 1.6706226000000004 0.0012521075881882777 45.36092099999998 0.1649888560375752 0.03963264999999999 0.0005047527451901592 11.466064 0.004522174591974572 40.32550199999999 0.14588528289709485 5.7520552999999985 0.004533886378076819 0.05188870599999999 0.0006410028228343832 
0.37 100.0 0.0 1.0003142700000005 5.886776673388632e-05 37.82930199999999 0.13533998216331483 0.8207883999999999 0.00036243931713337386 0.023362373000000006 0.00021160342328919792 3.4142912000000005 0.0009201204842719903 0.7321944600000002 0.0003054150528041549 1.718593099999999 0.0012883063587257521 45.76342000000003 0.16840270958619122 0.040964549999999995 0.0005307508240436357 12.127146999999997 0.004790580435575301 40.683414 0.14891458995692683 6.083219900000001 0.004793989362695773 0.05270438899999998 0.0006596974460461517 
0.38 100.0 0.0 1.0003060000000001 5.784047021220374e-05 38.196204999999985 0.13799075340313086 0.8087760100000003 0.0003738782070373756 0.023275963999999996 0.0002147843551356608 3.5104335000000004 0.0009455271585114002 0.7215070800000005 0.00031624051215612276 1.7666142999999996 0.001324378029534303 46.136874 0.17170205576299563 0.042270147 0.0005576670681857628 12.807179999999999 0.005069304686040777 41.015526 0.15184196723975182 6.4238402 0.005061447215905418 0.053499930999999966 0.0006783544152280686 
0.39 100.0 0.0 1.0002962000000002 5.672843729953045e-05 38.541956000000006 0.1405553131071059 0.7967488500000003 0.00038492139622348955 0.023173248 0.00021798090376673132 3.6066880999999995 0.0009712597870774745 0.7108047200000001 0.0003267031169329846 1.8146837000000005 0.001360292598336517 46.48152300000001 0.1748936797934886 0.043547822 0.0005853451862577872 13.506174000000003 0.005358955797380017 41.32202399999999 0.15467438497130692 6.773926200000005 0.0053361260119063995 0.05427607799999998 0.0006969382458146408 
0.4 100.0 0.0 1.0002862 5.57127956785556e-05 38.866953 0.14303285534070836 0.7847104699999999 0.00039622851751499737 0.023055457000000005 0.00022120775805226228 3.703051899999999 0.0009973379337164074 0.7000906099999998 0.0003373731346464568 1.8628000999999992 0.0013960329472948107 46.797864999999994 0.1779766778618939 0.04479672200000001 0.0006135644441223357 14.224141999999999 0.005662720755931812 41.603351999999994 0.15740986484008618 7.133485099999999 0.005617972056723328 0.05503345799999998 0.0007154338376176965 
0.41000000000000003 100.0 0.0 1.000278 5.4686561425375866e-05 39.171292000000015 0.14544085016028593 0.7726632500000002 0.0004078101698957703 0.022923302000000007 0.0002244717836966536 3.7995188000000026 0.0010238141459213662 0.6893671499999999 0.0003482491649325278 1.9109607999999998 0.0014316941271104615 47.086013 0.18097394764804037 0.04601532200000001 0.0006421184214092829 14.961091000000001 0.0059796025109286575 41.859616 0.16007042057617343 7.502517600000002 0.0059070337058679595 0.05577323899999999 0.0007338536855530564 
0.42 100.0 0.0 1.0002701 5.3733135971989726e-05 39.454796 0.14776955938838426 0.7606052399999998 0.00041934126892767965 0.022777296000000002 0.0002277231819552804 3.8960845 0.0010507097446389572 0.6786326199999997 0.00035906963525132604 1.9591637999999987 0.0014672913942531533 47.34576099999998 0.18387063861803446 0.047201253000000006 0.0006706877803396305 15.71703199999999 0.006310533397660618 42.09063499999999 0.1626434554317039 7.881025400000001 0.006203351254615163 0.05649599500000001 0.0007521776932259596 
0.43 100.0 0.0 1.0002594000000005 5.278689600714601e-05 39.71736 0.15000301338975794 0.7485342800000001 0.00043068363727655765 0.022617589999999996 0.000230946950971434 3.9927449999999998 0.001077909639052502 0.66788483 0.0003697654153817973 2.0074080000000007 0.0015026190468576167 47.576964 0.18664894153206557 0.048351122 0.0006991062651794368 16.491965000000004 0.0066546464029063005 42.296269999999986 0.1651116947493727 8.269011999999998 0.006506636848645381 0.057202394000000024 0.000770408580700921 
0.44 100.0 0.0 1.0002528 5.1882767863473634e-05 39.958993000000014 0.15213514483673798 0.7364575899999999 0.0004423023495508008 0.022445198000000003 0.0002341229590534798 4.0894961 0.0011054828980808023 0.6571307200000003 0.00038065953766197705 2.05569 0.0015379175530581542 47.779632000000014 0.18929992625923672 0.049463203 0.0007272971026292606 17.285895000000004 0.007012710656303998 42.47655000000002 0.16746949980514453 8.666474700000002 0.006817071995270149 0.057893405999999994 0.0007885700290903993 
0.45 100.0 0.0 1.0002427000000003 5.080843526293216e-05 40.17923400000001 0.1541423462336993 0.7243683399999997 0.00045342832911984544 0.022260057 0.00023719962063314644 4.186334400000001 0.001133245148383723 0.6463640400000003 0.00039112211236295064 2.1040101 0.0015729891575914832 47.95318700000003 0.19179593303117165 0.05053327899999999 0.0007551375894316165 18.098813999999994 0.007384245935890085 42.63093699999999 0.1696897355037213 9.073412799999998 0.007134406463174171 0.05856947800000003 0.0008066574972670545 
0.46 100.0 0.0 1.0002333999999997 4.9863457638780455e-05 40.37771699999998 0.15602232254430287 0.7122711200000004 0.0004649540777840057 0.022062752000000005 0.00024020528751248475 4.2832564000000035 0.001160995757952966 0.6355888500000002 0.0004019255528987521 2.152365699999999 0.0016081114529579773 48.09719600000004 0.1941339294399635 0.051557812000000015 0.0007827483051815248 18.930730000000004 0.0077671700765555 42.75905500000001 0.17176927695817718 9.489824200000001 0.007458782398192086 0.05923128599999998 0.0008247016518875581 
0.47000000000000003 100.0 0.0 1.0002268 4.894116467119464e-05 40.55430399999998 0.15775272500930337 0.7001681900000003 0.00047671248749748803 0.021854164 0.0002430929102401857 4.3802575 0.0011885497160392332 0.62480744 0.0004129234636878248 2.2007552 0.0016431709556843713 48.211444 0.19628468615419178 0.05253583299999999 0.0008101528308412733 19.781633000000006 0.008162732024675618 42.86072099999999 0.1736841903588297 9.915703100000004 0.007790258311055403 0.05987953000000003 0.0008427241864506863 
0.48 100.0 0.0 1.0002196999999997 4.79194021639672e-05 40.70824600000001 0.15932763626825575 0.6880570800000001 0.0004885308325331812 0.021634799999999996 0.00024585848777701355 4.477335999999999 0.0012157772905261948 0.6140173700000002 0.00042399117388314733 2.2491775999999994 0.0016782008468728456 48.295039 0.19824167067443407 0.05346493599999997 0.0008375039881618948 20.651528999999996 0.008568110911438298 42.93513099999998 0.17542689568423073 10.351058000000002 0.008129045476517707 0.06051444699999999 0.0008607217002172681 
0.49 100.0 0.0 1.0002131 4.699035966086172e-05 40.838862999999996 0.16074126721323378 0.6759376599999999 0.0005004205459853876 0.021405264999999996 0.00024848507156920673 4.5744897 0.001242551523710144 0.6032189300000002 0.000435096686552727 2.2976329 0.00171330797754081 48.347104 0.1999993679186007 0.05434359800000002 0.0008649239292677265 21.540412999999994 0.00898207422111874 42.98150499999999 0.1769930746180624 10.795878000000002 0.00847480708687203 0.061136315000000024 0.0008787018686555266 
0.5 100.0 0.0 1.0002064 4.604617681952892e-05 40.945553 0.161993419733376 0.6638105000000002 0.0005123736818928805 0.021166240999999995 0.0002509700287568005 4.671715699999997 0.0012688602308133443 0.5924125500000003 0.00044627303466797906 2.3461201000000007 0.0017483998026360712 48.366887999999996 0.2015558675121211 0.055170163 0.0008924962048083458 22.448294999999998 0.009404631133200145 42.999193 0.1783811784087977 11.250162 0.008828413196023347 0.06174565600000002 0.0008966861443775249 
