0.01 100.0 0.0 1.00008304 0.00013587676321534525 4.7103484999999985 0.002911992099543219 1.2395463 1.7619112012479487e-05 0.003137645400000001 8.084533872050838e-06 0.082255633 1.9349941295464223e-05 1.1021018000000005 0.00012528139360768443 0.042694068 3.563885413097711e-05 5.8875604 0.003431497489177186 5.062607700000002e-05 2.2911604787901536e-07 0.007447182600000001 2.661398585718318e-06 5.233086500000001 0.00322494318206707 0.0037486787999999978 3.435854590316442e-06 0.0029156688999999996 1.8832835823580058e-05 
0.02 100.0 0.0 1.00012997 0.00010155608052062122 5.518093899999999 0.0038333423429153407 1.2288927000000003 5.327792312058077e-05 0.006080577399999997 1.593105760684799e-05 0.16497049 3.9795654272186194e-05 1.0929593999999996 0.00010118071163763392 0.08552037900000001 7.189312911944723e-05 6.894514699999999 0.004703991971622158 0.00020504749000000005 9.680950343323343e-07 0.029940911000000004 1.086855812822446e-05 6.128118000000001 0.004307941083623314 0.015072075999999995 1.3905660007435366e-05 0.005778430399999999 3.7821762631565635e-05 
0.03 100.0 0.0 1.0001617999999999 7.707590547410831e-05 6.4744056999999975 0.005362021445822778 1.2181723000000004 7.82954474719436e-05 0.0088477769 2.3479045143148663e-05 0.24825620999999998 6.175617425890125e-05 1.0837380000000003 8.614731566003557e-05 0.12854425000000005 0.0001085299141936016 8.085263400000002 0.006695730949203546 0.00046815175999999993 2.3196477980557146e-06 0.06776126599999997 2.5156333526185712e-05 7.186522499999998 0.0060051134084064765 0.034112663999999994 3.161799248930948e-05 0.008562140799999996 5.694514669727549e-05 
0.04 100.0 0.0 1.0001834399999994 5.994014742910992e-05 7.411508699999995 0.00734707424446616 1.2074019000000005 9.542396914247983e-05 0.011454394999999997 3.0848153830513906e-05 0.3319929899999999 8.52146648146193e-05 1.0744545000000003 7.595306111405164e-05 0.17171326999999997 0.0001453529579025752 9.2500455 0.009219348511002996 0.0008391975099999999 4.341168879772033e-06 0.12108525000000002 4.617040691793576e-05 8.2218567 0.008176716232150518 0.06095855899999998 5.67052881680131e-05 0.011287751099999998 7.614990606099299e-05 
0.05 100.0 0.0 1.0001976299999997 4.820112797272154e-05 8.255798999999998 0.009616203554962418 1.1966023 0.000106822643203625 0.013920132 3.811128034794732e-05 0.41602527 0.00011012388737606576 1.0651296 6.815011667456362e-05 0.21495961999999996 0.00018226456692487688 10.296842999999997 0.012073440375909109 0.0013133503000000001 7.044256421305061e-06 0.18996365 7.462291521306364e-05 9.1523313 0.010653151433874323 0.09563275600000001 8.924916657664141e-05 0.013982423999999999 9.538483044090325e-05 
0.06 100.0 0.0 1.0002060799999999 4.046103729677403e-05 8.979264800000001 0.011983675619339825 1.1857921999999999 0.00011432983690375178 0.016263701 4.535177755049062e-05 0.50021809 0.0001362913989140076 1.0557812000000004 6.145018785791702e-05 0.2582251199999999 0.00021917432070474465 11.190640999999998 0.015037935702448038 0.0018840237999999993 1.0427506521485613e-05 0.27435830999999994 0.00011114153561625629 9.946826999999999 0.013238603481873067 0.13811283000000002 0.0001292773019941126 0.016669451 0.00011459502501850064 
0.07 100.0 0.0 1.0002109000000003 3.553431998032167e-05 9.578316799999998 0.01431644049957482 1.1749812999999993 0.0001193595958173232 0.018501739000000003 5.259543497100537e-05 0.5844726799999999 0.0001635523542436097 1.0464212999999996 5.5241769595010923e-05 0.30146873000000013 0.00025603952579544056 11.926961999999996 0.01795097901399324 0.0025446592999999996 1.4467936586298011e-05 0.37418428 0.00015620064537538267 10.601357999999998 0.015789568466566078 0.1883529800000001 0.00017679188102277438 0.019365249999999997 0.00013374206958545728 
0.08 100.0 0.0 1.00021235 3.250574830705196e-05 10.062169700000004 0.016538214764244302 1.1641794999999997 0.0001228786698815386 0.02064863799999999 5.9862587010277054e-05 0.6687239500000001 0.00019180175617840347 1.0370583 4.9642130315820225e-05 0.3446650600000001 0.0002928730519589413 12.517349000000003 0.02071788587163047 0.0032896825000000014 1.91490956033815e-05 0.48933965 0.00021035889730423835 11.126189 0.018221735312252303 0.24629966 0.00023185016248399 0.022079965 0.0001528183613403522 
0.09 100.0 0.0 1.0002117499999998 3.0579899859822805e-05 10.445509399999997 0.01861498998863788 1.1533894999999996 0.00012546428779238572 0.022716731000000004 6.71890436707397e-05 0.7529321499999996 0.00022108858107642106 1.0276971000000001 4.4980950399277696e-05 0.3878004600000002 0.0003296976149183442 12.980155000000007 0.02329439891364679 0.004114531400000004 2.446635329917427e-05 0.61972041 0.0002742707855725423 11.537634000000002 0.02049558987782036 0.31189830999999985 0.0002944865201333394 0.024819051000000005 0.00017183332165498832 
0.1 100.0 0.0 1.0002091900000003 2.9314537950115434e-05 10.743953999999997 0.02055126100367726 1.1426139999999998 0.00012794264343200516 0.024716439000000007 7.45971153985508e-05 0.8370744600000001 0.000251506635463711 1.0183421000000001 4.180054901781074e-05 0.4308687 0.00036652606605775865 13.334934999999998 0.025690739941669566 0.005015193900000001 3.0429016351465947e-05 0.7652259799999999 0.00034874952673480934 11.853069 0.022616604771472072 0.3850968500000001 0.0003647734314256262 0.02758503799999999 0.00019079786774899902 
0.11 100.0 0.0 1.0002062999999999 2.8459032045618295e-05 10.971661 0.022375393399681327 1.1318548 0.00013053953275133818 0.026656222000000004 8.208352233644929e-05 0.92113633 0.000283156874561089 1.0089941000000002 4.085415395476507e-05 0.47386674999999984 0.00040337934909475255 13.599401000000007 0.02794387018629465 0.005987843400000002 3.704313054270921e-05 0.9257572399999999 0.0004347242349170383 12.088242999999995 0.024614861131261365 0.46584367999999965 0.00044280968686339 0.030379099999999996 0.00020973210108613362 
0.12 100.0 0.0 1.0002014800000008 2.777057227637923e-05 11.140370999999998 0.02411946646571303 1.1211122000000004 0.00013347685787853768 0.028542945999999993 8.962686040939241e-05 1.0051069699999997 0.0003160851484870663 0.9996564199999999 4.2521599668268724e-05 0.5167926700000004 0.0004402878726549496 13.788227 0.030094676401500087 0.0070285461 4.427633179045087e-05 1.1012117000000003 0.0005331195748538375 12.256194 0.02652384236191937 0.5540853700000002 0.0005287385534727228 0.033202050000000004 0.0002286553455946343 
0.13 100.0 0.0 1.0001959500000002 2.711817242710195e-05 11.259368000000002 0.025802808873436073 1.1103872999999995 0.0001370514396612767 0.03038222300000001 9.719227903342099e-05 1.0889762000000003 0.00035033386304371574 0.9903278299999999 4.660751019220788e-05 0.5596441100000001 0.0004772562854244228 13.913043 0.03217025272685137 0.008133101999999996 5.206180570995027e-05 1.2914794 0.0006445023323414466 12.367259 0.028367014051361113 0.6497656200000002 0.0006226525883307359 0.036054771000000006 0.0002475717973489368 
0.14 100.0 0.0 1.00019045 2.6478721224658452e-05 11.335942 0.02742932147100454 1.0996815 0.0001412803861095945 0.032178492 0.00010476216569622219 1.1727339 0.00038579564266334374 0.9810119099999999 5.282213385931435e-05 0.6024184499999999 0.0005142201869571614 13.982986 0.034179322082816196 0.009297210499999996 6.033259563327232e-05 1.4964464999999996 0.0007691820639573877 12.429544000000007 0.030149787771030372 0.75282434 0.0007244902391665342 0.03893836200000001 0.00026647444928089027 
0.15 100.0 0.0 1.00018517 2.5880239853983364e-05 11.375966 0.028996671333793595 1.0889955999999998 0.00014626108984229982 0.03393512 0.00011230809946751292 1.2563716999999996 0.0004221210740042901 0.97170901 6.055382315767349e-05 0.6451129000000002 0.0005511212820216836 14.005400999999997 0.03611584296387359 0.0105167585 6.902110402556158e-05 1.7159899999999997 0.0009072553995503757 12.449602000000004 0.03186839214580795 0.8631988899999997 0.0008341527965437523 0.041853951 0.00028535128489458995 
0.16 100.0 0.0 1.00017913 2.527535031980647e-05 11.38438 0.03049288290733837 1.0783303 0.00015195482584224918 0.035654724000000006 0.00011980424108618142 1.3398817999999997 0.0004592675120343735 0.9624200799999998 6.935179261662074e-05 0.6877247499999997 0.0005879122622286966 13.986491000000006 0.03796653516174891 0.011787977 7.80524075843225e-05 1.9499878999999993 0.0010587543557988572 12.432940000000004 0.033508874943801795 0.9808255900000001 0.000951471759231154 0.044802516000000014 0.0003041896145587873 
0.17 100.0 0.0 1.0001724500000007 2.4596289587258185e-05 11.365496000000002 0.03190479073492085 1.0676850999999998 0.00015833650843296405 0.037339144000000005 0.00012721052888278446 1.4232580999999995 0.0004971300774514458 0.9531456600000001 7.887591549335823e-05 0.7302522100000002 0.0006245513969693552 13.931670999999996 0.03971348444284019 0.013107223000000001 8.733383257197204e-05 2.1983165 0.0012238522653914303 12.384346999999996 0.035059805060943104 1.1056408999999996 0.0010763691197274384 0.04778488500000003 0.0003229813884494374 
0.18 100.0 0.0 1.0001662400000004 2.3883542718554723e-05 11.323132000000003 0.0332212397384472 1.0570614 0.00016538627633442746 0.03898946100000001 0.00013448484818664972 1.5064959000000004 0.0005357656408216362 0.9438865000000001 8.89402771404699e-05 0.7726934999999999 0.0006610605637166935 13.845698000000004 0.04134435971155313 0.014470579999999995 9.676349612328722e-05 2.4608490000000014 0.0014027063733930314 12.308078999999996 0.036506279330977665 1.2375808999999998 0.0012088005136930745 0.050801755999999976 0.00034172445440833557 
0.19 100.0 0.0 1.0001593900000012 2.3101678552197518e-05 11.260649000000008 0.034436817550237406 1.0464597000000004 0.00017307798555807143 0.040606259000000006 0.00014159604719123645 1.5895909000000006 0.0005751178678204153 0.93464296 9.937651123371144e-05 0.8150468000000001 0.0006974217874432415 13.732824000000003 0.042851668721765636 0.01587367 0.00010624754717639816 2.7374648999999986 0.001595745164486333 12.207902999999998 0.03784252661901969 1.376579999999999 0.0013488915152920018 0.05385383 0.0003604135977471005 
0.2 100.0 0.0 1.0001529200000003 2.2436673609773033e-05 11.181044 0.03555093352698266 1.0358798999999996 0.00018130523959779604 0.042189778000000004 0.00014853380440543978 1.6725406 0.0006151385343124426 0.9254154300000001 0.00011008563963049661 0.8573105199999997 0.0007336521440717041 13.596783 0.044232472891643795 0.017311758 0.00011572893916544523 3.0280371 0.0018029573499847983 12.087144000000002 0.03906898973148904 1.5225750000000002 0.0014964604271404509 0.05694174100000005 0.00037903857212705813 
0.21 100.0 0.0 1.0001460799999997 2.1696247026825438e-05 11.086990999999998 0.03656586471273726 1.0253236000000001 0.00019001865802490488 0.043740075999999996 0.00015531095645916738 1.7553404000000008 0.0006557778422445505 0.91620462 0.00012098230841817112 0.8994830800000001 0.0007697316407254645 13.440942000000001 0.04549017725135787 0.018780011 0.00012518096383951261 3.332438799999999 0.0020246396878651272 11.948786000000002 0.04018579159403251 1.6755000000000004 0.001651543926149054 0.06006613799999998 0.00039758629781166163 
0.22 100.0 0.0 1.0001387200000003 2.0974089037269812e-05 10.980859000000002 0.037486521500262104 1.0147894999999998 0.0001990830166024087 0.045256983999999986 0.00016193469058682733 1.8379892 0.0006970578839697699 0.9070098899999998 0.0001319206988560978 0.9415629600000008 0.0008055983661647762 13.268295999999994 0.04663066821139745 0.020273730999999996 0.0001346030554905484 3.650544700000001 0.0022609017336091075 11.795494000000001 0.041198193548253055 1.8352883000000002 0.0018139402970052964 0.06322759900000001 0.0004160379296205487 
0.23 100.0 0.0 1.0001323900000003 2.0183953366208227e-05 10.864743299999994 0.038319228214338544 1.0042789700000003 0.0002085611543037159 0.04674047299999999 0.00016839774518599037 1.9204825999999995 0.0007391116102609717 0.8978333000000001 0.00014303468634193348 0.9835484900000001 0.0008412899681425412 13.081465000000001 0.047660051791305766 0.021788481999999994 0.00014399909430536193 3.9822245000000005 0.002512188258766861 11.629602999999998 0.04211348310114746 2.0018736000000006 0.001983539470334948 0.066426872 0.00043438981359852577 
0.24 100.0 0.0 1.0001262700000004 1.94329657835279e-05 10.740544599999998 0.03906733948566948 0.9937936299999997 0.00021835967241624877 0.048190264 0.00017467639941630636 2.0028173999999996 0.0007818720051319319 0.88867452 0.00015418929890840036 1.0254374000000004 0.0008767155595686129 12.882862000000003 0.04858406886582676 0.02332029400000001 0.00015338131620779488 4.327348900000001 0.002778641268285369 11.453240000000008 0.04293378513476186 2.1751887999999995 0.0021604412340136196 0.06966454399999998 0.0004526359244631938 
0.25 100.0 0.0 1.0001196100000005 1.8652757605652926e-05 10.609987000000004 0.03973411706768655 0.9833323600000001 0.00022836346402875166 0.049606044 0.00018075022196013894 2.0849913999999994 0.0008254182578704703 0.8795335099999996 0.0001653602772786359 1.0672300999999997 0.0009119396086939154 12.674622 0.04940578457185392 0.024865684000000002 0.0001627726773922373 4.6857884 0.0030608535401979347 11.268324000000005 0.04366449260256466 2.3551679000000014 0.0023444535025957656 0.07294123599999999 0.000470783548354264 
0.26 100.0 0.0 1.0001133400000002 1.783538726361473e-05 10.474608999999997 0.04032395903418502 0.9728956500000003 0.00023856260576693759 0.05098759299999999 0.00018661930038053155 2.1670022 0.0008696245003425474 0.8704106900000005 0.0001765539728626582 1.1089229999999997 0.0009469369408843031 12.458724999999998 0.05013079577216152 0.026421538 0.0001722025480867156 5.0574141 0.0033589689045767077 11.076587 0.04430874210931996 2.5417448000000005 0.0025358066112363374 0.076257417 0.0004888507208198404 
0.27 100.0 0.0 1.0001069 1.721260864968789e-05 10.3358107 0.04084161620951108 0.9624836899999998 0.0002489367818141109 0.05233471900000002 0.00019230163185310394 2.2488487 0.0009145441996449285 0.8613058500000002 0.0001877983904938045 1.1505177 0.0009818207459134074 12.236892000000003 0.05076355942365525 0.027985125000000003 0.00018167624386458646 5.4421005000000005 0.0036732643666658 10.8795843 0.0448724973901085 2.7348556000000004 0.002734676387866927 0.07961339099999999 0.0005068592905552512 
0.28 100.0 0.0 1.0001004 1.6373710539037432e-05 10.194755 0.04128911516186807 0.9520976199999996 0.00025946713812343753 0.053647760999999995 0.00019784695672612012 2.3305292 0.0009600576407732108 0.85222027 0.00019898290773202719 1.1920108 0.0010165997312582265 12.010645999999994 0.051309511095321655 0.029554039999999993 0.0001911685373329198 5.839719700000002 0.004003842900122761 10.6786584 0.04535942104650846 2.9344346999999993 0.002941434046368326 0.083009365 0.0005248235632845968 
0.29 100.0 0.0 1.0000947000000002 1.567255872734411e-05 10.052523 0.041670983549111536 0.94173664 0.0002701154814268354 0.05492666599999998 0.000203324702651861 2.4120436 0.0010060940067457228 0.8431533099999997 0.00021015847054856057 1.2334045999999992 0.0010514749014717535 11.781310000000001 0.051771498732409174 0.03112582400000001 0.00020065490583644915 6.250151800000003 0.004351249899424311 10.4749942 0.04577319348094471 3.1404220000000005 0.0031561343824314672 0.08644530699999999 0.0005427589625593952 
0.3 100.0 0.0 1.0000893000000004 1.5042775438256164e-05 9.909952299999995 0.04198378916269861 0.9314008899999999 0.00028090298072205226 0.05617151299999998 0.00020881424143324493 2.493392500000001 0.0010526703792986551 0.8341048899999999 0.00022134270392452777 1.2746995 0.001086358581453045 11.549965999999998 0.05214590726452669 0.032697966999999994 0.00021013278554312867 6.673278800000003 0.00471600449798886 10.269540999999995 0.04611050512204878 3.3527545000000005 0.0033794919540449673 0.08992121499999996 0.0005606776387469062 
0.31 100.0 0.0 1.0000840000000002 1.4309437370004535e-05 9.7677613 0.04222553032956249 0.92109019 0.00029179643544488743 0.05738227000000002 0.00021438644811411556 2.5745772 0.001099854582020002 0.8250750000000002 0.00023251563774039685 1.3158935999999999 0.0011212803442521796 11.317525 0.05243143824795995 0.03426802999999998 0.0002196240952924271 7.1089839999999995 0.005098704480566748 10.063117599999996 0.046368677249656806 3.5713763000000007 0.003611541005314696 0.09343692900000006 0.0005785782078081797 
0.32 100.0 0.0 1.0000784999999999 1.3601010942300906e-05 9.626582499999996 0.04239802930854712 0.9108045399999999 0.0003027780145389672 0.058558673999999984 0.00022008366370830163 2.6555971 0.0011476831470011986 0.81606356 0.0002436752955572324 1.3569898000000007 0.0011563209327773885 11.084787600000004 0.052626511596929625 0.03583367599999998 0.00022916236025633522 7.557159600000002 0.005500411011744365 9.856421399999993 0.04654873683572572 3.7962296 0.003852692385641861 0.09699234100000004 0.0005964720984238225 
0.33 100.0 0.0 1.0000731999999999 1.3056707209141903e-05 9.486969400000001 0.04250449881220185 0.9005437799999999 0.00031384405031154364 0.05970017600000002 0.00022590711254013587 2.7364557999999994 0.0011961333301988859 0.80707029 0.000254828868966289 1.3979866 0.0011916358103022872 10.852462699999998 0.05273959163017452 0.037392632000000016 0.00023878356142698103 8.017700800000002 0.005921975914621771 9.6500997 0.046655818507118044 4.0272618 0.004103259042218919 0.10058715300000004 0.0006143592917624305 
0.34 100.0 0.0 1.0000685999999996 1.238952815647326e-05 9.349421400000002 0.04255151602869241 0.8903075799999998 0.0003250115438611963 0.06080606900000002 0.00023182273721822523 2.817154499999999 0.001245312590296904 0.79809494 0.00026600914902397826 1.4388861999999998 0.001227075203725703 10.621198099999994 0.052776674342512556 0.038942703 0.0002484999423116801 8.490507999999998 0.006364360992316964 9.444709699999995 0.04669583960922279 4.264422500000002 0.004363388860428537 0.10422091400000001 0.0006322406269767931 
0.35000000000000003 100.0 0.0 1.0000638000000004 1.1767565305293095e-05 9.2143984 0.042549752155492546 0.8800958800000003 0.00033628822020840014 0.06187557400000001 0.00023777378064290195 2.8976956000000014 0.00129535353719871 0.7891373899999996 0.0002772134668178646 1.479688499999999 0.0012626097843432358 10.391552500000003 0.05275061694887534 0.040481739 0.00025830979656178953 8.975487100000002 0.0068282968099942064 9.240772199999999 0.04668079001701101 4.507662900000001 0.004633498465074732 0.10789363 0.0006501436303917646 
0.36 100.0 0.0 1.0000588000000004 1.1124998476811066e-05 9.0822888 0.04250916365967914 0.86990844 0.00034766101832671594 0.062907893 0.00024369205570249673 2.978082299999999 0.0013461822451517294 0.7801971000000003 0.0002884819295845056 1.5203955999999996 0.0012983298449945214 10.164052199999995 0.05267498434297686 0.04200757999999999 0.0002681977869856674 9.4725432 0.007314321794742111 9.038728199999998 0.04662140467926393 4.756933800000002 0.004913512164984818 0.11160455699999992 0.0006680645661779803 
0.37 100.0 0.0 1.0000546000000001 1.0568273309777428e-05 8.9534202 0.042438490247172264 0.8597453199999997 0.00035911336675470423 0.06390229400000001 0.00024952170769621874 3.0583168000000005 0.001397771031891904 0.7712743300000001 0.0002997444561785961 1.5610068000000004 0.0013342538654900564 9.939101899999995 0.052559656227329145 0.043517835000000005 0.0002781387198624824 9.981578599999999 0.007822126429581574 8.838955399999998 0.04652755417028651 5.012188600000001 0.005203469446467902 0.11535373 0.0006860025886036883 
0.38 100.0 0.0 1.0000505999999998 9.943661652629036e-06 8.828083499999996 0.04234831198746701 0.8496058799999997 0.0003706614698885116 0.064858199 0.00025521124805338825 3.1383994999999993 0.0014501501120554364 0.7623683599999996 0.0003110577671591823 1.6015233000000006 0.001370206554165818 9.7170825 0.052418809584034366 0.04501049100000001 0.00028811760007016067 10.502507999999999 0.008353230354787838 8.641785300000004 0.04641097720785943 5.273378000000003 0.005503489840056056 0.11914063000000003 0.0007039670703455987 
0.39 100.0 0.0 1.0000466000000001 9.329758751212643e-06 8.7064879 0.04224459771243675 0.83949042 0.0003822708273390455 0.06577520899999999 0.00026071671150927904 3.2183344999999997 0.0015032069942184274 0.75347922 0.0003223854399901407 1.6419466999999996 0.001406205753474146 9.498268600000001 0.052258931796584404 0.04648355800000001 0.00029812267157723534 11.035225999999998 0.008906318613227389 8.4474622 0.0462779969217721 5.540453 0.005813667346003196 0.12296516000000005 0.0007219448370505503 
0.4 100.0 0.0 1.0000432000000004 8.76912725063783e-06 8.588823100000003 0.04213171348798247 0.8293983399999999 0.00039394391992478756 0.06665294699999999 0.0002660090473554106 3.298121300000001 0.0015570613131993107 0.7446066800000003 0.00033374182082832477 1.6822757000000002 0.0014422641869913382 9.282906800000001 0.05208560478114468 0.047935357000000005 0.00030813697800573817 11.579652 0.00948211479365242 8.256206399999998 0.046133352549003796 5.813367199999998 0.0061339269348410115 0.12682715 0.0007399529507171646 
0.41000000000000003 100.0 0.0 1.0000395 8.268464353806725e-06 8.475227199999996 0.042011437411760374 0.81932998 0.00040568917657897473 0.06749121200000001 0.00027107076997076883 3.3777604999999995 0.001611507098177437 0.7357507100000004 0.0003451491379845836 1.722512 0.0014783593947330133 9.0711852 0.05190155058251823 0.049364394999999985 0.0003181291715903599 12.135671000000004 0.010079673635041194 8.068182499999999 0.04597914069192394 6.092071300000003 0.006464254771653556 0.1307264000000001 0.0007579799031635052 
0.42 100.0 0.0 1.0000364 7.78269903361192e-06 8.3657988 0.04188305479576856 0.8092852399999999 0.0004174626663892904 0.06828986600000002 0.0002758932883279498 3.4572543000000002 0.001666607789813294 0.7269114499999999 0.0003565483325948173 1.7626551999999998 0.0015144237285567963 8.8632361 0.05170546841792861 0.050769362000000005 0.00032806396386004155 12.703199999999999 0.010699877289030232 7.883509400000003 0.04581450169952456 6.376514799999999 0.006804801016177982 0.13466300000000003 0.0007759729624154806 
0.43 100.0 0.0 1.0000333000000001 7.336286285884282e-06 8.260622500000002 0.04174576550486829 0.7992640299999998 0.00042925050599087615 0.06904865700000001 0.0002804871707413966 3.5366011999999993 0.0017223971393510915 0.71808858 0.0003679372150748027 1.8027055000000007 0.0015506168667549503 8.6591785 0.05149670624193268 0.052149169999999995 0.00033789844369129887 13.282144999999998 0.01134383130825559 7.702293199999997 0.04563842310354729 6.666653299999999 0.007155747661939181 0.13863662 0.0007939607934627987 
0.44 100.0 0.0 1.0000310000000001 6.976388530002218e-06 8.1597556 0.04159844770500487 0.7892662300000004 0.0004410525120248683 0.06976741699999998 0.0002848742078850405 3.6158037000000003 0.001778970245117154 0.7092820600000002 0.0003793263357069359 1.8426631999999998 0.001586772364774097 8.459096800000005 0.051274057740117875 0.05350294300000002 0.00034759643735586624 13.872415000000004 0.012011551721115711 7.5246075999999995 0.045449672350219565 6.962441100000002 0.0075172088235998915 0.14264731 0.00081190276630826 
0.45 100.0 0.0 1.0000282 6.606632776846297e-06 8.0632526 0.04144116502382752 0.7792913199999998 0.00045288377270578315 0.07044588400000004 0.0002890998776813879 3.694862500000001 0.0018365801772617283 0.7004915000000002 0.00039072541086559016 1.8825287999999998 0.0016229334938959246 8.263066199999999 0.05103748201053743 0.05482994099999999 0.00035713924413623187 14.473927000000002 0.012704563578070682 7.350519800000001 0.04524826714162254 7.263834800000001 0.007889572805254616 0.14669481999999998 0.0008297909073230851 
0.46 100.0 0.0 1.0000254 6.169959624198136e-06 7.971146400000002 0.04127454566012902 0.7693396500000002 0.0004646975965840525 0.07108394300000001 0.0002932013836639738 3.7737791000000014 0.001895011968775822 0.6917169899999998 0.00040210483993993425 1.9223031 0.0016592647871570155 8.0711418 0.050787861631175504 0.05612945800000002 0.00036652433525804687 15.086585000000007 0.013423209331161376 7.180078799999999 0.04503490387361404 7.570791599999999 0.008272879892414108 0.15077889 0.0008476262019186072 
0.47000000000000003 100.0 0.0 1.000023 5.785326274704389e-06 7.883463200000006 0.04109929721511896 0.7594107500000001 0.0004765019918877084 0.071681334 0.00029721331388153486 3.8525527 0.0019546928958432577 0.68295825 0.0004134512850113033 1.9619862999999995 0.0016955877485776104 7.883367500000004 0.050526348010589396 0.057400727000000026 0.00037576424392386993 15.710323000000002 0.014169102501888773 7.013322600000002 0.044810355893387034 7.883267099999999 0.008667503714774047 0.15489954999999997 0.0008654011952123807 
0.48 100.0 0.0 1.0000207 5.495916724522697e-06 7.800209900000001 0.040919900145404316 0.7495049699999999 0.0004882998989248169 0.07223815299999999 0.00030120761779694967 3.9311859 0.0020154950066403384 0.6742155400000001 0.0004247764521289071 2.0015788000000008 0.0017320426742873426 7.6997622 0.05025791572012437 0.058643052 0.00038488751010257833 16.345031000000002 0.014944141708053452 6.8502678 0.04457926605869311 8.201216299999997 0.009074246389299013 0.15905666999999998 0.0008831160906761322 
0.49 100.0 0.0 1.0000185000000001 5.072228101126308e-06 7.721398300000001 0.04073861303850339 0.7396221699999999 0.0005001007232702931 0.072754338 0.0003052157932243645 4.0096780999999995 0.0020777134532997932 0.66548877 0.00043610632370262033 2.041079600000001 0.0017686809204474976 7.5203503000000005 0.04998543827405224 0.059855682999999986 0.0003939498525651706 16.99063 0.015749328842828758 6.6909388000000005 0.04434391535042374 8.524596899999995 0.009493596155028714 0.16324997 0.000900772092091525 
0.5 100.0 0.0 1.0000166 4.756511340375585e-06 7.647010499999998 0.04055673613899137 0.7297620099999998 0.0005118742092562348 0.07323004400000001 0.0003092619793421655 4.0880306000000015 0.0021413605759830847 0.65677756 0.00044739232812302556 2.0804911 0.0018055218519549005 7.345121700000002 0.0497105976479963 0.06103810700000003 0.00040302897920928065 17.647045 0.01658567480537629 6.535323699999997 0.044106074890351975 8.853364599999999 0.00992605556143984 0.16747944000000003 0.0009183733431802077 
