0.01 100.0 0.0 1.0 0.0 1.1581775999999997 4.638967996640106e-05 1.1526083999999999 1.0958759306202972e-05 0.35529172999999986 5.290508834240527e-05 0.42384129999999975 6.646182440017734e-05 1.0640176 7.383928639189914e-06 0.38956649000000027 4.349141635416903e-05 1.408563 6.1396824063057e-05 0.12984977999999994 3.81398415844549e-05 0.18342488000000007 5.8067313144900735e-05 1.2664836999999998 5.313824517034096e-05 0.15663737000000005 3.567768953817516e-05 -0.1358265899999999 1.73976095838836e-05 
0.02 100.0 0.0 1.0 0.0 1.1476278000000004 4.491226548606211e-05 1.1446291000000004 1.0995539784931282e-05 0.35295384000000013 5.233387758182337e-05 0.49000842999999994 6.857013090346942e-05 1.0566656999999997 7.6239826462744795e-06 0.4214811499999999 4.406556564910167e-05 1.3880226 5.977451286813607e-05 0.12810989999999997 3.746755262967875e-05 0.24398527000000006 6.893921069043405e-05 1.2480327000000004 5.1690976904665446e-05 0.1860475699999999 4.014327903230787e-05 -0.12859250999999997 1.761876553720737e-05 
0.03 100.0 0.0 1.0 0.0 1.1381269000000005 4.338633291063926e-05 1.1366512000000004 1.11178053980527e-05 0.35061318999999996 5.179356079030203e-05 0.5561722900000002 7.081993827422698e-05 1.0493140000000003 7.852387704849615e-06 0.45339275 4.469935877776575e-05 1.3676963 5.819392664525117e-05 0.12638324000000004 3.681679812116508e-05 0.3133224000000001 8.054233172217969e-05 1.2297722000000002 5.0377093956886646e-05 0.21985283 4.511464297788027e-05 -0.12135707999999999 1.7877749748327003e-05 
0.04 100.0 0.0 1.0 0.0 1.1296732999999999 4.202738513084199e-05 1.1286747 1.1316761894181122e-05 0.3482696999999999 5.1296772807805317e-05 0.6223329399999998 7.319581113173648e-05 1.0419633000000001 8.148686612732432e-06 0.4853013900000003 4.539410948928889e-05 1.3475795 5.6786508109290795e-05 0.12466987000000002 3.6201313940091e-05 0.39143388 9.288493880091164e-05 1.2117007000000002 4.909465452181558e-05 0.25805184 5.059565538559131e-05 -0.11412049999999999 1.8152357973262515e-05 
0.05 100.0 0.0 1.0 0.0 1.1222652000000002 4.0669270910543476e-05 1.1206980999999998 1.1540967045161523e-05 0.34592357999999984 5.0831097146118896e-05 0.6884903199999998 7.567685499040074e-05 1.0346126999999996 8.459143653315692e-06 0.5172069699999997 4.614721762297358e-05 1.3276703 5.5483953532870335e-05 0.1229697 3.561798562580548e-05 0.47831727000000024 0.00010601658346109789 1.1938147 4.798405051957384e-05 0.30064343999999993 5.655876823814866e-05 -0.10688278000000005 1.8454547296653204e-05 
0.06 100.0 0.0 1.0 0.0 1.1158983999999996 3.9379111287249615e-05 1.1127227000000004 1.1783764029858949e-05 0.34357474000000005 5.0405334277201666e-05 0.7546446099999998 7.826334889476039e-05 1.0272619999999997 8.687923164357433e-06 0.5491096600000002 4.69599301783107e-05 1.3079667999999995 5.423354686830635e-05 0.12128257000000003 3.5067355916230246e-05 0.5739701699999996 0.00011994654399336754 1.1761127999999998 4.689649881684514e-05 0.34762636999999974 6.299952168849348e-05 -0.09964387599999998 1.878319813782693e-05 
0.07 100.0 0.0 1.0 0.0 1.1105711999999999 3.817519619064734e-05 1.1047475000000004 1.198613727587257e-05 0.34122325 5.001048965032667e-05 0.8207956900000001 8.093024243234065e-05 1.0199113 9.005171169076637e-06 0.5810095099999999 4.7825473335793734e-05 1.2884646999999998 5.3076822673417844e-05 0.11960848 3.454474339108545e-05 0.6783902199999998 0.0001347143552776269 1.1585916000000003 4.582242241664376e-05 0.39899939999999995 6.991773595060584e-05 -0.092403792 1.91285000812069e-05 
0.08 100.0 0.0 1.0 0.0 1.1062813 3.710085039383175e-05 1.0967734000000007 1.2193620478074034e-05 0.33886917999999994 4.9651091388841234e-05 0.8869436699999999 8.368616143352086e-05 1.0125619000000001 9.330267810948814e-06 0.61290641 4.873447258533361e-05 1.2691621000000002 5.1903043243262264e-05 0.11794740000000008 3.404971659028391e-05 0.79157516 0.0001503217314426112 1.1412492000000005 4.4821351969452265e-05 0.4547612899999999 7.730598462277252e-05 -0.08516257099999999 1.9493860331526863e-05 
0.09 100.0 0.0 1.0 0.0 1.1030282 3.608860762052845e-05 1.0887997000000003 1.2414068673725418e-05 0.33651255999999996 4.93289657749096e-05 0.9530885199999999 8.651164025573345e-05 1.0052124000000002 9.594914969102847e-06 0.6448005600000002 4.969302225868482e-05 1.2500569999999998 5.101048919928788e-05 0.11629917000000001 3.358805458785872e-05 0.9135228200000002 0.00016679763448493326 1.1240844 4.398802562815105e-05 0.5149110400000001 8.517790783281764e-05 -0.07792021599999999 1.9878072981345737e-05 
0.1 100.0 0.0 1.0 0.0 1.1008069000000003 3.5178884156213745e-05 1.0808267000000003 1.2664165961961648e-05 0.3341534299999998 4.903780227601515e-05 1.01923 8.939093913018082e-05 0.9978633099999997 9.933606888904716e-06 0.6766918600000001 5.069789741700221e-05 1.2311463999999999 5.0019100406912944e-05 0.11466380999999995 3.314883314864039e-05 1.0442311 0.00018415194244013252 1.1070938 4.325246355201886e-05 0.5794473899999999 9.351910168918047e-05 -0.07067675299999998 2.028009607825551e-05 
0.11 100.0 0.0 1.0 0.0 1.0996180999999998 3.431404822354285e-05 1.072855 1.2957237433221336e-05 0.33179187 4.877705332845763e-05 1.0853691999999997 9.239466222685385e-05 0.9905145600000005 1.02581799370244e-05 0.70858046 5.174316462502079e-05 1.2124294999999998 4.914598159451424e-05 0.11304106999999998 3.2744078105922145e-05 1.1836972000000001 0.00020241181190120685 1.0902757 4.246722387821299e-05 0.64836916 0.00010232945687613502 -0.063432178 2.069756022243302e-05 
0.12 100.0 0.0 1.0 0.0 1.0994572000000005 3.364315069815676e-05 1.0648834000000003 1.3185765244962412e-05 0.32942788 4.854400329898025e-05 1.1515042000000004 9.537034961587487e-05 0.9831661800000002 1.0598673209547195e-05 0.7404662900000002 5.282825055117703e-05 1.1939021000000003 4.836864574074021e-05 0.11143112999999998 3.23632404286533e-05 1.3319194 0.00022153364620529256 1.0736277000000003 4.184061535240074e-05 0.7216752999999998 0.00011161695346920535 -0.056186505999999976 2.1131117473378405e-05 
0.13 100.0 0.0 1.0 0.0 1.1003239999999999 3.3053290355939226e-05 1.056912 1.348406479877395e-05 0.32706151000000006 4.834920990707043e-05 1.2176380999999998 9.841135048671223e-05 0.9758181100000002 1.0934156409618497e-05 0.77234946 5.394969957132389e-05 1.1755628999999999 4.762862478726637e-05 0.10983372999999996 3.199629620907389e-05 1.4888957000000003 0.00024164243232230486 1.0571487000000004 4.123582298726265e-05 0.7993647499999997 0.00012138525066980909 -0.04893975899999997 2.1580220902942e-05 
0.14 100.0 0.0 1.0 0.0 1.1022151000000002 3.2605979433021466e-05 1.0489427000000002 1.380569070650795e-05 0.32469280000000006 4.8174339635014736e-05 1.2837671 0.00010146933476930997 0.9684703199999999 1.126880574151986e-05 0.8042299100000002 5.51057494066724e-05 1.1574097000000003 4.6979666882280476e-05 0.10824896 3.1659661779673734e-05 1.6546238999999994 0.00026252294742807464 1.0408361000000002 4.0650681353704115e-05 0.8814363800000002 0.00013162240139212206 -0.04169194499999999 2.2041948343204944e-05 
0.15 100.0 0.0 1.0 0.0 1.1051299 3.2368656110437206e-05 1.0409730999999998 1.411927414121842e-05 0.32232172000000003 4.803070700985655e-05 1.3498936999999995 0.00010465052852412645 0.9611228600000001 1.1627054725265968e-05 0.8361076799999999 5.62918784130403e-05 1.1394400999999998 4.644232884879621e-05 0.10667651999999998 3.1347103471423056e-05 1.829101599999999 0.00028439844310060617 1.0246881999999997 4.01490673180055e-05 0.9678891600000001 0.00014234350473888346 -0.034443072000000005 2.251692785784988e-05 
0.16 100.0 0.0 1.0 0.0 1.1090661000000004 3.224372634588694e-05 1.0330049999999997 1.4334922644798479e-05 0.3199483600000002 4.792162249360512e-05 1.4160175000000002 0.00010781014562861193 0.9537759000000002 1.197550418996702e-05 0.8679828999999999 5.750756383235917e-05 1.1216521999999998 4.5843337675002646e-05 0.10511662000000005 3.1050319739243555e-05 2.0123275000000005 0.0003072476972541023 1.0087033000000003 3.981081627633819e-05 1.0587217000000007 0.00015355995923197374 -0.027193151000000013 2.30031868441439e-05 
0.17 100.0 0.0 1.0 0.0 1.1140222 3.2307144765901456e-05 1.0250361999999997 1.46606822784527e-05 0.31757288 4.7831080435356946e-05 1.4821379000000008 0.00011093225805609399 0.94642908 1.2337549974844885e-05 0.8998555000000001 5.875876353416252e-05 1.1040437000000003 4.54688144245225e-05 0.10356901 3.0776976768917524e-05 2.2042984999999997 0.0003310259922003538 0.99288004 3.936040123447748e-05 1.1539339000000002 0.000165227049549217 -0.019942196999999995 2.350210647816681e-05 
0.18 100.0 0.0 1.0 0.0 1.1199953 3.2621911333715643e-05 1.0170687000000003 1.5035727311947723e-05 0.3151951600000001 4.776617153611389e-05 1.5482566000000002 0.00011425779796854359 0.9390826399999997 1.2687580813440221e-05 0.93172553 6.002542038109484e-05 1.086614 4.4940404904971565e-05 0.10203377999999999 3.051797037844904e-05 2.4050137000000005 0.00035560679556883597 0.97721582 3.902194099234047e-05 1.2535238000000002 0.00017732635337080219 -0.012690218999999997 2.4011277421056804e-05 
0.19 100.0 0.0 1.0 0.0 1.1269854999999998 3.3221491498621654e-05 1.0091016000000002 1.5374472422615142e-05 0.31281525000000004 4.77292580567421e-05 1.6143708 0.00011742458689826308 0.9317365800000004 1.3052219359451449e-05 0.9635931000000002 6.132529574245774e-05 1.0693594999999998 4.464445662657889e-05 0.10051077000000004 3.0279974618923658e-05 2.6144708000000003 0.00038130336162650445 0.9617092800000002 3.8728067460005205e-05 1.3574906999999998 0.00018997332732886564 -0.0054372208 2.4529796974570616e-05 
0.2 100.0 0.0 1.0 0.0 1.1349894999999999 3.386986134683068e-05 1.0011358000000004 1.567238311732756e-05 0.31043321000000007 4.771332789452595e-05 1.6804827 0.0001207051659904924 0.9243907100000004 1.3411713209330821e-05 0.9954580700000005 6.264538481378997e-05 1.0522787000000002 4.4271583404642674e-05 0.09899987999999998 3.0058158893305654e-05 2.832667500000001 0.0004078115342603989 0.9463588699999996 3.848117128280359e-05 1.4658331000000004 0.00020308858629951372 0.0018167792999999996 2.5057871090440293e-05 
0.21 100.0 0.0 1.0 0.0 1.1440063999999996 3.4797563189753e-05 0.9931698899999998 1.599534898411866e-05 0.30804911 4.771167550343915e-05 1.7465917000000004 0.00012403451574532267 0.9170453 1.3780279506833584e-05 1.0273208000000003 6.401447954963855e-05 1.0353706000000005 4.39992771415034e-05 0.09750117000000001 2.9850154454808644e-05 3.059601600000001 0.0004352749410793608 0.9311629600000003 3.827097830462548e-05 1.5785513999999992 0.00021667838014555402 0.0090717762 2.5594650123722783e-05 
0.22 100.0 0.0 1.0 0.0 1.1540353000000005 3.598401152916649e-05 0.98520484 1.6340084050124556e-05 0.3056628799999999 4.7736594519761924e-05 1.8126980999999998 0.00012730912734092002 0.90970018 1.414979438056334e-05 1.0591799999999996 6.52916534031125e-05 1.0186331000000004 4.3758814988836214e-05 0.096014534 2.965658858417556e-05 3.2952721 0.00046363857248399537 0.9161200600000001 3.809400951133712e-05 1.6956432000000004 0.00023077269678167123 0.016327753000000004 2.6139929894883244e-05 
0.23 100.0 0.0 1.0 0.0 1.1650730000000005 3.738943685934628e-05 0.9772404499999999 1.6683155337670704e-05 0.30327466 4.777516555890911e-05 1.8788012999999995 0.00013075524124749892 0.9023553499999997 1.4524437340040947e-05 1.0910383999999997 6.673091045792562e-05 1.0020643000000002 4.3622071204392626e-05 0.094539922 2.9475233793291545e-05 3.5396773 0.0004931151965616306 0.9012284600000001 3.795626008152382e-05 1.8171083 0.0002453060967449307 0.02358472 2.669257893122854e-05 
0.24 100.0 0.0 1.0 0.0 1.1771190000000005 3.8914393042320655e-05 0.96927664 1.7032518858460295e-05 0.30088439999999994 4.784296395688563e-05 1.944902 0.00013402186385242707 0.8950108799999996 1.4896733363746625e-05 1.1228933000000003 6.813311306853536e-05 0.9856630800000005 4.3433092509567676e-05 0.09307728800000001 2.9305477893421916e-05 3.7928136999999986 0.0005234388342508639 0.8864868800000001 3.784885801598536e-05 1.9429454 0.0002603179371500041 0.030842649 2.7252524048126534e-05 
0.25 100.0 0.0 1.0 0.0 1.1901728 4.0715372957973735e-05 0.9613134899999999 1.7386037598181468e-05 0.29849222000000014 4.7916693491427485e-05 2.0110001000000013 0.00013742907211298133 0.8876666600000002 1.526841986400982e-05 1.1547456000000005 6.956167328842165e-05 0.9694272599999999 4.330996564229322e-05 0.09162658600000002 2.914673178940866e-05 4.054681199999998 0.000554680760230088 0.8718938799999998 3.77699332429482e-05 2.0731534999999996 0.00027587346284378613 0.03810154 2.7819272671827302e-05 
0.26 100.0 0.0 1.0 0.0 1.2042305 4.270442013696545e-05 0.9533508999999998 1.7743801824287572e-05 0.2960980499999999 4.8009158244604724e-05 2.0770951999999996 0.00014079747734508188 0.8803228100000001 1.5648148054490342e-05 1.1865966000000001 7.097763303312837e-05 0.9533554899999995 4.3216229700591726e-05 0.09018774199999997 2.8997813580165593e-05 4.325277599999999 0.0005868989030927308 0.85744799 3.771920066019955e-05 2.207732300000001 0.00029185639801306376 0.045361376 2.8392852661172532e-05 
0.27 100.0 0.0 1.0 0.0 1.2192931 4.484544455836656e-05 0.9453888100000003 1.8106847713912327e-05 0.2937019799999999 4.811763290134997e-05 2.1431871 0.00014419648367933874 0.8729792399999999 1.6026017118664412e-05 1.2184448999999997 7.243486664959786e-05 0.9374461799999998 4.315776964674293e-05 0.08876074100000003 2.8856268298839904e-05 4.6046002 0.0006201715565557723 0.8431477500000001 3.769826615874152e-05 2.3466805999999996 0.0003083252120922292 0.052622156 2.8972171589846274e-05 
0.28 100.0 0.0 1.0 0.0 1.2353580000000002 4.7227322574800076e-05 0.9374274200000005 1.8470252577792975e-05 0.29130405 4.823552917777352e-05 2.2092769000000003 0.00014764373975277378 0.8656359400000003 1.6404485900777663e-05 1.2502900999999997 7.387996955161128e-05 0.9216979199999998 4.3113192134747205e-05 0.08734551799999997 2.872234849086432e-05 4.892648199999998 0.0006542828194679548 0.82899208 3.769714757781677e-05 2.4899966000000013 0.00032533005445048186 0.059883880000000014 2.95571773010069e-05 
0.29 100.0 0.0 1.0 0.0 1.2524234 4.974740586509686e-05 0.9294665899999999 1.884234103501784e-05 0.28890426999999985 4.836633511264274e-05 2.2753633000000004 0.00015105317300903327 0.8582930300000007 1.6781414771269204e-05 1.2821338 7.533681441327031e-05 0.9061092300000001 4.309983491183915e-05 0.08594202300000003 2.8595824199850496e-05 5.189420299999999 0.0006893047143076776 0.8149795499999994 3.7713791661550574e-05 2.6376812999999992 0.000342722268218336 0.06714653299999998 3.0148412265744766e-05 
0.3 100.0 0.0 1.0 0.0 1.2704893999999995 5.237877823285477e-05 0.9215062899999996 1.9214725239769053e-05 0.28650265999999985 4.850258183136363e-05 2.3414471999999993 0.00015452767272638573 0.8509503700000001 1.716913318823726e-05 1.3139748000000002 7.686617982945292e-05 0.8906786599999998 4.310321856371619e-05 0.08455024000000001 2.847505894567841e-05 5.494913200000001 0.0007253999017395266 0.8011088499999992 3.775390953549213e-05 2.7897320999999993 0.00036063652879702733 0.07441010099999996 3.0744522943672905e-05 
0.31 100.0 0.0 1.0 0.0 1.2895540000000003 5.529050550430513e-05 0.91354661 1.958726563897312e-05 0.28409920999999994 4.8662464588267125e-05 2.4075277 0.00015797809059216446 0.8436080300000001 1.75473272003656e-05 1.3458136000000003 7.838297256136355e-05 0.8754048999999996 4.3128205443587595e-05 0.083170096 2.835701828190223e-05 5.8091265 0.000762353321861736 0.78737878 3.7807976884469854e-05 2.9461482000000005 0.00037908812637185826 0.081674581 3.1345356776092304e-05 
0.32 100.0 0.0 1.0 0.0 1.3096150999999998 5.827066072048681e-05 0.9055874699999995 1.997309429355548e-05 0.28169391 4.88110706629668e-05 2.4736067000000004 0.00016138184875272673 0.8362659299999998 1.7936589842889066e-05 1.3776503000000002 7.985354778922188e-05 0.8602865300000001 4.3176684540898136e-05 0.081801569 2.8244971435574193e-05 6.1320583 0.0008003237851236959 0.7737882099999994 3.787459926465372e-05 3.1069301 0.0003979686795395655 0.08893996299999994 3.1950976939431266e-05 
0.33 100.0 0.0 1.0 0.0 1.3306731999999997 6.136250979166492e-05 0.89762896 2.034987426515875e-05 0.27928697 4.898675832045106e-05 2.5396823000000013 0.00016486387433858754 0.8289242700000002 1.8313644291341425e-05 1.4094845000000005 8.140987339339381e-05 0.8453223099999999 4.3234349138205034e-05 0.08044460200000002 2.8135195359628083e-05 6.463706699999998 0.0008392498919558894 0.7603359000000001 3.795649219469448e-05 3.272075400000001 0.0004173414768195227 0.09620625700000003 3.256107763055888e-05 
0.34 100.0 0.0 1.0 0.0 1.3527255000000005 6.468344053608872e-05 0.8896708799999997 2.0732796773716067e-05 0.2768782600000001 4.9155413979796115e-05 2.6057544999999998 0.00016836023143455912 0.8215828500000001 1.870956637713381e-05 1.4413163000000007 8.294741145348545e-05 0.8305109299999998 4.330865338697492e-05 0.07909918000000002 2.802800574391203e-05 6.804070099999999 0.0008791514261654781 0.7470207999999999 3.8047420418031846e-05 3.4415849999999995 0.00043721965878444527 0.10347338999999998 3.317537910908496e-05 
0.35000000000000003 100.0 0.0 1.0 0.0 1.3757717999999997 6.812127139117029e-05 0.8817134400000002 2.1123031476509347e-05 0.27446787 4.933612602457662e-05 2.671824600000001 0.00017187689868831344 0.8142417000000002 1.909674057756166e-05 1.473146 8.446667982973412e-05 0.8158512500000005 4.339795234708478e-05 0.07776523999999999 2.7922418555995386e-05 7.153147299999998 0.0009200289220177309 0.73384166 3.815430307585874e-05 3.6154560000000004 0.00045759954106515643 0.11074149999999996 3.3793551161498074e-05 
0.36 100.0 0.0 1.0 0.0 1.3998114000000006 7.169574875978091e-05 0.8737566000000004 2.1508867702965863e-05 0.27205580000000007 4.952311581134971e-05 2.7378918999999997 0.00017526241445071233 0.8069008799999996 1.9477686278419218e-05 1.504974 8.600430220795773e-05 0.8013418500000001 4.3493239403493786e-05 0.07644276 2.781767901898057e-05 7.510935100000001 0.0009618328179836647 0.7207975100000001 3.826113036243262e-05 3.793689099999999 0.0004784293698597769 0.11801042000000002 3.441973614096463e-05 
0.37 100.0 0.0 1.0 0.0 1.4248419 7.541322098230257e-05 0.8658001799999997 2.190203826811576e-05 0.26964211 4.971174286836947e-05 2.8039567000000005 0.0001788338923492246 0.7995604100000002 1.9871885033970586e-05 1.5367997 8.761089603899944e-05 0.7869817600000003 4.3600644694496426e-05 0.07513170500000001 2.7713102113149388e-05 7.877433799999997 0.001004607105213206 0.7078872700000001 3.838746367582634e-05 3.976283000000001 0.0004998024108838815 0.12528024000000001 3.503796546488178e-05 
0.38 100.0 0.0 1.0 0.0 1.4508632000000004 7.922826265595811e-05 0.85784438 2.229432126435521e-05 0.2672267599999999 4.989860944570136e-05 2.8700190000000005 0.00018231996592955993 0.7922201800000005 2.0266047235214287e-05 1.5686228999999998 8.917805740340219e-05 0.7727697399999996 4.371286458169213e-05 0.07383203200000002 2.7607775421376918e-05 8.252641199999998 0.0010483807066663307 0.6951099400000003 3.8512480574519185e-05 4.1632363 0.0005215774660393602 0.13255097000000002 3.567947156243365e-05 
0.39 100.0 0.0 1.0 0.0 1.4778737000000002 8.319995849396942e-05 0.8498891000000003 2.2695314365520264e-05 0.26480975000000007 5.0089971800062243e-05 2.936077499999999 0.00018583500101927624 0.7848803000000004 2.065608123370423e-05 1.6004436000000002 9.074232969710191e-05 0.7587045999999996 4.3826067632514074e-05 0.07254371899999999 2.7502481477171692e-05 8.636555900000001 0.0010931223727066312 0.6824644999999999 3.863987188250527e-05 4.3545497000000015 0.000543858942120754 0.13982256999999998 3.63058349452924e-05 
0.4 100.0 0.0 1.0 0.0 1.5058726000000002 8.725120282663119e-05 0.8419343400000002 2.30932162517692e-05 0.2623913000000001 5.028744673742684e-05 3.0021335999999987 0.0001893906821924691 0.7775406800000002 2.1046357631800928e-05 1.6322629 9.2350559818771e-05 0.7447854000000003 4.395574134929843e-05 0.07126672199999998 2.739573377710437e-05 9.029175099999998 0.0011388412224613222 0.6699499499999999 3.877248607722938e-05 4.550220800000002 0.000566666968726037 0.14709498000000004 3.694584950619341e-05 
0.41000000000000003 100.0 0.0 1.0 0.0 1.5348592000000005 9.145651204545093e-05 0.8339801400000002 2.3487869268871518e-05 0.25997119999999996 5.048073691968215e-05 3.0681872999999995 0.00019290007041753522 0.7702013199999996 2.1433790661855272e-05 1.6640792999999996 9.394671419058845e-05 0.7310110300000001 4.4084347416957155e-05 0.07000101999999997 2.7285815693226465e-05 9.430499099999999 0.0011854483382703715 0.65756546 3.890702615069359e-05 4.7502501000000015 0.0005899550405832046 0.15436817999999994 3.758670078781067e-05 
0.42 100.0 0.0 1.0 0.0 1.5648318000000003 9.576412470696177e-05 0.82602649 2.3887827424380046e-05 0.25754959 5.06714931576716e-05 3.1342388000000017 0.0001964724547797286 0.7628623600000002 2.1833105690477277e-05 1.6958943000000004 9.563443464652771e-05 0.71738043 4.4212516881434046e-05 0.06874657600000006 2.7174564212775233e-05 9.840525100000002 0.0012331805015984869 0.6453099899999999 3.9043904745965625e-05 4.9546361 0.0006137192990557194 0.16164235000000002 3.822510006434381e-05 
0.43 100.0 0.0 1.0 0.0 1.5957897000000003 0.00010021271917660378 0.8180733199999999 2.4292315223866714e-05 0.25512640999999997 5.0870239027890294e-05 3.200287299999998 0.0002000257913187591 0.7555236099999999 2.222203369230303e-05 1.7277061999999999 9.726127493031928e-05 0.7038925500000001 4.4348410054359205e-05 0.06750336099999998 2.7059942790433524e-05 10.259251 0.0012820144263980412 0.6331826 3.9187686828791204e-05 5.1633777 0.0006380296209530505 0.16891725999999999 3.8868364051449754e-05 
0.44 100.0 0.0 1.0 0.0 1.6277321999999992 0.00010480282260720741 0.8101206500000002 2.4702689597347323e-05 0.25270183999999996 5.105492477917811e-05 3.2663329999999986 0.00020353842403996993 0.7481851999999999 2.2623156326534274e-05 1.7595172 9.878340750733774e-05 0.6905465700000002 4.447948569219199e-05 0.06627136399999999 2.6942722858919363e-05 10.686673 0.00133146750240009 0.6211826500000001 3.932607878885953e-05 5.376475200000001 0.000662825534817522 0.17619304999999996 3.9525433269113e-05 
0.45 100.0 0.0 1.0 0.0 1.6606585000000005 0.00010947998664735553 0.8021685199999999 2.5107367344074425e-05 0.2502756999999999 5.1246368656746315e-05 3.3323761999999992 0.0002071400870114985 0.7408471400000002 2.301945264208222e-05 1.7913258000000005 0.00010046065682517366 0.6773414099999999 4.4609369211645055e-05 0.065050528 2.6821295236351903e-05 11.122804999999998 0.0013820827581940303 0.6093090799999998 3.946546005825419e-05 5.593926899999998 0.000688063946220119 0.18346965999999992 4.017841515492833e-05 
0.46 100.0 0.0 1.0 0.0 1.6945672999999999 0.00011423273226264718 0.7942169599999994 2.552171219290832e-05 0.24784818000000006 5.143864962977888e-05 3.398416000000001 0.0002107227560450911 0.7335092900000002 2.3412604601708e-05 1.8231315999999993 0.00010206828308990366 0.6642761999999998 4.474095667624862e-05 0.06384085399999999 2.669604979897191e-05 11.567619000000006 0.001433614797720134 0.5975611399999998 3.960354284310835e-05 5.815731899999999 0.0007138280561990024 0.1907471 4.0824616347113694e-05 
0.47000000000000003 100.0 0.0 1.0 0.0 1.7294581000000009 0.00011920215546226904 0.7862659 2.5926848996899132e-05 0.24541918999999995 5.161320314807502e-05 3.4644541999999996 0.00021431151075507237 0.7261718 2.380755341225476e-05 1.8549364 0.00010370347345511053 0.6513500399999999 4.48672640825488e-05 0.06264230300000001 2.65668833491454e-05 12.021141000000007 0.0014857894160827316 0.5859380299999998 3.9732071346766065e-05 6.041890700000002 0.0007401014558429864 0.19802541999999995 4.149378551413404e-05 
0.48 100.0 0.0 1.0 0.0 1.7653298000000004 0.0001241782572698112 0.7783152800000002 2.6344422815241824e-05 0.2429888000000001 5.1795509455377544e-05 3.5304887000000003 0.00021790606480902452 0.7188345900000002 2.4209519135424076e-05 1.8867389999999995 0.00010538050120918209 0.638562 4.499768443356296e-05 0.061454862000000006 2.643295294785727e-05 12.483348000000001 0.0015397704243778555 0.57443899 3.985860885173766e-05 6.272401599999998 0.0007668282433444669 0.20530447999999996 4.215045784126569e-05 
0.49 100.0 0.0 1.0 0.0 1.8021823000000001 0.0001293368358389788 0.7703652499999996 2.6760483604295215e-05 0.24055698999999994 5.1970927441988136e-05 3.5965207999999995 0.00022151075282392406 0.7114977199999999 2.460996584121461e-05 1.9185389999999998 0.00010703546143949304 0.62591133 4.5119098080604395e-05 0.060278504999999975 2.62941487553858e-05 12.95424599999999 0.0015944901512465494 0.5630631999999999 3.9984522019406626e-05 6.507264399999997 0.0007940914725497155 0.21258439999999998 4.28140117255814e-05 
0.5 100.0 0.0 1.0 0.0 1.8400132999999994 0.0001345808349448035 0.76241572 2.7181111350724234e-05 0.23812384000000011 5.214124800227917e-05 3.662551000000001 0.00022507982987297878 0.7041610500000002 2.5013289946723497e-05 1.9503370000000002 0.00010867718236762175 0.6133971700000002 4.523680148700363e-05 0.059113204999999974 2.6150420431913315e-05 13.433839000000004 0.0016500241780690495 0.5518101099999999 4.011016803728881e-05 6.746477799999999 0.0008218558217272436 0.21986513999999996 4.34851975300808e-05 
