0.01 100.0 0.0 1.0166187999999998 0.0005944430213257756 2987.9260000000004 76.85442322352036 1.2483605999999998 0.0007822827982274666 0.048108984999999986 0.0008276903276653482 0.13119945000000002 0.0006971541000919322 1.1149987000000008 0.0006711074676131678 0.08965420699999997 0.0007604248103320642 3734.9045000000006 96.0680387946347 0.009485461800000003 0.0013406186577778595 0.023428540000000005 0.0006366382943665883 3319.916200000001 85.39382757855267 0.0164570008 0.000823535076024533 -0.015861683999999997 0.0003041695753842581 
0.02 100.0 0.0 1.0186255000000002 0.0006703686653603422 2787.6854000000003 74.1491891076928 1.2366645 0.0009055149846892315 0.06505414500000004 0.0010656394207473224 0.22788208999999998 0.0008075566210608559 1.1064859 0.0007640930976658277 0.14646816999999995 0.0009344307092616133 3484.5987000000005 92.68655323774357 0.013489664400000004 0.0018768609513686266 0.06035767699999999 0.0008737728033429143 3097.4224000000013 82.38802992778923 0.036923674 0.0011780622808490412 -0.018587247 0.000373771993783522 
0.03 100.0 0.0 1.018906 0.0007052847935395945 2439.5245 67.31793557253164 1.2226818 0.0009869127558204001 0.08421167400000003 0.0013038906737066452 0.32339362999999993 0.0009155827018525852 1.0961857000000006 0.000814184355712357 0.20380263000000004 0.0011074812154302607 3049.3883 84.14756487315057 0.017691226999999997 0.002070378803050469 0.11521828100000002 0.0011161841162152957 2710.5694999999996 74.79771658805845 0.066454763 0.001389336456008161 -0.021521061999999994 0.0004429898969136435 
0.04 100.0 0.0 1.0174459999999999 0.0006911940248593067 1991.8565000000006 57.393521163255514 1.2064031 0.0010131773753381253 0.10549131899999997 0.0015162192494396914 0.4177438100000001 0.0010073781317546217 1.0840796000000004 0.0008115841905756163 0.2616176300000001 0.0012593954570866567 2489.794119999999 71.74210777896562 0.022343050599999987 0.0018969972963594765 0.18737173000000001 0.0013498244426483638 2213.15291 63.77061047711883 0.10485739399999999 0.0014423171445454204 -0.024647032999999995 0.0005037556627196494 
0.05 100.0 0.0 1.0145297 0.0006252402491045725 1507.1627300000007 45.81291267049666 1.1882614000000002 0.0009730477790911953 0.12844689699999998 0.0016712306832184936 0.5107611099999998 0.0010651786573059921 1.0705043000000005 0.000750520182997934 0.3196040600000001 0.0013655118471705236 1883.91517 57.26637059045909 0.027959458999999992 0.001566179417665867 0.27608752 0.0015494225312986704 1674.5943000000002 50.90338738757272 0.15202348000000002 0.00142519793365555 -0.027841610000000003 0.0005462037632669683 
0.06 100.0 0.0 1.010756 0.0005139637341272977 1050.1894399999999 34.1144499650349 1.1691528000000002 0.000864794959281074 0.15225487999999998 0.001739533796985852 0.602085 0.0010721232600779285 1.0561644000000003 0.0006350301303033277 0.3771698600000001 0.001402604240191315 1312.6851499999998 42.64328435278276 0.034922023999999996 0.001271984397495597 0.38033294000000006 0.001688110683623381 1166.8357500000002 37.90510905870966 0.20762752000000007 0.0014006958189041671 -0.030867970999999998 0.0005610430533520484 
0.07 100.0 0.0 1.0068723 0.0003741318178150306 671.2465299999999 23.576387410052757 1.1502196 0.0007013705286109289 0.17575939999999998 0.0017025996023141172 0.6912103399999999 0.0010189318054945105 1.0419457000000003 0.0004811837124202605 0.4334848700000001 0.0013566611433701678 838.9904599999999 29.470723436754724 0.0431713 0.001069820649868 0.49861069000000013 0.0017421906447738747 745.77399 26.196098350779266 0.27089107 0.001365359389044155 -0.03339394700000001 0.0005426639465073255 
0.08 100.0 0.0 1.0036021999999998 0.0002330559409438977 393.7794419999999 15.041770009742198 1.1325880000000002 0.0005157393721584277 0.19769747000000001 0.0015617148898217025 0.7776181200000001 0.0009094238612733345 1.0287117 0.00031887336217204887 0.48765787000000005 0.0012300214481588015 492.1391160000003 18.802457593170065 0.05219201300000004 0.0009275732401569578 0.6289583000000002 0.0016933652340520432 437.46277299999997 16.71321612575237 0.3405751 0.0012897096354993994 -0.035063131 0.0004920081274017639 
0.09 100.0 0.0 1.0013812000000006 0.00011800358291614759 213.413224 8.837581105174442 1.1169876000000003 0.00034821485090738943 0.21697629 0.00134076301935086 0.86094094 0.0007618278356482331 1.0169856 0.00018122926473370404 0.53895866 0.001043405914993491 266.66276600000003 11.047203921234019 0.061184445000000004 0.0007969018038270053 0.7692065100000001 0.0015395933051616337 237.04034799999994 9.819664215232354 0.41519547999999984 0.0011546387946440226 -0.035583451999999995 0.00041736169280728484 
0.1 100.0 0.0 1.000308 4.59488846358049e-05 108.29402699999999 4.7975494262424885 1.1036284999999995 0.00023040010311228934 0.23294258999999998 0.001079500733959587 0.9411113799999998 0.0006022973702049527 1.0068848999999997 9.362547681373749e-05 0.58702697 0.0008292282916600434 135.24417800000006 5.997133578939275 0.06937308299999999 0.0006567757580332341 0.9174673299999995 0.0013087370580146525 120.224762 5.330724530283435 0.49342020000000014 0.0009689889730017665 -0.034810801 0.0003316904181115114 
0.11 100.0 0.0 1.0000330000000002 1.1833426987422325e-05 52.538392399999985 2.430373896566696 1.0920761999999997 0.0001591217006072872 0.24539355000000002 0.0008233532009258783 1.0183285999999996 0.00045988770412845587 0.99800042 5.416002431764281e-05 0.63186103 0.0006240691383894141 65.52938150000001 3.03811925504263 0.07621201599999998 0.0005135154296332901 1.0724291000000004 0.0010574848565780093 58.25681890000001 2.7005026749951213 0.5743206400000002 0.0007666017806552204 -0.032744411 0.00024962972900637183 
0.12 100.0 0.0 1.0000005 4.092641289914718e-07 25.1268866 1.1682389234944899 1.0815675999999996 0.00011371808299487428 0.25448266 0.0006067688164727548 1.0929833 0.0003548022281504513 0.98966909 3.942926089002951e-05 0.6737327000000003 0.00045488140442912753 31.244258499999997 1.4604136817629605 0.08140889199999997 0.00038525045035067837 1.2334112999999998 0.0008479220914102593 27.781723200000016 1.2981091518906889 0.6574098300000002 0.000588184148890144 -0.029493091000000003 0.00018195105564461044 
0.13 100.0 0.0 1.0 0.0 12.3606348 0.5442759334802247 1.0717010000000002 8.272671871785626e-05 0.26076056 0.0004428023331737429 1.1656325000000003 0.00029093911302633486 0.98159636 3.232917419177336e-05 0.7131964999999998 0.0003307665885528924 15.265099999999997 0.6804251930551228 0.08505152 0.00028393727966928215 1.4005194999999997 0.0007146289439299312 13.5784289 0.6047959973383078 0.7427855200000001 0.0004585734962879116 -0.025278599 0.00013230467952792923 
0.14 100.0 0.0 1.0 0.0 6.589404199999998 0.2513685464133567 1.0622829000000005 6.201698061729534e-05 0.26490134 0.0003286320131147049 1.2368330999999995 0.00025896712902688214 0.9736852200000001 2.8772054406474692e-05 0.7508672899999997 0.00024796980070753116 8.029036799999998 0.3142642083619101 0.087433506 0.00021168438473742629 1.5743051999999997 0.0006571369945563735 7.1466354999999995 0.279327135562386 0.8308690799999998 0.0003828608299910392 -0.020346885000000002 9.918816821954187e-05 
0.15 100.0 0.0 1.0 0.0 3.9940443000000005 0.11756252862160196 1.053183 4.929492872608201e-05 0.26750080000000004 0.0002541737858230771 1.3070307999999997 0.00024608082738982595 0.96588552 2.7336859628014337e-05 0.7872656299999998 0.00019712951005082952 4.7620219000000015 0.14698870231889877 0.08887594100000003 0.0001643048811879232 1.7553872999999993 0.0006529950973204657 4.242784000000001 0.13064340245423767 0.9221315699999999 0.0003511892493412682 -0.014906251000000002 7.884983831936398e-05 
0.16 100.0 0.0 1.0 0.0 2.8056455999999987 0.05673598703227488 1.0443047000000005 4.202367279255222e-05 0.26901637999999994 0.0002081259151485995 1.3765425999999996 0.00024270445488343617 0.9581618300000003 2.6966327265550494e-05 0.82277982 0.00016812418170767524 3.2528140000000003 0.07094360191701568 0.089650447 0.000135325822934538 1.9442938999999995 0.0006780695229360722 2.9013514000000002 0.06305156281552718 1.0169723999999998 0.00034770648887377396 -0.009111927999999998 6.725000208520649e-05 
0.17 100.0 0.0 1.0 0.0 2.2397172999999997 0.028700567985618507 1.0355794999999999 3.810285425874485e-05 0.26977505 0.00018059161684606668 1.4455854000000006 0.00024380895877258954 0.95049056 2.7095583810692996e-05 0.8576800300000003 0.0001525629368120579 2.5207243999999993 0.03589179999590987 0.08996146900000004 0.00011837879502390355 2.1414166 0.0007173787036257993 2.2506395 0.03189690626922134 1.1156892000000003 0.0003593007564529403 -0.0030720122999999995 6.1023831525045666e-05 
0.18 100.0 0.0 1.0 0.0 1.9544596999999997 0.015403444537800598 1.0269632 3.615269832771475e-05 0.27000079 0.00016425012224890792 1.5142940000000007 0.00024700684198668364 0.9428562100000001 2.7445947940085137e-05 0.8921474099999998 0.00014465852836117893 2.1384537 0.019266073210000397 0.08995336700000003 0.00010852489009453691 2.3470225 0.0007637742647369245 1.9108422000000014 0.017120136564628567 1.2184883000000002 0.0003785035020976302 0.0031410402 5.786162210100594e-05 
0.19 100.0 0.0 1.0 0.0 1.8005213999999996 0.008841981522285181 1.0184244999999998 3.524042425573133e-05 0.2698441799999999 0.00015431877422012122 1.5827584000000003 0.0002513593729833011 0.9352490599999999 2.7931551427176318e-05 0.9263013299999996 0.00014099672840899854 1.9192748000000004 0.01106191859261272 0.08972458499999998 0.00010257507783458821 2.5612876000000004 0.0008143825282679547 1.7159912999999996 0.0098286684883106 1.3255058 0.0004015450455337788 0.0094794705 5.639754960073985e-05 
0.2 100.0 0.0 1.0 0.0 1.7113637999999998 0.005448470906189734 1.0099444999999998 3.4917724863178844e-05 0.26940608000000005 0.0001480087339851236 1.6510357999999998 0.00025641611419075156 0.92766275 2.8494920170477756e-05 0.9602206099999998 0.0001397317636988394 1.7799965999999996 0.006819124391328496 0.08934119899999998 9.872259472377813e-05 2.7843191999999988 0.0008680906598109462 1.5921464000000003 0.006057974342169732 1.436830200000001 0.0004271795401997921 0.015911764000000002 5.5891459768366144e-05 
0.21 100.0 0.0 1.0 0.0 1.6563628999999995 0.003601099235777465 1.0015104 3.495280256121926e-05 0.2687543 0.00014376572922531193 1.7191613000000001 0.0002621038211989635 0.9200931600000004 2.9120424749245913e-05 0.9939580200000006 0.00013988425352624948 1.6823251 0.004509618488287832 0.088847377 9.601325536427941e-05 3.0161814 0.0009244368558258773 1.5052718 0.004005721948362874 1.5525148000000002 0.0004546100852439698 0.022416811999999998 5.595483677541689e-05 
0.22 100.0 0.0 1.0 0.0 1.6208092999999997 0.002540433609661811 0.9931125700000003 3.5239623251152035e-05 0.2679356300000001 0.0001407275812716845 1.7871642000000005 0.00026797903573501917 0.9125373399999994 2.9783224397851615e-05 1.0275493000000007 0.00014096462352442492 1.6078642000000003 0.0031838019353584634 0.08827282 9.39527740091042e-05 3.2569122 0.0009833239708245153 1.4390199000000004 0.002827574566636831 1.672592700000001 0.0004835122305329744 0.028980113000000016 5.637881816161437e-05 
0.23 100.0 0.0 1.0 0.0 1.5972734999999993 0.0018980362187059538 0.9847446200000001 3.565433992177797e-05 0.26698219999999995 0.00013844260904771652 1.8550609999999998 0.00027431702462350343 0.9049932300000001 3.0477568346093695e-05 1.0610214000000002 0.00014258772876810073 1.5473209999999997 0.0023808291307895893 0.08763778000000003 9.22821992041847e-05 3.506531800000001 0.0010447411676914996 1.3851329000000003 0.0021141077517225567 1.7970842000000005 0.0005139084388987977 0.035591401000000016 5.704623215405869e-05 
0.24 100.0 0.0 1.0 0.0 1.5817880000000002 0.0014882505837341999 0.9764020200000003 3.618098656033846e-05 0.26591756999999994 0.00013664364914238176 1.9228666000000008 0.00028093096017545166 0.89745929 3.121055038333812e-05 1.0943921 0.00014469383503741274 1.4957341999999998 0.0018682436842144678 0.08695634799999995 9.085905719894405e-05 3.7650494000000014 0.0011086294314858467 1.3392037 0.0016586608493275995 1.9260027000000002 0.0005455841063496554 0.042243174000000015 5.7890117129103145e-05 
0.25 100.0 0.0 1.0 0.0 1.5721123000000004 0.0012137067508639304 0.9680811300000002 3.679727611371158e-05 0.26475888000000003 0.00013517203651577692 1.9905923999999997 0.0002876783662378455 0.88993421 3.196814758806925e-05 1.1276761999999996 0.00014712748080939074 1.4503021999999999 0.001524438484033359 0.08623859699999999 8.96054870803678e-05 4.032470700000001 0.0011749801977007771 1.2987396999999998 0.001353232511103084 2.0593549 0.0005786143878993767 0.04892979200000001 5.8865204181649574e-05 
0.26 100.0 0.0 1.0 0.0 1.5669066999999997 0.001021487768458396 0.9597793100000003 3.746952007045264e-05 0.26351907000000013 0.00013393248616436833 2.0582464999999996 0.00029472673365035426 0.8824170800000003 3.274592698989902e-05 1.1608827999999998 0.0001498188292647379 1.4093471 0.0012831196459785474 0.08549190900000003 8.84738308887706e-05 4.308795299999998 0.0012439575030226537 1.2622523 0.0011388834607190797 2.1971439000000004 0.0006129785460049443 0.055646899999999985 5.9946975103066405e-05 
0.27 100.0 0.0 1.0 0.0 1.5653213999999998 0.0008815467658607736 0.9514944100000001 3.8193418541758866e-05 0.26220804000000003 0.00013287711459849004 2.1258367 0.0003018921017600835 0.8749070600000001 3.3544566881206374e-05 1.1940221000000002 0.0001528406552426432 1.3718089 0.0011068496184651452 0.08472183999999996 8.74355607978618e-05 4.594021499999999 0.0013153100195815867 1.2287991000000003 0.0009823739623441097 2.3393720000000005 0.0006485084887542299 0.06239103900000002 6.111284275630102e-05 
0.28 100.0 0.0 1.0 0.0 1.5667946999999998 0.0007763220266722181 0.9432245900000001 3.896753029987492e-05 0.26083391 0.00013193932931035765 2.1933686999999997 0.00030923384857480484 0.86740346 3.4363097726298214e-05 1.2271013 0.0001558241094786987 1.3369832000000001 0.0009735617687683655 0.08393269699999997 8.647278001160333e-05 4.888146900000001 0.0013892612403060074 1.1977546 0.0008641249495291832 2.486039 0.0006854478608883393 0.069159402 6.235081487808584e-05 
0.29 100.0 0.0 1.0 0.0 1.5709317999999997 0.0006950530969724494 0.9349685300000005 3.978018960104439e-05 0.25940319 0.00013112290013288875 2.2608482000000003 0.00031675872141035896 0.8599057599999997 3.519473010761751e-05 1.2601257000000001 0.00015917664746580254 1.3043778000000004 0.0008699649599746789 0.08312788499999998 8.55721331087245e-05 5.191167700000001 0.0014657440557255483 1.1686829999999997 0.000772056312719277 2.6371476000000005 0.0007237285971720058 0.07594968400000003 6.365029587842536e-05 
0.3 100.0 0.0 1.0 0.0 1.5774498000000003 0.0006309336094999341 0.9267249500000001 4.062443936762179e-05 0.25792117000000003 0.00013039430589937483 2.3282792999999997 0.0003244021040498644 0.8524134300000001 3.603937911456751e-05 1.2931006000000005 0.00016246001477414172 1.2736383000000002 0.0007873357359478101 0.08231015100000003 8.472855489709272e-05 5.5030784 0.001544765501442421 1.1412692000000002 0.0006987648342639538 2.7926937999999994 0.000763235583323027 0.08275994400000002 6.500234430083457e-05 
0.31 100.0 0.0 1.0 0.0 1.5861342999999999 0.0005794683987036048 0.9184928499999998 4.150190693614647e-05 0.25639251999999985 0.0001297491807160256 2.3956644000000002 0.0003322022371814997 0.8449261400000003 3.690494546056894e-05 1.3260288 0.00016599477584239227 1.2444986 0.0007202598978173185 0.08148175299999999 8.393389244481812e-05 5.823874299999997 0.0016264111427656605 1.1152741 0.0006392594011043244 2.9526781999999985 0.0008040755609229943 0.08958851600000006 6.640208399843124e-05 
0.32 100.0 0.0 1.0 0.0 1.5968196999999997 0.0005377550642324486 0.9102712599999999 4.240563323230911e-05 0.25482078999999996 0.0001291576713133193 2.4630089 0.0003400216726899842 0.8374434099999999 3.778388837110505e-05 1.3589153000000003 0.00016959206670953098 1.2167503000000002 0.0006648202231367628 0.08064457600000001 8.318443640631993e-05 6.153551600000001 0.0017106049789811684 1.0905167 0.0005899932720782916 3.1170981000000015 0.0008462080794932476 0.09643397799999998 6.784424738495182e-05 
0.33 100.0 0.0 1.0 0.0 1.6093758000000005 0.0005035322070990803 0.9020594700000005 4.332897735432407e-05 0.2532096 0.00012863309060960469 2.5303152 0.00034803452354596157 0.8299650199999999 3.8670148658716705e-05 1.3917627 0.00017326337495709028 1.1902318000000005 0.0006184801755824196 0.07980020500000001 8.247851080593343e-05 6.492105400000005 0.0017975412395155265 1.0668505000000001 0.000548973139141094 3.2859525 0.0008897314468348523 0.10329508000000004 6.932374150287971e-05 
0.34 100.0 0.0 1.0 0.0 1.6236952999999994 0.00047539887370851193 0.8938567499999999 4.427485381067243e-05 0.25156177 0.0001281591923010212 2.5975843000000003 0.00035619478527191276 0.8224906299999999 3.956873173243114e-05 1.4245732000000002 0.00017704524166108063 1.1648099000000003 0.0005792703944549136 0.07894999999999998 8.181233622160338e-05 6.8395288 0.0018871479713248218 1.0441579 0.0005141630537991886 3.4592395 0.000934587506605947 0.11017074999999997 7.084270375278535e-05 
0.35000000000000003 100.0 0.0 1.0 0.0 1.6396905000000002 0.00045228695260406083 0.8856625400000001 4.5243798256808494e-05 0.24987985000000004 0.00012772913400913743 2.6648195000000006 0.0003644245428728362 0.8150199600000001 4.0494601889982e-05 1.457350300000001 0.0001809509576434953 1.1403744999999998 0.0005458127586468608 0.07809510599999997 8.118594883158832e-05 7.195818000000002 0.0019793287447470755 1.0223434 0.00048442896734371703 3.6369565999999995 0.0009807699855027615 0.11705997999999998 7.239032943734424e-05 
0.36 100.0 0.0 1.0 0.0 1.6572877000000006 0.00043317418792050856 0.8774761999999998 4.623220961029248e-05 0.24816606999999993 0.00012734331019479835 2.7320244 0.0003727372619513198 0.8075528300000002 4.141298599768358e-05 1.4900954999999996 0.00018493730696138354 1.1168346000000005 0.00051691622956815 0.07723654500000003 8.059614275318664e-05 7.560967799999998 0.002074343696740313 1.0013233300000002 0.0004588413601680786 3.8191021999999997 0.0010283662536668425 0.12396191999999998 7.397328799034966e-05 
0.37 100.0 0.0 1.0 0.0 1.6764246000000003 0.00041767224996934227 0.8692973800000005 4.7234438177224175e-05 0.2464225499999999 0.0001269952789487607 2.799198599999999 0.0003812504169739956 0.8000890499999999 4.235676662218922e-05 1.5228108000000002 0.0001889411378942537 1.0941116999999998 0.0004918732164996522 0.076375185 8.004132042117474e-05 7.934973599999999 0.0021720976752086533 0.98102995 0.0004366721143798149 4.0056745 0.001077291830221935 0.13087581 7.558343693541908e-05 
0.38 100.0 0.0 1.0 0.0 1.6970463000000011 0.0004050782554764124 0.8611255600000001 4.82611692823506e-05 0.24465106999999997 0.00012669023502705903 2.8663441000000005 0.0003897666761841679 0.7926284300000002 4.331306785207429e-05 1.5554975999999996 0.00019303647950501943 1.0721399 0.0004701267593950065 0.07551181000000001 7.95223717514248e-05 8.317830100000002 0.002272739067673782 0.9614034399999999 0.0004173391734091477 4.196670800000001 0.001127741589838754 0.13780088999999998 7.721454512621643e-05 
0.39 100.0 0.0 1.0 0.0 1.7191065 0.00039515306843287284 0.8529604499999999 4.929202852097523e-05 0.24285344000000006 0.00012640788291763417 2.9334633999999995 0.00039845780764057005 0.7851707500000003 4.427505475435158e-05 1.5881581 0.0001972092135249454 1.0508597 0.0004508802380904377 0.074647077 7.903681488835348e-05 8.709533200000003 0.0023761124714661045 0.94239235 0.00040037705838183576 4.392090100000001 0.0011795529279388418 0.14473668999999995 7.887645998137334e-05 
0.4 100.0 0.0 1.0 0.0 1.7425642999999993 0.00038745165521283085 0.8448015200000001 5.0348875803754056e-05 0.24103089000000008 0.00012616001338926165 3.000557400000001 0.000407211458966014 0.77771591 4.524562100221653e-05 1.6207940999999995 0.0002014313826550084 1.0302229000000003 0.00043412199425078515 0.07378157700000001 7.85840278663505e-05 9.110077799999997 0.0024824707474407864 0.9239516199999999 0.0003854333441224808 4.5919293 0.0012327589808794567 0.15168237 8.056296873244897e-05 
0.41000000000000003 100.0 0.0 1.0 0.0 1.7673833999999997 0.0003817617901361832 0.8366485399999999 5.14281546371662e-05 0.23918493000000005 0.00012595205854115448 3.0676271999999996 0.00041608001831289893 0.77026362 4.6230286128176155e-05 1.6534055999999993 0.0002056040039001933 1.01018225 0.000419106289472055 0.07291586000000001 7.816258132870284e-05 9.519458900000004 0.002591702740907936 0.90604164 0.0003722138663489583 4.7961872 0.001287486427702628 0.1586376100000001 8.227717410446107e-05 
0.42 100.0 0.0 1.0 0.0 1.7935313000000002 0.00037794980234520854 0.8285011200000004 5.250109571960615e-05 0.23731675999999996 0.00012576447282239094 3.1346740000000013 0.00042511111474161046 0.76281398 4.722685246990689e-05 1.6859953999999997 0.00020997844745241403 0.99069896 0.0004058410331427293 0.07205037900000003 7.777205679786597e-05 9.9376726 0.0027038998191881635 0.8886269400000001 0.0003604524719863557 5.0048612000000015 0.0013436179686062773 0.16560179999999997 8.401607346298498e-05 
0.43 100.0 0.0 1.0 0.0 1.8209805999999995 0.00037575983872993027 0.8203591600000002 5.360380717280244e-05 0.23542762000000006 0.0001256063380405635 3.2016995000000015 0.00043415908070966084 0.7553666899999998 4.823948527812526e-05 1.7185637000000002 0.0002144773020645439 0.9717375000000003 0.0003939757354090791 0.071185555 7.741154011346081e-05 10.364711999999999 0.0028188392221528426 0.8716761400000002 0.00034994807101115067 5.2179502000000015 0.0014013227606458425 0.17257457 8.576673860538564e-05 
0.44 100.0 0.0 1.0 0.0 1.8497031000000002 0.00037502004468044174 0.81222218 5.472294651286902e-05 0.23351843000000003 0.0001254779727711248 3.2687042 0.0004433575347162033 0.7479218099999997 4.9261229620533005e-05 1.7511108000000002 0.00021890284054949398 0.95326593 0.0003833426126231487 0.070321761 7.708045577052968e-05 10.800584 0.0029376312633265537 0.8551610299999999 0.0003405476872551033 5.435451999999998 0.0014605026190066353 0.1795555600000001 8.755528118624915e-05 
0.45 100.0 0.0 1.0 0.0 1.8796776999999991 0.0003756958838345527 0.8040901399999997 5.585055425659253e-05 0.23159035999999997 0.00012536563047486898 3.3356887000000004 0.00045268644011649945 0.7404790599999999 5.029373682385438e-05 1.7836396999999993 0.00022336375962003942 0.9352556500000001 0.00037379035283258036 0.06945931999999998 7.67775463013102e-05 11.245266999999998 0.0030588802053141658 0.8390560100000003 0.0003321059696772152 5.657363400000003 0.0015213107388198045 0.18654426000000005 8.936342274035862e-05 
0.46 100.0 0.0 1.0 0.0 1.9108812000000004 0.0003775389855262544 0.7959627300000004 5.699578373448246e-05 0.22964414000000005 0.0001252778136931602 3.4026540999999986 0.00046208518914579315 0.7330384500000003 5.1341334884222744e-05 1.8161488 0.00022799286307803932 0.9176805500000005 0.0003651715063670175 0.06859854100000001 7.650145082411843e-05 11.698773999999993 0.003183388327183719 0.82333816 0.00032449543808649433 5.883684000000001 0.0015835913930013668 0.19354037999999996 9.11905837042136e-05 
0.47000000000000003 100.0 0.0 1.0 0.0 1.9432956999999995 0.00038061072649401423 0.78783968 5.815475540534423e-05 0.22768062999999997 0.00012520949936511847 3.4696014999999996 0.00047160723865018113 0.7255997999999999 5.239692167248901e-05 1.8486411000000007 0.00023263657897447826 0.9005170600000005 0.00035738378608357027 0.06773969100000002 7.625214884950724e-05 12.161085999999994 0.0033107098999676523 0.8079862200000004 0.00031760996664047415 6.114411500000001 0.0016475458012979755 0.20054362999999997 9.303734267065552e-05 
0.48 100.0 0.0 1.0 0.0 1.9769029999999999 0.00038471616809268306 0.7797209399999996 5.9322299123254234e-05 0.2257006500000001 0.00012516719408354278 3.5365312999999996 0.0004811783173217942 0.71816313 5.346220653249481e-05 1.8811155999999993 0.0002373224102973589 0.8837435699999997 0.0003503163456881238 0.06688299299999997 7.602714174903727e-05 12.632207000000003 0.003441813839920542 0.7929812300000002 0.000311380601146212 6.349543999999998 0.0017130376061757699 0.20755359 9.490927888740581e-05 
0.49 100.0 0.0 1.0 0.0 2.0116879999999986 0.0003899394312748009 0.7716063099999999 6.0499697034824124e-05 0.22370488999999996 0.0001251420120483141 3.6034448 0.0004909638373779693 0.71072839 5.455145624480799e-05 1.9135750000000005 0.00024204613190377324 0.8673401399999995 0.0003438987185435419 0.066028675 7.58270446526291e-05 13.112134000000001 0.0035764357171948814 0.7783056300000003 0.00030572437672896525 6.5890794999999995 0.0017802751100784065 0.21457009999999993 9.680187756490975e-05 
0.5 100.0 0.0 1.0 0.0 2.0476345999999994 0.0003960512699523886 0.7634954399999999 6.170033762664222e-05 0.22169408000000002 0.00012513546633921102 3.6703420000000007 0.0005007561481439173 0.7032953399999999 5.563819052360407e-05 1.9460183 0.00024679663916510645 0.8512887800000004 0.0003380564312466042 0.06517691899999999 7.564986794048647e-05 13.600856999999996 0.003713509729573793 0.7639430300000001 0.0003005775884632949 6.8330181 0.0018491633172861232 0.22159284999999992 9.872304936323092e-05 
