0.01 100.0 0.0 1.0 0.0 80.82942899999998 0.4944338156706548 1.2333964 1.825788598432028e-05 0.026305521000000012 8.261513779318362e-05 0.10652441 7.158675170024539e-05 1.0992748 8.011841532546506e-06 0.06641496400000002 7.308852305936645e-05 101.03492200000001 0.6180384011897313 0.0017240047000000008 1.2587970978242149e-05 0.013022418999999997 2.3278488511730704e-05 89.80902199999997 0.549369544490037 0.0073732127 1.6334440434156285e-05 -0.006565985399999998 2.923557425344263e-05 
0.02 100.0 0.0 1.0 0.0 80.32481499999999 0.5380522881698069 1.2202461 2.2606589855259617e-05 0.039774029999999995 0.0001089677529501067 0.19826123999999998 8.737010600912261e-05 1.0890815999999999 9.710530541458005e-06 0.11901763000000001 9.054766441431027e-05 100.40016099999997 0.6725642904257212 0.0035037816000000003 2.030030045724475e-05 0.043327985999999985 4.6093059391324684e-05 89.244956 0.5978318206557811 0.023415879999999997 3.04935127527567e-05 -0.0076070462 3.622092210333197e-05 
0.03 100.0 0.0 1.0 0.0 76.09347799999999 0.5466635978434824 1.2073169000000004 2.656151164060515e-05 0.053319508000000015 0.00013409345754866031 0.28814603999999994 0.00010195943695610923 1.0790948999999999 1.1315029730168206e-05 0.17073280000000005 0.0001061265047003548 95.104847 0.6833312890603623 0.005845963700000002 2.950908297682208e-05 0.090231666 7.334992008442914e-05 84.53827899999999 0.6074019532966956 0.048038816000000005 4.722665246903824e-05 -0.008293108299999997 4.24512688465428e-05 
0.04 100.0 0.0 1.0 0.0 69.26039099999998 0.5234320936761667 1.1945434999999998 3.0004457937225283e-05 0.06718485899999999 0.00015789064174358454 0.37646995999999994 0.00011580726136226996 1.0692809 1.2864754217344118e-05 0.22182742999999994 0.00012016679346372124 86.555263 0.654286704233946 0.0087940654 4.020488011856919e-05 0.15287070000000003 0.00010392740398954877 76.93899900000002 0.5815915070725746 0.08083238400000001 6.56814255740689e-05 -0.008730960699999998 4.806664865918065e-05 
0.05 100.0 0.0 1.0 0.0 60.778982000000006 0.4758243827240823 1.1819108 3.3183634612194836e-05 0.08137485800000001 0.00017987728806699555 0.46333959000000013 0.00012950839130307379 1.0596284 1.439494336675118e-05 0.27235724 0.0001326455186716828 75.943367 0.5947814695198002 0.012368997000000001 5.2022021653422976e-05 0.23046067000000003 0.00013767836435265587 67.50658899999995 0.528693952199062 0.12141486999999994 8.542502052233427e-05 -0.008942896399999995 5.3056643943344084e-05 
0.06 100.0 0.0 1.0 0.0 51.534852000000036 0.4132547912401222 1.1694285999999996 3.5873672909486304e-05 0.095774965 0.00019936885939573899 0.5487953899999998 0.0001433201422740974 1.0501342000000005 1.5927447682867074e-05 0.3222852100000001 0.00014336240740966952 64.37621500000002 0.5165698484258663 0.016560568 6.465565917813685e-05 0.3222287400000002 0.0001746455058763736 57.22514300000001 0.4591722053266082 0.1693946500000001 0.00010617493147907649 -0.008914070199999995 5.734388327659932e-05 
0.07 100.0 0.0 1.0 0.0 42.316326999999994 0.3447439797294769 1.1571200000000008 3.804392170869308e-05 0.11018971999999998 0.0002155248556804436 0.63284918 0.00015729321115101987 1.0407943999999998 1.7488464877130757e-05 0.37151949999999995 0.00015203363016149624 52.839324 0.43093280222819164 0.021313507 7.750804435998497e-05 0.42738485 0.00021495321368956928 46.970654999999994 0.3830493819558475 0.22434919000000003 0.00012764631972358398 -0.008607785000000001 6.081445056621249e-05 
0.08 100.0 0.0 1.0 0.0 33.75630799999999 0.27758446918255575 1.1450163999999996 3.9622599789960016e-05 0.12436857 0.00022754721762950899 0.7155024600000002 0.00017142586000864842 1.0316106000000003 1.9066105856809402e-05 0.4199355099999999 0.00015841704863942514 42.123929999999994 0.34698542481927647 0.026518658999999997 8.974834444261246e-05 0.5451126500000001 0.00025873537847123803 37.446439999999996 0.3084288150286932 0.2858156699999998 0.00014960059362240753 -0.007974201899999998 6.336809352690194e-05 
0.09 100.0 0.0 1.0 0.0 26.284610999999998 0.21673985305382065 1.133150099999999 4.0600368527364953e-05 0.13803435999999997 0.00023497382897710292 0.79675986 0.00018567788345042203 1.0225826 2.063861434880621e-05 0.4673971399999999 0.00016244311437214296 32.767443 0.2709310459296128 0.032015935999999995 0.00010055081806251233 0.6745824999999998 0.00030626091311248573 29.130176999999993 0.2408230100462126 0.35329917 0.0001720245087517167 -0.006958844799999999 6.497711114099842e-05 
0.1 100.0 0.0 1.0 0.0 20.112223 0.16486210839277315 1.1215551000000004 4.1096348888183014e-05 0.1509184400000001 0.00023778102334656568 0.8766409699999997 0.00019998804488338332 1.0137063000000002 2.2208851712041306e-05 0.5137796600000001 0.0001643186393608851 25.033706000000006 0.20608399786406237 0.03761044900000001 0.000109309722216202 0.81498547 0.0003579058464009692 22.25636599999999 0.1831801567704497 0.4262979699999999 0.00019524494485491064 -0.005511872700000003 6.572792495702814e-05 
0.11 100.0 0.0 1.0 0.0 15.254558000000007 0.12274010137831068 1.1102526999999995 4.1170342621315624e-05 0.16279417000000002 0.00023648795024500151 0.95518985 0.0002142712110265208 1.0049786 2.3891010783988772e-05 0.5589920199999999 0.0001645679756074059 18.942108999999995 0.15342958585029529 0.043098631000000005 0.00011578955049303181 0.9655831799999999 0.00041402253257850083 16.842221 0.136376452735033 0.5043409500000001 0.00021987238088233544 -0.0035968111999999997 6.582713992697565e-05 
0.12 100.0 0.0 1.0 0.0 11.585333799999999 0.08989852085221502 1.0992524999999995 4.100911496412105e-05 0.17350349000000004 0.0002320054699762457 1.0324802000000002 0.0002284794511537173 0.9963910500000003 2.538483146077048e-05 0.6029916399999999 0.00016391366662214064 14.334916999999997 0.11237465821132128 0.04829726299999999 0.0001201495035749574 1.1257558999999995 0.00047484713530743575 12.747511999999997 0.09988394981457678 0.5870265 0.00024662288599959075 -0.0011966535899999998 6.556547358587768e-05 
0.13 100.0 0.0 1.0 0.0 8.9021339 0.0651497254893501 1.0885524000000004 4.0764719917044826e-05 0.18296882 0.00022548231699143353 1.1086103000000007 0.0002423827739107638 0.98793223 2.6940504341002662e-05 0.64578938 0.00016312404898058218 10.959156400000001 0.08143576749408268 0.05306671800000002 0.00012283178025550162 1.2950355999999998 0.000540284097857598 9.7473662 0.07238205303869148 0.67405118 0.00027602726183341707 0.0016842462900000005 6.524816056733132e-05 
0.14 100.0 0.0 1.0 0.0 6.984014600000003 0.047015232864335524 1.0781391999999996 4.0696358614528716e-05 0.19118935999999995 0.0002180022612364984 1.1836978999999994 0.0002561840859904749 0.9795891400000005 2.8472052823870764e-05 0.6874436099999999 0.0001628079149831488 8.538713300000001 0.058764288458050463 0.057322187 0.000124382224233703 1.4731139000000004 0.0006098965796686839 7.596336300000001 0.05222940012840281 0.7652178800000001 0.0003082428206061814 0.005022561 6.512357250082342e-05 
0.15 100.0 0.0 1.0 0.0 5.629933500000001 0.034011253281635616 1.0679878999999994 4.084808333453578e-05 0.19822580999999995 0.0002104521459598367 1.2578675 0.0002696610604203016 0.9713480399999999 2.996008650430594e-05 0.7280468700000001 0.00016335753037164142 6.8223102 0.042505023061041515 0.06103210100000001 0.00012528322370916503 1.6598203000000005 0.000683287018094957 6.071056999999996 0.03777712978470595 0.8604261499999997 0.0003430867186001979 0.008781287400000002 6.534127742592526e-05 
0.16 100.0 0.0 1.0 0.0 4.6766931 0.02482166466041215 1.0580722000000002 4.120572285212388e-05 0.20417894000000003 0.00020343778991095668 1.3312414 0.00028276605242918875 0.9631953999999999 3.1422504664462704e-05 0.7677100699999997 0.00016487964778476798 5.605954000000001 0.031013663750351018 0.06420736200000002 0.0001258681636297881 1.8550924000000004 0.000759773941624195 4.990204299999999 0.027562935432301167 0.9596500099999996 0.00038018589230930414 0.012915955000000003 6.595046015570162e-05 
0.17 100.0 0.0 1.0 0.0 4.0017447 0.018374917075979335 1.0483629000000003 4.178978216831286e-05 0.20916942999999988 0.0001972570993688999 1.4039301999999996 0.00029553057304307725 0.9551188700000001 3.283871079652505e-05 0.8065496699999997 0.0001673137896695811 4.736452699999997 0.022951011050439923 0.06688691900000002 0.000126321096865678 2.0589364999999993 0.0008389462006335869 4.217612899999998 0.020396552817230424 1.0629114 0.0004190723092738026 0.017380128999999998 6.692453048464404e-05 
0.18 100.0 0.0 1.0 0.0 3.517847800000001 0.013853701460315046 1.0388308000000002 4.264520605781333e-05 0.21332188000000002 0.00019201812220715194 1.4760315000000008 0.00030801059636629803 0.94710757 3.422864379230306e-05 0.8446767900000001 0.00017049992628731747 4.104744499999999 0.017295577800917995 0.0691242 0.00012671706217398277 2.2713940999999997 0.0009202566174205879 3.6563423000000004 0.01536988311917296 1.1702590000000002 0.00045948215416705373 0.022129267999999994 6.819978627358513e-05 
0.19 100.0 0.0 1.0 0.0 3.1650140999999996 0.010664203051423285 1.0294518 4.355120669177504e-05 0.21675390000000014 0.00018768843837451457 1.5476307 0.0003201752099934997 0.9391521600000003 3.55684120423079e-05 0.8821923499999995 0.00017425461624566243 3.6358298 0.013304958866512654 0.07097683299999996 0.00012707191892843872 2.4925218000000005 0.0010036145014678925 3.239735200000001 0.011822920143919162 1.2817492 0.000501069709324946 0.02712306000000001 6.970176405222129e-05 
0.2 100.0 0.0 1.0 0.0 2.9028054999999995 0.008389368299670463 1.0202034 4.462313748158917e-05 0.21957061999999997 0.00018416029636150085 1.6187976000000004 0.00033202120773675114 0.9312446800000004 3.688686721889983e-05 0.91918425 0.00017840725565996488 3.2791468999999993 0.010457888087653206 0.072500156 0.00012737882755245724 2.722377800000001 0.0010889259991238517 2.922853 0.009292563209899825 1.3974391 0.0005437807847765324 0.032326295000000005 7.136385493194341e-05 
0.21 100.0 0.0 1.0 0.0 2.7041817999999993 0.006743092921474075 1.011068 4.573117095302537e-05 0.22186308000000005 0.0001813193286329298 1.6895926000000003 0.00034352777528910943 0.92337869 3.816972279768884e-05 0.9557274799999996 0.0001828274052299906 3.0008831 0.008396877992083948 0.07374386899999996 0.00012763307955021506 2.9610122999999997 0.001176148951929565 2.6756456 0.0074608698692841076 1.5173781999999991 0.000587429866129332 0.03770899300000001 7.313318478297982e-05 
0.22 100.0 0.0 1.0 0.0 2.5510396 0.00553161306477676 1.0020288999999998 4.681151463784198e-05 0.22370773999999993 0.00017905187216127853 1.7600622000000001 0.0003549304883922169 0.9155485899999998 3.943310057556518e-05 0.99188503 0.000187424044587953 2.7783972000000006 0.006879648786206646 0.07475082699999998 0.000127830067041048 3.208469000000002 0.001265389722526355 2.4779919999999995 0.006112435881057492 1.6416105999999997 0.0006320098705007591 0.043245994 7.497033885235874e-05 
0.23 100.0 0.0 1.0 0.0 2.4311609000000005 0.0046241082428803695 0.9930727200000002 4.803120250319896e-05 0.22516845000000008 0.00017724706224542684 1.8302501000000004 0.0003660825178389721 0.9077499800000004 4.0676211602389224e-05 1.0277088999999995 0.0001921221952517803 2.596407800000001 0.005742744809891035 0.07555714999999999 0.0001279749128658673 3.4647836000000014 0.0013567148670045788 2.3163131000000003 0.005102104173171314 1.7701706 0.0006777423082477812 0.048916313 7.684965171884382e-05 
0.24 100.0 0.0 1.0 0.0 2.3361857 0.003932289992500215 0.9841891000000001 4.9221746184945615e-05 0.22629781000000004 0.00017581699900413706 1.9001896000000005 0.0003771169293209695 0.8999789199999999 4.19031710192858e-05 1.0632436999999997 0.00019688497429792197 2.4444605999999998 0.0048757527353625 0.07619289399999998 0.00012807627444491414 3.7299811999999997 0.001450157945061156 2.1813204000000006 0.004331508434526289 1.9030869 0.0007244191562255787 0.05470250300000002 7.875323529154769e-05 
0.25 100.0 0.0 1.0 0.0 2.2603093999999997 0.0033958749971694942 0.9753687800000003 5.04221470693546e-05 0.22713944999999996 0.00017468799579518487 1.9699105999999995 0.00038808934077716445 0.8922321699999998 4.311723105813587e-05 1.0985249999999995 0.00020170738709478507 2.3152909999999993 0.004203119231002387 0.076682919 0.00012814451181135985 4.0040839 0.0015458865540294339 2.0665567000000005 0.0037337759200401603 2.0403837000000014 0.000772271269085952 0.060590050999999985 8.067196694648215e-05 
0.26 100.0 0.0 1.0 0.0 2.1994145000000005 0.0029733710309149254 0.9666043100000004 5.162545430096174e-05 0.22772948999999998 0.0001738094223540412 2.039436499999998 0.0003989159906476193 0.8845070500000003 4.4316914031930094e-05 1.1335833 0.00020654718854380745 2.2037491000000005 0.0036731557688026786 0.07704782199999997 0.00012819193673241212 4.2871071999999995 0.0016439357717382406 1.9674486999999994 0.003262791481709796 2.1820776999999993 0.0008211568772898562 0.06656679900000001 8.25990241525237e-05 
0.27 100.0 0.0 1.0 0.0 2.1505330000000002 0.0026357557455085026 0.9578891500000002 5.283028550490502e-05 0.22809794999999994 0.00017314830485828966 2.1087889999999994 0.00040965572134490284 0.87680119 4.551764869976734e-05 1.1684441 0.0002112945382379695 2.1061202 0.0032495733134673124 0.07730472600000002 0.00012823196178493772 4.579065100000001 0.0017445502944562854 1.8806960000000001 0.0028863123150458295 2.3281849 0.0008713808408889828 0.07262256899999998 8.45316234755062e-05 
0.28 100.0 0.0 1.0 0.0 2.1114785000000005 0.0023625006132272797 0.94921794 5.404066769196929e-05 0.22826988000000004 0.00017264039809920706 2.1779867 0.00042036372476590277 0.8691126000000005 4.6713695965325794e-05 1.2031284 0.00021615544036774977 2.0196688 0.0029067076298781615 0.07746792400000001 0.00012827441147103625 4.879966400000002 0.0018477190669363417 1.8038682999999998 0.002581533796237037 2.4787169000000007 0.0009228084816862313 0.07874871500000001 8.646783997961252e-05 
0.29 100.0 0.0 1.0 0.0 2.0806116999999986 0.002138886112249075 0.94058611 5.5254590591492876e-05 0.2282667 0.00017229270181801177 2.2470441000000014 0.00043108604922736276 0.8614395600000003 4.790728402496586e-05 1.2376556000000003 0.00022103290793103365 1.9423433000000008 0.0026259182395981053 0.07754944299999995 0.00012833134568994794 5.189817799999999 0.001953494523054683 1.7351446000000013 0.002332110033499177 2.633682900000001 0.0009755618308749279 0.08493785600000005 8.840980223103675e-05 
0.3 100.0 0.0 1.0 0.0 2.0566815000000007 0.0019538855973377277 0.9319898199999996 5.647293405040879e-05 0.22810631000000003 0.00017206372232056534 2.3159745999999997 0.0004419052256322205 0.85378057 4.910144448368638e-05 1.2720410000000002 0.0002258932270021125 1.8725781999999995 0.002393736302855702 0.07755947 0.00012841021985413736 5.5086248000000015 0.0020621943093387493 1.6731319000000011 0.0021256847776351356 2.7930919 0.0010296883188142556 0.09118370800000006 9.035857538291448e-05 
0.31 100.0 0.0 1.0 0.0 2.0387163999999998 0.0017996405725608418 0.9234255000000001 5.7687635565633995e-05 0.22780427000000006 0.00017194664687224384 2.3847919000000006 0.0004526710217075449 0.8461342499999998 5.030022744905848e-05 1.3062982999999997 0.00023076213101275202 1.8091577999999995 0.0022000239070567775 0.07750670300000002 0.00012852004054970592 5.8363941 0.002173647423580893 1.6167523999999989 0.001953500888773518 2.9569509000000007 0.001085206736905552 0.09748075999999997 9.231473600729528e-05 
0.32 100.0 0.0 1.0 0.0 2.0259511999999993 0.001669897753045505 0.9148901700000003 5.892362181148015e-05 0.22737394999999996 0.00017191630718191726 2.4535044 0.0004635685131569603 0.8384994500000005 5.149824527513351e-05 1.3404387 0.0002356474338898184 1.7511230999999996 0.0020370576952823583 0.07739858399999998 0.00012866531441484076 6.173128400000001 0.0022881697520659356 1.5651539999999997 0.0018086275901937304 3.125263799999999 0.0011422536827005733 0.10382426 9.427817204412101e-05 
0.33 100.0 0.0 1.0 0.0 2.017773400000001 0.0015600888386207476 0.9063813600000001 6.016001746989977e-05 0.22682688000000012 0.0001719668248689195 2.5221224999999996 0.0004744128449956313 0.8308752800000002 5.271091172203416e-05 1.3744742999999997 0.0002406305157539158 1.6977080000000007 0.0018990325800188716 0.07724156299999999 0.00012885203620953618 6.518831299999999 0.002405742345592172 1.517656200000001 0.001685975739913806 3.2980367999999998 0.0012007905802678656 0.11021013000000003 9.626297694804604e-05 
0.34 100.0 0.0 1.0 0.0 2.0136881000000004 0.0014665910724866401 0.89789661 6.140946325082527e-05 0.22617313 0.00017209778305149768 2.5906543000000006 0.00048537435562730024 0.8232606499999995 5.39297050214633e-05 1.4084132000000003 0.0002456049624798781 1.6482923999999999 0.0017814352366570655 0.07704122499999999 0.0001290831064499129 6.873505800000001 0.0025265535465137778 1.4737087000000002 0.001581377460666758 3.475273299999999 0.001260924502571276 0.11663459000000005 9.82530081925563e-05 
0.35000000000000003 100.0 0.0 1.0 0.0 2.0132899000000015 0.0013865723096326134 0.8894340000000003 6.266029361819546e-05 0.22542171000000003 0.0001722969699639289 2.6591063999999993 0.0004964485375359617 0.8156548699999999 5.5162198396260003e-05 1.4422640999999996 0.0002506675126701184 1.6023675 0.001680556523153193 0.07680247300000004 0.00012936019781864533 7.237153500000001 0.0026505932821997502 1.4328601999999993 0.0014918417542123022 3.6569781 0.0013226820229609933 0.12309443000000002 0.00010025627786298247 
0.36 100.0 0.0 1.0 0.0 2.0162406999999987 0.0013178111796240586 0.8809917700000001 6.393053081623521e-05 0.22458044999999988 0.0001725582089484295 2.7274860999999992 0.0005076206043226727 0.8080571200000004 5.639728936534625e-05 1.4760331999999996 0.000255712411931144 1.5595133 0.0015937047032306508 0.07652956999999999 0.00012968532622092155 7.609778499999997 0.0027780858208487766 1.3947370000000003 0.0014146038986197983 3.843154300000003 0.0013861465957510917 0.12958677999999998 0.00010228416649756079 
0.37 100.0 0.0 1.0 0.0 2.0222622000000006 0.0012585905655085534 0.8725681399999996 6.520656571068687e-05 0.22365628 0.00017287457365400808 2.7957994000000004 0.0005188729867121009 0.8004667699999999 5.765890195800938e-05 1.5097273999999998 0.00026081647266123847 1.5193762000000002 0.001518450788007669 0.076226315 0.00013006051748599986 7.991382000000001 0.0029089793811601433 1.3590261999999993 0.001347792927573432 4.033804100000001 0.0014513121448554074 0.13610897999999996 0.00010433276664667062 
0.38 100.0 0.0 1.0 0.0 2.0311150000000002 0.0012073372146954304 0.8641617199999996 6.649695198038631e-05 0.22265547000000002 0.00017323247239155184 2.8640505000000003 0.0005302824978451822 0.7928832700000003 5.892011682498259e-05 1.5433529000000001 0.00026599350725544605 1.4816622000000002 0.0014530290608216034 0.07589605500000005 0.00013048408267182554 8.381966500000003 0.003043520328025116 1.3254651000000002 0.001289688524371483 4.228931500000001 0.0015183944307981276 0.14265878 0.0001064011339978805 
0.39 100.0 0.0 1.0 0.0 2.042600499999999 0.0011629072480491384 0.85577125 6.78035476820362e-05 0.22158358000000003 0.00017365139687449153 2.9322454999999996 0.0005418767272729368 0.7853059900000002 6.020210208654445e-05 1.5769154000000003 0.00027121281014938953 1.4461157 0.001395981713740864 0.07554174499999997 0.0001309561078712364 8.7815345 0.003181702583161515 1.2938297000000005 0.001238938630071904 4.4285389 0.0015871564062778266 0.14923403999999998 0.00010849041609301024 
0.4 100.0 0.0 1.0 0.0 2.0565429999999996 0.001124438113019239 0.8473955900000004 6.912460787015966e-05 0.22044556 0.00017409600415838161 3.0003897999999998 0.0005535161421505721 0.7777344700000006 6.150461352459502e-05 1.6104175 0.0002764695416999983 1.4125227 0.0013459803702500922 0.07516605 0.0001314766509650515 9.190089399999998 0.0033236558510766736 1.2639273999999996 0.0011946053207679695 4.6326278000000025 0.0016578593400327687 0.1558329100000001 0.00011060639682532633 
0.41000000000000003 100.0 0.0 1.0 0.0 2.0727976999999997 0.0010911432248341608 0.8390334800000002 7.046243177063417e-05 0.21924592999999992 0.00017459802705520482 3.068486400000001 0.0005653300189726723 0.7701681999999999 6.281542646732753e-05 1.6438663000000002 0.00028186591330304535 1.3806956 0.0013020665061335332 0.07477131500000003 0.00013204354623641112 9.607632800000003 0.003469635816804868 1.2355933000000006 0.0011555828144640518 4.841202800000001 0.0017305062557972759 0.16245361000000005 0.00011274689964162028 
0.42 100.0 0.0 1.0 0.0 2.0912322999999997 0.001062351315300631 0.8306840799999999 7.182271182919141e-05 0.21798888000000005 0.0001751272219151988 3.1365388999999992 0.0005773216243594936 0.7626068600000002 6.41484231999187e-05 1.6772634999999996 0.0002872892053430885 1.3504745999999996 0.0012633355090458467 0.07435967299999997 0.00013265701566721275 10.034170899999998 0.003619526814776367 1.208684 0.001121239135956417 5.054264600000001 0.001805181921139172 0.16909449000000001 0.00011491417188039328 
0.43 100.0 0.0 1.0 0.0 2.1117368000000005 0.001037607477603544 0.8223464799999999 7.319263281057209e-05 0.21667796000000009 0.00017568429122693605 3.204549899999998 0.0005894617121030611 0.7550499899999998 6.55005015115397e-05 1.7106146000000007 0.0002927763111678995 1.3217168000000004 0.0012292078333584451 0.073933036 0.00013331474422977204 10.469701999999998 0.003773573897662884 1.1830740999999996 0.0010909262036941062 5.271816400000001 0.00188191828467787 0.17575435000000006 0.00011711240529863279 
0.44 100.0 0.0 1.0 0.0 2.1342122 0.001016332195493718 0.8140197599999994 7.458648425509622e-05 0.21531656000000005 0.00017626815896213297 3.2725254000000006 0.0006018350674016116 0.7474971199999999 6.685954725162752e-05 1.7439206000000007 0.0002983698985957584 1.2942995000000002 0.0011990700094230541 0.073493109 0.00013401461535279585 10.914233000000003 0.003931399255924882 1.1586547000000003 0.0010642248207468953 5.493862199999998 0.001960750089098361 0.1824315699999999 0.0001193358908767344 
0.45 100.0 0.0 1.0 0.0 2.1585715 0.000998462131233745 0.8057032099999999 7.59998793614752e-05 0.21390774999999987 0.00017688309550481518 3.3404662 0.0006142494083288799 0.7399482299999999 6.825410007400156e-05 1.7771871 0.0003039744822996188 1.2681136 0.0011723295911988804 0.07304144900000002 0.0001347568075793184 11.36777 0.004094177450943504 1.1353279000000005 0.0010405070042453074 5.720403900000003 0.0020417237613857683 0.18912519 0.00012159747422994201 
0.46 100.0 0.0 1.0 0.0 2.1847392999999995 0.0009833520555382973 0.7973962 7.743485649835206e-05 0.21245434000000002 0.00017752092565087355 3.408376300000001 0.0006269375830111762 0.7324026299999998 6.965599280524762e-05 1.810415600000001 0.00030975429999276785 1.2430633 0.0011487056372723604 0.07257947000000003 0.0001355385284226177 11.830312000000003 0.004261396315590941 1.1130094999999998 0.0010195629100281192 5.951443199999999 0.002124935749071941 0.19583383000000004 0.00012389398133524896 
0.47000000000000003 100.0 0.0 1.0 0.0 2.212646500000001 0.000971060990582953 0.7890978700000004 7.88884169045223e-05 0.2109589300000001 0.0001781725810855514 3.4762579000000007 0.0006397695412085778 0.72486024 7.108093852683686e-05 1.8436087000000003 0.0003155967887793534 1.2190619000000005 0.0011277163357351295 0.07210844000000004 0.00013635843057882119 12.301853999999997 0.004432983289036909 1.0916228 0.001001078748953914 6.186984299999999 0.002210343616998498 0.20255665999999997 0.00012621952560613173 
0.48 100.0 0.0 1.0 0.0 2.2422334 0.0009612605600941108 0.7808078500000005 8.037012050420952e-05 0.20942387 0.00017884662068618932 3.544113899999999 0.0006527175024428158 0.71732075 7.252874793378414e-05 1.8767689999999992 0.00032145467801815284 1.1960340000000003 0.0011092933245964828 0.07162951099999999 0.0001372149377283915 12.78243 0.004609246467680457 1.0711000999999998 0.0009847163804361419 6.427029299999999 0.0022982072459421855 0.20929256999999996 0.00012858624440956928 
0.49 100.0 0.0 1.0 0.0 2.273445200000001 0.00095381413784745 0.7725254599999998 8.186547066622524e-05 0.2078512600000001 0.00017953779023843503 3.6119448999999997 0.0006660373938092173 0.7097838399999999 7.400063881134816e-05 1.909899000000001 0.00032745920353498807 1.1739102 0.0010930015277228454 0.07114375999999999 0.00013810744178360107 13.272019000000002 0.004789736881072689 1.0513811000000002 0.0009703044150699124 6.671582799999999 0.0023884907791361285 0.21604068 0.00013098584189152662 
0.5 100.0 0.0 1.0 0.0 2.3062343999999992 0.0009486649389811331 0.76425013 8.339387946578173e-05 0.20624310000000004 0.00018023892115695168 3.6797564 0.0006794002431548052 0.7022493 7.549771057744988e-05 1.9429993 0.00033357869402448606 1.1526308 0.0010787021987534798 0.07065212300000004 0.00013903312264946203 13.770641999999995 0.004975660997486803 1.0324113 0.0009578015520447644 6.9206469 0.0024812495831376246 0.22280017000000002 0.00013343160499259236 
