0.01 100.0 0.0 1.00002389 0.00013871464442497618 4.1660197 0.0019368685110582023 1.2395848000000003 2.5323696309198388e-05 0.002847209200000001 8.103707905247053e-06 0.082682623 2.3285457945329198e-05 1.1020026 0.00011789542992996162 0.04275092999999997 3.194450276697991e-05 5.207641100000001 0.002506213502042088 5.117898599999999e-05 2.6814622434793227e-07 0.007532362399999997 3.4977245350145014e-06 4.6283136 0.002216515691421507 0.0037904786 3.426846953160867e-06 0.0028857693 1.7240436465040153e-05 
0.02 100.0 0.0 1.00010563 0.00010362323837323206 5.2612163999999995 0.00363667907443107 1.2289145999999995 6.323486715006704e-05 0.005482545699999999 1.6712877778090812e-05 0.16616801000000003 4.5486020918732246e-05 1.0928121 9.256924920878314e-05 0.08579712099999996 6.37239533193087e-05 6.5740459 0.004758056784218056 0.00021139898000000005 1.2487945401851228e-06 0.030396736999999993 1.3508344358733804e-05 5.842723100000001 0.004148252250509722 0.01529885299999999 1.3622452529290917e-05 0.005653347200000003 3.436039177368541e-05 
0.03 100.0 0.0 1.0001643700000005 7.918788999411156e-05 6.580687299999999 0.005945196188273571 1.2181251 8.96161252267616e-05 0.007915929700000001 2.56307899677105e-05 0.2505844899999998 6.747972658312427e-05 1.0834934 7.83000918954319e-05 0.12920768000000002 9.53102459124577e-05 8.218858499999996 0.00767439148650072 0.0004883846499999998 3.1387599373442386e-06 0.06904244799999996 2.9746456410699012e-05 7.304581099999999 0.006699816910774136 0.034753551 3.0496893858012168e-05 0.0082750637 5.1419143090031194e-05 
0.04 100.0 0.0 1.0002067800000005 6.28147268058608e-05 7.919708099999997 0.008760794411155343 1.2072434 0.00010714160911790132 0.0101665747 3.473544167920254e-05 0.33575977000000007 8.998695888998012e-05 1.0740722 7.024693302128064e-05 0.17290612999999994 0.00012657976430404145 9.886085100000004 0.011178817555930887 0.0008823726699999998 6.004958945222919e-06 0.12378286000000006 5.241685419727513e-05 8.786371399999998 0.009787834318200826 0.06231128 5.3901547232061434e-05 0.010781549000000001 6.843362061991372e-05 
0.05 100.0 0.0 1.0002373200000003 5.236512738699145e-05 9.181546200000001 0.011973774980152625 1.1962969000000006 0.00011856480881149915 0.012257052 4.397734490576142e-05 0.4214839699999999 0.00011361659954384936 1.0645759999999997 6.552053115994095e-05 0.21679874999999993 0.00015756830225466815 11.454759 0.015156048765757735 0.0013884393999999995 9.850136051670166e-06 0.19477566999999996 8.222011682799694e-05 10.180588799999999 0.013302584333338535 0.09804841499999992 8.373232646320554e-05 0.013210267000000008 8.54450912347083e-05 
0.06 100.0 0.0 1.0002595000000003 4.6075063681595135e-05 10.322150499999998 0.0154170757197161 1.1853114999999996 0.0001256921935063476 0.014207304000000006 5.327705505973339e-05 0.5075801000000001 0.00013877941165659882 1.0550300999999993 6.206279010735516e-05 0.26080711999999995 0.00018839123455272064 12.86981 0.019411894884319596 0.0019993058999999993 1.4654049203613142e-05 0.28206931 0.00012006809209483285 11.438285 0.017067051964240403 0.14198549 0.00011996661326785486 0.015592684999999997 0.00010248560530508998 
0.07 100.0 0.0 1.00027532 4.261939428340703e-05 11.327071999999998 0.018946465901590454 1.1743031000000002 0.00012982609097521232 0.016034147 6.257471068179015e-05 0.5939203500000001 0.00016559436003150035 1.0454490000000005 5.923622193213876e-05 0.3048756700000001 0.00021915983758474794 14.113154999999992 0.023772112248452555 0.0027077304000000003 2.0372353926789884e-05 0.38565283999999983 0.00016682991981531705 12.543373000000006 0.02092517368408874 0.19411340000000002 0.00016264640727625603 0.017950964000000003 0.00011955485208488259 
0.08 100.0 0.0 1.0002867400000002 4.0812881795204985e-05 12.199608999999995 0.02247588610470353 1.1632824999999998 0.0001320880293679189 0.017751342 7.178114258188641e-05 0.6804234700000003 0.00019401789579336025 1.0358453 5.702603881465851e-05 0.34897082000000007 0.0002499558458517963 15.188951 0.028128012780677746 0.0035077128000000008 2.690140394405913e-05 0.50549442 0.00022320089927249442 13.499575999999998 0.024784458522257077 0.25441319999999995 0.0002118728170398646 0.020298604000000005 0.0001366387496790007 
0.09 100.0 0.0 1.0002937299999999 3.986470836961968e-05 12.953047999999999 0.02596586757574123 1.1522535000000007 0.00013323455814945816 0.01937041 8.079718291499743e-05 0.7670440199999997 0.00022390020767922822 1.0262238 5.53963500870233e-05 0.3930756800000001 0.0002808695013255904 16.11380100000001 0.03242909522306951 0.004395024400000001 3.409580792746048e-05 0.6415648399999998 0.0002896524692579276 14.321642000000004 0.028603065751039297 0.32286813999999997 0.00026776640006603787 0.022642416000000002 0.00015372540004644818 
0.1 100.0 0.0 1.0002975499999998 3.937396955566851e-05 13.605000999999994 0.029395505659738464 1.1412193000000002 0.00013383125605340632 0.020900748 8.959370294256823e-05 0.85376125 0.0002550454827542613 1.0165873999999997 5.487688404564096e-05 0.43718433999999995 0.0003119066633542889 16.909717999999987 0.03665000254794562 0.005366356300000001 4.1808360347340905e-05 0.79384788 0.0003664692099782343 15.029123000000002 0.03235795975814068 0.3994685499999999 0.00033043029684862787 0.02498464900000001 0.00017080498179791227 
0.11 100.0 0.0 1.0002980000000001 3.897586182347148e-05 14.173474 0.03274275876036746 1.1301810999999997 0.0001342397776786182 0.022350027000000005 9.81462831986382e-05 0.9405689099999998 0.0002872735762742203 1.0069384999999995 5.5515470847562816e-05 0.4812976300000002 0.0003430350762372723 17.599230999999996 0.04076668492030963 0.0064186335999999984 4.9947859722020504e-05 0.96233998 0.0004538207665983875 15.642047000000002 0.036028143123263315 0.48421105999999986 0.0003998129079530807 0.02732505199999999 0.0001878474632114311 
0.12 100.0 0.0 1.0002974500000001 3.8702548649863724e-05 14.674442999999995 0.03600507298300884 1.1191383000000001 0.00013480282303126982 0.023725246999999994 0.00010637426787956351 1.0274667000000004 0.00032048463472233584 0.9972771100000004 5.750241360703516e-05 0.52541897 0.00037417321990197304 18.202310000000008 0.04477556721021659 0.007549403900000004 5.850748216200605e-05 1.1470464 0.0005519322335211463 16.178154999999997 0.0396080689601439 0.5770968900000001 0.0004757103574426923 0.02966222999999998 0.00020479657038389645 
0.13 100.0 0.0 1.0002954 3.8357069795815326e-05 15.120587000000002 0.0392002828473174 1.1080910000000004 0.00013580224588404088 0.025032871000000005 0.00011418245703516134 1.114456 0.0003545762541452599 0.9876040499999995 6.090974533954314e-05 0.5695521499999998 0.0004053291505409018 18.734789 0.048700733544677834 0.0087561367 6.750548707565218e-05 1.3479757999999997 0.0006611358586607014 16.651535 0.04311597143460389 0.6781296 0.0005581220074506675 0.03199466399999999 0.00022162712798987826 
0.14 100.0 0.0 1.0002911700000003 3.793533718474393e-05 15.521060999999992 0.04234493232715374 1.0970380999999998 0.00013736671321792774 0.026278697999999996 0.0001215070975044709 1.2015360999999996 0.00038969636630195343 0.9779191199999998 6.54753912139618e-05 0.6136998300000002 0.00043651566043678426 19.208139 0.052563473703625116 0.010036121200000001 7.692744116441986e-05 1.5651355999999996 0.0007818994221779884 17.072373 0.04657031934301731 0.7873108999999999 0.000647194860996778 0.03432135199999999 0.00023835760048918813 
0.15 100.0 0.0 1.00028677 3.740613278244073e-05 15.882101 0.04543912636692711 1.0859805999999999 0.00013956903811344315 0.027467611 0.00012831302032838022 1.2887028 0.0004257640210316393 0.9682243500000002 7.127672743820224e-05 0.65786232 0.0004677137848924813 19.630152999999993 0.05636701921259006 0.011386266600000002 8.677931676767316e-05 1.7985235000000006 0.0009150402108550231 17.447587 0.049969102466517555 0.9046384199999998 0.0007430909516599985 0.03664211699999999 0.00025503127260812473 
0.16 100.0 0.0 1.00028215 3.690640955628628e-05 16.207960000000003 0.04846593942140422 1.0749187 0.00014254835352937121 0.028603292000000013 0.0001345998505175788 1.3759511000000006 0.0004628478992876337 0.9585196399999996 7.797779243801624e-05 0.7020386199999998 0.000498885386792407 20.006124000000003 0.06009128243128688 0.012803137999999997 9.710939728760354e-05 2.0481301000000003 0.0010615650379883256 17.781904000000004 0.05329499317796059 1.0301057999999998 0.0008459994820344622 0.038957315 0.0002716762371293338 
0.17 100.0 0.0 1.0002765000000005 3.627745154541314e-05 16.501744000000002 0.05139466928233617 1.0638545000000001 0.00014616931107330815 0.029688633000000002 0.00014044422514331424 1.4632718999999994 0.0005010230872118656 0.9488062400000001 8.541844543821355e-05 0.7462267900000001 0.0005300080281057208 20.339969000000004 0.06369916476209206 0.014283392000000006 0.00010797396943411307 2.3139371999999994 0.0012224049172127544 18.078774 0.05651450728122268 1.1637017999999997 0.0009563176185789686 0.04126778999999999 0.0002883037031101136 
0.18 100.0 0.0 1.0002697600000003 3.577331152788958e-05 16.765947000000004 0.0542023102358974 1.0527857 0.00015049500023238044 0.030725864999999995 0.00014596219521079127 1.5506592999999997 0.000540289001479079 0.9390851800000003 9.342683270818254e-05 0.79042374 0.0005610908260924244 20.634812000000007 0.06715917304849395 0.015823398 0.00011938941261251123 2.5959179 0.0013985821198366007 18.340998 0.05959911756025164 1.3054115999999996 0.0010742552370840883 0.043574744999999984 0.00030491532634286094 
0.19 100.0 0.0 1.0002641800000003 3.513401016034196e-05 17.002818 0.05687576373782005 1.0417169000000004 0.0001554673402847523 0.031716723 0.00015124261094583456 1.6381040000000004 0.0005808358459871389 0.9293576000000003 0.00010190643155461123 0.8346257899999999 0.0005921720969957052 20.893444000000002 0.07045853422147401 0.01741935900000001 0.00013130432762169784 2.8940384999999997 0.0015915375105612906 18.571027 0.06253713656468624 1.4552163000000002 0.0012004745616193096 0.04587966699999999 0.00032151109775887756 
0.2 100.0 0.0 1.0002583500000002 3.447314130654444e-05 17.214646999999992 0.05942450596270872 1.0306464 0.0001612399156469812 0.032662512000000005 0.00015632743710736291 1.7255980000000006 0.0006227177530608839 0.9196243399999996 0.00011074355898089578 0.8788298600000001 0.0006232771555285024 21.118763000000005 0.07360565498186364 0.019067613 0.00014360401758066634 3.208267 0.0018020427381116057 18.771461 0.06533867891066672 1.6130986000000005 0.0013352820827013724 0.04818375099999998 0.00033809788146778693 
0.21 100.0 0.0 1.0002521400000004 3.390448045999496e-05 17.403966000000004 0.06187016950388295 1.0195767000000002 0.0001675058837569498 0.033564154 0.0001612634372349739 1.8131359999999999 0.0006661160259433586 0.9098859700000003 0.00011987297728943272 0.9230345600000001 0.0006544605113102311 21.313909999999996 0.0766289838964585 0.020764835000000006 0.00015619216275712411 3.5385811 0.002031358293810127 18.945087999999995 0.06802975331839209 1.7790456000000001 0.0014789815030601782 0.050487609 0.00035469754569801397 
0.22 100.0 0.0 1.00024519 3.318759313559793e-05 17.573322000000005 0.06424317024524002 1.0085051999999997 0.00017437995759608468 0.034422451 0.0001661414264022918 1.9007193 0.0007111345759429458 0.9001422399999996 0.0001292248460273556 0.9672395600000008 0.0006857797094143456 21.482078999999995 0.07956299234313705 0.022508426999999998 0.00016909225420375635 3.884964399999999 0.00228043316202427 19.094744000000002 0.07064049906845445 1.9530470999999998 0.0016319360177092536 0.052791362 0.00037134823556004626 
0.23 100.0 0.0 1.00023888 3.245301923295825e-05 17.725111 0.0665689450403966 0.9974351300000001 0.00018180867672442342 0.03523831100000001 0.0001710984264854083 1.9883456000000004 0.0007577377688820238 0.8903939299999999 0.0001389047848495107 1.01144493 0.0007173850029435917 21.626287 0.08244217633778649 0.02429620299999999 0.0001824727974984672 4.2474064 0.002549783012422535 19.223107000000002 0.07320230913372412 2.1350968000000003 0.0017944881269042565 0.055094876999999993 0.0003880922047989369 
0.24 100.0 0.0 1.0002330199999998 3.178151976082995e-05 17.861466000000004 0.06888257113696424 0.9863638999999997 0.00018979436743249298 0.03601246099999998 0.00017623504621897766 2.0760169 0.0008058578000518834 0.8806405899999997 0.00014883078050036103 1.0556514000000001 0.000749244339588225 21.749168 0.08530556819903358 0.026125508 0.00019655388040270037 4.6258998999999985 0.002839156270817346 19.332526999999992 0.07575043244570909 2.3251897 0.0019666524220303652 0.057397835999999994 0.0004049306913053481 
0.25 100.0 0.0 1.0002261 3.0957281876183055e-05 17.984212999999997 0.07121424223645142 0.9752919599999997 0.0001982788092249351 0.03674523999999999 0.00018155673167360656 2.1637342 0.0008552320057164956 0.8708818999999994 0.00015893727728874158 1.0998613000000002 0.0007812626914790981 21.853037000000004 0.08819472734415455 0.027993051000000005 0.00021151620684709934 5.020439899999999 0.0031480578790959676 19.425046 0.07832073659535847 2.5233222 0.002148010673062048 0.059699927999999985 0.0004218463372202921 
0.26 100.0 0.0 1.0002185000000003 3.0200167142705847e-05 18.095034000000012 0.07357979587112182 0.9642188600000005 0.00020717068710831717 0.037437015999999976 0.00018700810186581703 2.251499000000001 0.00090552139122175 0.86111753 0.0001691920698190952 1.1440739000000006 0.0008134368432041813 21.93998900000001 0.09112544314178649 0.02989526499999998 0.00022744263159479722 5.431023999999997 0.003475458985559742 19.502535 0.08092757216641355 2.7294914 0.002338036377039781 0.062000643 0.0004388047283297167 
0.27 100.0 0.0 1.00021224 2.9462237295734823e-05 18.195421 0.07598028141952373 0.9531444600000004 0.0002163744774015854 0.03808869699999999 0.00019255360521404176 2.3393136999999995 0.0009563296153192634 0.8513477000000002 0.0001795390361395574 1.188291 0.0008455699793632751 22.01188 0.09410021757678529 0.031829285 0.0002443383374273336 5.857657899999997 0.0038207098824903597 19.566639999999992 0.08357281045893175 2.9436975000000003 0.0025361542396875546 0.06429936300000001 0.0004557600007891061 
0.28 100.0 0.0 1.0002044700000006 2.8589884229882795e-05 18.286703 0.07840345865399326 0.9420674300000009 0.00022585408704921955 0.038701898000000005 0.0001982062493564505 2.4271815000000014 0.0010076672503527627 0.84157124 0.0001898905322080937 1.2325158 0.000877619543762974 22.070373999999994 0.09710777869586087 0.033794405 0.0002621974655460049 6.3003503000000025 0.004183365973559095 19.618848000000003 0.08624450277529162 3.1659457000000004 0.0027421863148044305 0.06659512500000002 0.00047266923763524834 
0.29 100.0 0.0 1.0001973300000002 2.77965718911121e-05 18.369920999999994 0.08084577151955624 0.930989 0.00023552164997136157 0.03927878500000001 0.00020407430456758006 2.5151037 0.0010595796020597885 0.8317894299999999 0.00020031831931429842 1.2767495000000002 0.0009096131966353424 22.116764 0.1001402934539299 0.035791362 0.000280991625664472 6.759099699999996 0.00456511451880523 19.660299000000006 0.08893719711677466 3.3962362999999987 0.002956281629544856 0.06888740800000001 0.0004894964456861249 
0.3 100.0 0.0 1.00019047 2.7048144052446233e-05 18.44592200000001 0.08329803224059223 0.9199079099999997 0.00024537074158499054 0.039820889 0.00021016240241249613 2.6030807 0.00111225526076526 0.8220014100000003 0.00021077343526565347 1.3209933999999999 0.0009415788041384451 22.152136 0.10318756329635922 0.03781966199999999 0.00030050707762973797 7.2339097999999975 0.004967605209739167 19.691961 0.091641174041965 3.6345682999999984 0.003179472047564676 0.071175673 0.0005062383819068958 
0.31 100.0 0.0 1.0001835 2.626342511314714e-05 18.515277000000008 0.085760508229065 0.9088241499999995 0.0002553976959248587 0.04032931599999997 0.0002165216363726107 2.6911142000000012 0.0011660855987295684 0.8122073099999997 0.0002212577527338513 1.3652480000000002 0.0009738258468512826 22.177171999999995 0.10624654133740803 0.039877258 0.0003204944949018141 7.724778599999997 0.005393735768539366 19.71444499999999 0.09435533095036179 3.8809420000000006 0.00341299619688062 0.073459479 0.000522919984684644 
0.32 100.0 0.0 1.0001763 2.5523187555947525e-05 18.578367000000004 0.08824006761163275 0.8977373999999999 0.00026561089851126463 0.040804957 0.00022324801309867365 2.7792055999999987 0.0012215785142273704 0.8024067499999998 0.00023181615404560988 1.4095153999999999 0.0010063921742561727 22.192384999999998 0.10932596476935179 0.041960676 0.0003408425442080826 8.231711099999998 0.005847125423497878 19.728181 0.09708928650160598 4.135356500000001 0.0036587946249271724 0.07573831499999994 0.0005396070255684624 
0.33 100.0 0.0 1.0001699 2.4823978336295266e-05 18.635485000000003 0.09075087233051439 0.8866472299999999 0.00027604729771547843 0.04124859399999999 0.00023039956586687113 2.8673564999999996 0.0012790419881819125 0.7925997499999997 0.00024247961498054395 1.4537969999999998 0.0010395515042577537 22.198102999999993 0.11244272166269705 0.04406684699999999 0.00036159170972370936 8.754719000000001 0.006331881073579281 19.733507 0.09985660870722972 4.397818599999997 0.003918889893912113 0.078011498 0.0005563959835458566 
0.34 100.0 0.0 1.0001630000000001 2.410746778973709e-05 18.686896 0.09330334672367543 0.8755529700000001 0.0002867312192354652 0.041660758 0.00023794640694568288 2.955571900000001 0.0013389378453983107 0.7827855299999997 0.0002532768731999222 1.4980941 0.0010735919065928755 22.194696 0.11560822246640816 0.046193210000000005 0.000382866283194277 9.293823400000004 0.006852181073510877 19.730708 0.10266836977064212 4.6683354 0.0041954462919212366 0.080278211 0.000573377600477878 
0.35000000000000003 100.0 0.0 1.0001559000000002 2.3294675268439815e-05 18.732938000000004 0.09590458516441235 0.8644541299999997 0.00029771178232862797 0.042041538999999996 0.0002457955109838102 3.0438552999999997 0.0014016810725414294 0.7729637799999999 0.0002642555159673613 1.5424102000000002 0.0011086235698306638 22.182529999999993 0.11882964922528494 0.04833729500000002 0.00040484825303651397 9.8490534 0.007412028235551359 19.720134999999992 0.10553090006605444 4.9469208 0.004490240594170538 0.08253746600000002 0.0005906123118446002 
0.36 100.0 0.0 1.0001495 2.2635536161496646e-05 18.774029 0.0985607531859985 0.85335024 0.0003089941087246614 0.04239063399999999 0.00025381906703485213 3.1322133000000014 0.001467452861597144 0.763134 0.0002754050765734227 1.5867482999999998 0.0011447722835180704 22.162163 0.12211170205722474 0.05049731400000001 0.00042772054511566103 10.420446 0.008014541461607851 19.702272000000004 0.1084485329553109 5.233591899999999 0.004804672831122656 0.08478818699999996 0.0006081282478502189 
0.37 100.0 0.0 1.0001433 2.1821115958150376e-05 18.810641999999994 0.1012700751572935 0.8422402200000001 0.00032056023382764063 0.04270720799999998 0.0002618614684854852 3.2206528000000008 0.0015364611682718975 0.7532952099999999 0.00028672183848077107 1.6311103 0.0011821414420818885 22.134169999999987 0.12545557642849617 0.05267166899999998 0.0004514548371181928 11.008036000000002 0.008662178307975332 19.677637999999998 0.11142178264397715 5.528367800000003 0.005140008855164101 0.08702907700000001 0.0006259163273774967 
0.38 100.0 0.0 1.0001364 2.097118032191449e-05 18.843293000000003 0.10402791208377275 0.8311232199999998 0.0003324034375856639 0.04299024299999999 0.00026973911945157977 3.309182400000001 0.0016087294807805932 0.7434464100000002 0.0002981922655233325 1.675501 0.0012207563843772062 22.099176000000003 0.1288514770898563 0.05485796699999999 0.0004758519278411278 11.611881000000006 0.00935512177305367 19.646777000000007 0.11444301337218973 5.831271500000001 0.005497191301687443 0.08925869999999997 0.0006439495718268991 
0.39 100.0 0.0 1.0001302 2.0279536476669227e-05 18.872550999999994 0.10681896982742893 0.8199982499999997 0.00034448822458281345 0.04323917400000002 0.00027730915617632605 3.3978105 0.00168412591794838 0.7335867700000002 0.0003097573407836262 1.7199231999999998 0.0012603549252566829 22.057915000000012 0.132280790203053 0.05705399599999999 0.0005008678401632919 12.232023000000003 0.010093609647146255 19.610353000000003 0.11749470484625431 6.142326100000002 0.005876447035214184 0.09147551600000005 0.0006621749628952669 
0.4 100.0 0.0 1.0001232999999998 1.941600123895227e-05 18.899119000000006 0.10962779577912488 0.8088643400000002 0.0003567742435201506 0.043453885 0.0002845092882785013 3.4865444999999995 0.001762513661660491 0.72371542 0.0003213881849651847 1.7643812999999995 0.001301129975489841 22.011241999999996 0.13572548207451635 0.05925661699999996 0.0005264597573434802 12.868504000000005 0.01087952544179557 19.569113 0.12056074567333472 6.461550099999999 0.006277554515093426 0.09367813500000001 0.0006805232624434806 
0.41000000000000003 100.0 0.0 1.0001164000000002 1.8672182449876462e-05 18.92377 0.11244704657304316 0.7977202300000004 0.0003691790491959578 0.04363483999999999 0.0002914070061031652 3.5753904999999992 0.0018433546613637476 0.7138311199999996 0.00033303000985166435 1.8088784000000004 0.0013427234765118526 21.960113 0.1391740627175589 0.06146323599999998 0.0005525638462793802 13.52137 0.01170974555658306 19.523927 0.12363229116096972 6.788966400000001 0.006699882662405175 0.095865062 0.0006988953834670549 
0.42 100.0 0.0 1.0001104000000003 1.7940412355660835e-05 18.946917 0.1152523967998551 0.7865665499999994 0.0003816808791162344 0.043783002 0.0002981091640455825 3.6643517999999973 0.0019266446552955838 0.7039348000000001 0.00034469640700023003 1.8534168999999994 0.001384980936305976 21.905047000000003 0.1425999598348833 0.06367161899999996 0.0005791764661633457 14.190657999999999 0.012587339288321408 19.475236 0.12668271166595718 7.124590099999997 0.007142168004910364 0.09803532900000002 0.0007172321136776945 
0.43 100.0 0.0 1.0001038 1.7200453418393436e-05 18.969304000000005 0.1180538155242666 0.7754009999999997 0.00039423342959183977 0.043898007999999995 0.0003046486906378675 3.7534414999999983 0.002012405771116912 0.69402411 0.00035637313027169024 1.8980029000000003 0.0014276758126053 21.846977999999993 0.1460128061067419 0.065880034 0.0006064132488612233 14.876461000000004 0.013511932422414687 19.42387399999999 0.12972237963915462 7.4684693000000015 0.007603760711962832 0.100186631 0.0007354967393642285 
0.44 100.0 0.0 1.0000984000000002 1.6538270634403353e-05 18.991043 0.12083384857111772 0.7642239100000002 0.00040676364785660423 0.04397815300000001 0.0003110289589168526 3.8426636999999992 0.0021010436104976363 0.6840994200000001 0.0003679927312235466 1.9426375999999987 0.001470853107032717 21.786012999999993 0.14939251940882373 0.06808111000000001 0.0006343787745495476 15.578847999999999 0.014488954929884317 19.369941000000004 0.13273131719450265 7.8206305 0.008085036633633977 0.10231874300000003 0.0007536816391317821 
0.45 100.0 0.0 1.0000928999999998 1.584000955558877e-05 19.01252299999999 0.12359061904413263 0.75303419 0.00041933642476619213 0.044022351 0.0003172146374759388 3.9320245000000007 0.0021932843289075776 0.6741593500000004 0.000379637522736385 1.9873238000000006 0.001514548413082974 21.722643 0.1527367781921274 0.07026828299999996 0.0006625672394045607 16.29791400000001 0.015524308037309167 19.313866000000004 0.13570882681844296 8.181125399999999 0.008587201265172647 0.10442999999999998 0.0007718483536045715 
0.46 100.0 0.0 1.0000874999999998 1.5122417209835973e-05 19.034001999999997 0.12632219531801472 0.7418311900000003 0.0004319169421731966 0.04403015900000003 0.0003232015568838766 4.021529899999998 0.0022897029479862128 0.6642035600000002 0.00039131834771660435 2.032064 0.0015588191428176762 21.657169999999997 0.15604181869934894 0.07243449200000002 0.0006903934936174651 17.033763000000008 0.016622421944717206 19.255923999999997 0.13865127910063457 8.549995000000003 0.009111416904609428 0.10651975899999996 0.0007900174065147552 
0.47000000000000003 100.0 0.0 1.0000817999999998 1.4339721190913584e-05 19.055784 0.12901827220763473 0.7306134000000002 0.0004445691422045532 0.044001842000000006 0.0003289952591913067 4.111190500000001 0.002390498029174172 0.6542305400000004 0.00040308816167102836 2.0768629 0.0016035864323147373 21.589968999999996 0.15929856182461724 0.07457552500000002 0.0007172767663829218 17.786516000000002 0.017783802727196825 19.196431000000004 0.14154858581204166 8.927298100000003 0.00965781015828272 0.10858605099999999 0.0008082516775429422 
0.48 100.0 0.0 1.0000760999999998 1.3625634099210315e-05 19.078118999999997 0.13166890972963669 0.7193788300000001 0.00045726902782722176 0.043937506999999994 0.0003346385478370824 4.201017800000002 0.002494713673245635 0.6442386900000001 0.00041493348375242704 2.121727000000001 0.0016484875643924864 21.521337 0.16249518051101824 0.07668788199999999 0.0007430204820237319 18.556340999999996 0.01900307928175722 19.135668999999996 0.14438898784669424 9.313114999999998 0.010224089687126636 0.11062602500000004 0.0008265717750544124 
0.49 100.0 0.0 1.00007 1.287245130532057e-05 19.101264 0.13427095488987828 0.7081249899999998 0.0004699692597428802 0.04383758600000001 0.0003401967573126338 4.291031700000001 0.002601401199538766 0.6342256600000001 0.00042681281710242255 2.1666672 0.0016936265767862964 21.451554 0.1656266272458621 0.07876773300000002 0.0007680081338345746 19.343422000000004 0.02027251876700413 19.073879 0.14717235537487713 9.707544799999999 0.01080824791212021 0.11263580200000003 0.0008449546110412473 
0.5 100.0 0.0 1.0000642000000002 1.2214892482753701e-05 19.12521300000001 0.1368222108332841 0.6968508300000003 0.0004828002700975223 0.04370312499999999 0.00034571873299657767 4.3812437000000015 0.0027099211082613622 0.6241907900000001 0.0004389060699695655 2.2116890000000002 0.0017386912233071906 21.380595 0.16869184933703862 0.08081104200000003 0.0007932868587820623 20.147930000000002 0.0215889610912662 19.01104700000001 0.1498950903829329 10.110659199999995 0.011408963794092186 0.11461288099999996 0.0008635778252858463 
