0.5 0.0 0.04011189259009653 1.8531581464749033e-05 
1.5 0.0 0.037775916597430285 2.3618850843655747e-05 
2.5 0.0 0.035677810575049845 2.699901350632198e-05 
3.5 0.0 0.033759722219703636 2.112597917129268e-05 
4.5 0.0 0.03195261408213595 2.2907086055286214e-05 
5.5 0.0 0.03028305677306303 2.2768867984710805e-05 
6.5 0.0 0.028771529784605704 2.2269767701494e-05 
7.5 0.0 0.027220697259468275 2.4346272213798947e-05 
8.5 0.0 0.02586225481440474 2.0795807076021784e-05 
9.5 0.0 0.024610232702943814 2.2869130479536593e-05 
10.5 0.0 0.023409353752695875 2.260539501106889e-05 
11.5 0.0 0.022295954210677756 1.810941074018683e-05 
12.5 0.0 0.02123416020579372 1.870471802952891e-05 
13.5 0.0 0.020277716178725112 2.072752977644911e-05 
14.5 0.0 0.01937150278860813 1.9523126808994684e-05 
15.5 0.0 0.018491909518005497 1.799369236504392e-05 
16.5 0.0 0.01767608617747847 1.945724848683535e-05 
17.5 0.0 0.0169173955950575 1.7106710095804953e-05 
18.5 0.0 0.016161873174356724 1.7379606066928896e-05 
19.5 0.0 0.015486276816608146 1.7697864319862043e-05 
20.5 0.0 0.014855517910580407 1.8266844253583182e-05 
21.5 0.0 0.014251908533438953 1.6628814257894472e-05 
22.5 0.0 0.01363437999621844 1.608890990647192e-05 
23.5 0.0 0.013126355526422464 1.569455251327814e-05 
24.5 0.0 0.012591988412562118 1.594688919433363e-05 
25.5 0.0 0.01211203466355549 1.5086706778244755e-05 
26.5 0.0 0.011615306209930619 1.4370539024768106e-05 
27.5 0.0 0.01121059810283886 1.4499642010412956e-05 
28.5 0.0 0.010789212487844604 1.588722473198425e-05 
29.5 0.0 0.010401550267911812 1.5581294483215054e-05 
30.5 0.0 0.01001845312688212 1.3648874874754309e-05 
31.5 0.0 0.00962981429368629 1.3543509369233259e-05 
32.5 0.0 0.00929079497949515 1.4269712790843437e-05 
33.5 0.0 0.008972577832427086 1.3934008657637333e-05 
34.5 0.0 0.008634335423709028 1.3733206310352893e-05 
35.5 0.0 0.008370244984485194 1.3476566881968948e-05 
36.5 0.0 0.008072872178811842 1.19838335733668e-05 
37.5 0.0 0.007806592441358581 1.0333473042062628e-05 
38.5 0.0 0.007534144683719145 1.3013652015298073e-05 
39.5 0.0 0.007296650043756233 1.1508279783050622e-05 
40.5 0.0 0.00705008722873068 1.0958592914891215e-05 
41.5 0.0 0.006821970673048049 1.2659430562253025e-05 
42.5 0.0 0.0066034443624890995 1.0424323215062105e-05 
43.5 0.0 0.006417929572222507 1.1972663991123951e-05 
44.5 0.0 0.006187105988300877 1.135073804064389e-05 
45.5 0.0 0.006003881422104324 1.0767800961034678e-05 
46.5 0.0 0.005825410252800729 1.1718893052515092e-05 
47.5 0.0 0.005633644385944675 1.1329244962941397e-05 
48.5 0.0 0.005496356271195606 1.056767825003245e-05 
49.5 0.0 0.00530856949718768 1.0940618855857844e-05 
50.5 0.0 0.005162633508664615 1.0322457424177922e-05 
51.5 0.0 0.005007652276810793 1.06478090140877e-05 
52.5 0.0 0.004859675000076978 9.509074355127439e-06 
53.5 0.0 0.0047367282184924 9.586075879582022e-06 
54.5 0.0 0.004586914936707132 1.145463121650799e-05 
55.5 0.0 0.004458048214130416 9.400356104948224e-06 
56.5 0.0 0.00433947832959824 9.6074264417031e-06 
57.5 0.0 0.004215718229017568 1.0084355591297974e-05 
58.5 0.0 0.004097273370762616 9.8234241421505e-06 
59.5 0.0 0.003997731038710829 8.20646438260668e-06 
60.5 0.0 0.003886286871140201 9.137068104796273e-06 
61.5 0.0 0.0037961278143279057 8.908300049063707e-06 
62.5 0.0 0.003667282726112492 8.510750057102594e-06 
63.5 0.0 0.0035899559396701756 8.153228105708357e-06 
64.5 0.0 0.0034834957874973122 8.32546383633057e-06 
65.5 0.0 0.003406986368630365 8.402460852817766e-06 
66.5 0.0 0.0033025671793506482 8.17693844598082e-06 
67.5 0.0 0.0032389565937992523 8.626555815344984e-06 
68.5 0.0 0.0031570466759927767 6.8462448283672915e-06 
69.5 0.0 0.0030814952430642355 6.7021743618991005e-06 
70.5 0.0 0.002984412643605437 7.56266791492536e-06 
71.5 0.0 0.002932642177829611 8.436603958984104e-06 
72.5 0.0 0.0028517540351885797 7.400287260014273e-06 
73.5 0.0 0.0027957494594523296 7.426069570394848e-06 
74.5 0.0 0.0027206150803350056 7.356501985972082e-06 
75.5 0.0 0.0026505633695149545 6.7287447052481505e-06 
76.5 0.0 0.00259604166914758 7.746609514947472e-06 
77.5 0.0 0.0025392690943964436 6.8010064750596104e-06 
78.5 0.0 0.0024751597599455455 6.484172338744055e-06 
79.5 0.0 0.002409859629723913 6.72119065136728e-06 
80.5 0.0 0.002373804642028246 6.106119280312505e-06 
81.5 0.0 0.0023215523004097623 7.380306422555628e-06 
82.5 0.0 0.0022604022115015983 6.631211757228666e-06 
83.5 0.0 0.0022110483892863993 6.124681703938359e-06 
84.5 0.0 0.002160588499912384 6.543356117173275e-06 
85.5 0.0 0.0021105293223446465 7.4369417098405924e-06 
86.5 0.0 0.0020728446642303685 6.233652094219139e-06 
87.5 0.0 0.002031514418490746 7.654571973710392e-06 
88.5 0.0 0.001970656479321598 7.081683198264995e-06 
89.5 0.0 0.001934890612054466 6.671972026808591e-06 
90.5 0.0 0.001902023094509966 6.233367446640174e-06 
91.5 0.0 0.0018582958383222695 6.270367980826304e-06 
92.5 0.0 0.0018145074535316167 6.528215133975277e-06 
93.5 0.0 0.0017908931302760157 6.212998837061293e-06 
94.5 0.0 0.0017509382044800137 6.089455045194631e-06 
95.5 0.0 0.0017109846479467688 5.86161424304749e-06 
96.5 0.0 0.0016567331391797765 6.189296159071562e-06 
97.5 0.0 0.0016447485449990345 6.397299054446187e-06 
98.5 0.0 0.001604316201586715 5.5774958829297115e-06 
99.5 0.0 0.001565988258323516 5.696219105313996e-06 
100.5 0.0 0.00154633312778773 6.0611452765032805e-06 
101.5 0.0 0.001516341572647619 5.761000775151522e-06 
102.5 0.0 0.00147699198286778 5.547634779991586e-06 
103.5 0.0 0.0014631112474525964 4.714047015658344e-06 
104.5 0.0 0.0014299306471304849 5.824739106275313e-06 
105.5 0.0 0.0013966664349370531 5.797313585130199e-06 
106.5 0.0 0.0013726361632103166 5.592402111442702e-06 
107.5 0.0 0.0013405593389433689 5.0820473893364335e-06 
108.5 0.0 0.0013236575420084093 6.233142866138107e-06 
109.5 0.0 0.0012984172131888358 5.0563292090953265e-06 
110.5 0.0 0.0012660075444381894 4.703113263111763e-06 
111.5 0.0 0.001247436970785558 5.402303864532895e-06 
112.5 0.0 0.001222301959828474 5.003090020785641e-06 
113.5 0.0 0.001207712663734631 4.979984843643913e-06 
114.5 0.0 0.0011873490691437275 5.153091170574725e-06 
115.5 0.0 0.001167550341901064 4.733958756358988e-06 
116.5 0.0 0.001151209470076396 4.6310892935603475e-06 
117.5 0.0 0.0011240742807631966 5.172671702108301e-06 
118.5 0.0 0.001106627596159441 4.140430056569282e-06 
119.5 0.0 0.001076491244440018 4.717310889482734e-06 
120.5 0.0 0.001064131851846982 4.513357723659488e-06 
121.5 0.0 0.0010441240085455172 4.446485059040583e-06 
122.5 0.0 0.0010271584664548288 4.187248915600542e-06 
123.5 0.0 0.0010025021279523928 4.508132539349643e-06 
124.5 0.0 0.0009906213677298163 4.476178405380377e-06 
125.5 0.0 0.0009824102604261502 4.405136214343557e-06 
126.5 0.0 0.000955086034878562 4.050716711448032e-06 
127.5 0.0 0.0009417471693411141 4.636422546277606e-06 
128.5 0.0 0.0009279699317178902 4.764066143892208e-06 
129.5 0.0 0.0009072121213634707 4.1973247771109546e-06 
130.5 0.0 0.0008971869894224805 4.508079696915782e-06 
131.5 0.0 0.0008761776946500327 4.351815604539555e-06 
132.5 0.0 0.0008679033316736377 4.105302139655574e-06 
133.5 0.0 0.0008503130440663667 4.424825287262918e-06 
134.5 0.0 0.0008389748725049196 4.327114146387472e-06 
135.5 0.0 0.0008219059759015361 3.958430144726482e-06 
136.5 0.0 0.0008103591522481907 4.003603870137211e-06 
137.5 0.0 0.000795415769826501 3.525580879310906e-06 
138.5 0.0 0.0007842232649549473 4.147788005710992e-06 
139.5 0.0 0.0007809931016059127 4.153946270203803e-06 
140.5 0.0 0.0007641733284704749 4.055432697300369e-06 
141.5 0.0 0.0007509591960838598 3.6582632343648544e-06 
142.5 0.0 0.0007431232535162222 4.284951478387947e-06 
143.5 0.0 0.0007271789419316398 3.933128765221058e-06 
144.5 0.0 0.0007201551890311491 3.6167551767506536e-06 
145.5 0.0 0.0007039391614894848 3.7344680089926243e-06 
146.5 0.0 0.0006934975076777026 4.05231359706607e-06 
147.5 0.0 0.0006819510397398182 3.811521163190262e-06 
148.5 0.0 0.0006771787715847976 3.678930002567729e-06 
149.5 0.0 0.0006657769823584117 3.460900534409064e-06 
150.5 0.0 0.0006535017725234466 3.567587001201142e-06 
151.5 0.0 0.0006374744962099033 3.6437241460574547e-06 
152.5 0.0 0.0006371824755388817 3.4426752274332126e-06 
153.5 0.0 0.0006293246547193417 3.464154753759819e-06 
154.5 0.0 0.0006143605648160374 3.3818037304280347e-06 
155.5 0.0 0.0006152778500095194 3.0776445773957357e-06 
156.5 0.0 0.0005969779938787865 3.2757976222113196e-06 
157.5 0.0 0.000589162706514205 3.6037915659348943e-06 
158.5 0.0 0.0005825969240225835 3.193446506116526e-06 
159.5 0.0 0.0005754480206603071 3.3431256558743576e-06 
160.5 0.0 0.0005720926693036974 3.3953764632400614e-06 
161.5 0.0 0.0005639019958223777 3.325129968743377e-06 
162.5 0.0 0.0005551900910355778 3.188010776749631e-06 
163.5 0.0 0.0005421635776946166 3.3598114209248083e-06 
164.5 0.0 0.0005383081358875354 2.898327536345319e-06 
165.5 0.0 0.0005273451580376814 3.1394738380626562e-06 
166.5 0.0 0.0005188210346630296 3.5422955433008127e-06 
167.5 0.0 0.0005142561320131692 3.644685016401728e-06 
168.5 0.0 0.0005052106027649179 3.1888096172395404e-06 
169.5 0.0 0.0004941444057371075 3.311028129426857e-06 
170.5 0.0 0.0004994786539397161 3.2394409932060956e-06 
171.5 0.0 0.0004842639135281951 3.3493063918873774e-06 
172.5 0.0 0.0004793248390131667 3.412263521020619e-06 
173.5 0.0 0.0004741770439148599 3.128732470803634e-06 
174.5 0.0 0.0004651522426300465 3.164344600917347e-06 
175.5 0.0 0.00046054643983878436 3.2766217517291958e-06 
176.5 0.0 0.00045754483063710255 3.00247083480037e-06 
177.5 0.0 0.0004493956625153371 3.1994969415042225e-06 
178.5 0.0 0.0004444565769795136 2.7711609744152765e-06 
179.5 0.0 0.00043176341101991964 3.179704841431688e-06 
180.5 0.0 0.0004299086846207796 3.1443089129835597e-06 
181.5 0.0 0.00042405161598259864 3.123759228958141e-06 
182.5 0.0 0.0004168816559579093 3.0815849829792753e-06 
183.5 0.0 0.0004132348551943072 2.757532137722612e-06 
184.5 0.0 0.00040744071255615196 2.8273154300740585e-06 
185.5 0.0 0.0004045646791698346 2.82105149373558e-06 
186.5 0.0 0.0003967697751417612 2.8179657891095907e-06 
187.5 0.0 0.0003917678019819533 2.984867126366013e-06 
188.5 0.0 0.00039199660913133037 2.4177353535577784e-06 
189.5 0.0 0.00038482757143266564 2.9158787250740253e-06 
190.5 0.0 0.0003763023739310147 2.7108139720436593e-06 
191.5 0.0 0.00037532310372577824 2.4390657619638166e-06 
192.5 0.0 0.0003679866263411535 2.609948673243876e-06 
193.5 0.0 0.00036846582504425774 2.7198496486667876e-06 
194.5 0.0 0.0003545016813309116 2.760157633841414e-06 
195.5 0.0 0.00036121311546234475 2.62975862436657e-06 
196.5 0.0 0.0003498960508722747 2.5701990399215007e-06 
197.5 0.0 0.00034925008568799794 2.7469343517911873e-06 
198.5 0.0 0.00034824944068013016 2.6389138212372945e-06 
199.5 0.0 0.0006756976744461278 4.277035466629375e-06 
