5.0 0.0 0.06895052171813465 3.382897910824344e-06 
15.0 0.0 0.012980073123157722 4.05874079359324e-06 
25.0 0.0 0.005406753716592635 2.6733071943181277e-06 
35.0 0.0 0.0029474778916837936 2.0703123906360148e-06 
45.0 0.0 0.001848401531295601 1.887970611030317e-06 
55.0 0.0 0.0012648419609694152 1.5032919644268914e-06 
65.0 0.0 0.0009197933975626872 1.215348350011506e-06 
75.0 0.0 0.0006971049712962786 1.175761975976375e-06 
85.0 0.0 0.0005475460893424388 9.111530117425907e-07 
95.0 0.0 0.00044114256645871923 9.134511044714411e-07 
105.0 0.0 0.0003619497266695505 8.515603783192673e-07 
115.0 0.0 0.00030337203978103594 7.509092272976672e-07 
125.0 0.0 0.0002567928519743872 6.786012073583641e-07 
135.0 0.0 0.00022077937714984678 5.82703921426068e-07 
145.0 0.0 0.00019214990757930286 5.856448215537957e-07 
155.0 0.0 0.00016849912975282666 5.096665249526033e-07 
165.0 0.0 0.00014829219028770504 5.245428227321695e-07 
175.0 0.0 0.00013229955330083403 5.188123273888899e-07 
185.0 0.0 0.00011789174651692071 4.787694398756931e-07 
195.0 0.0 0.00010569715711487242 4.4783213386538266e-07 
205.0 0.0 9.630608009667984e-05 4.2056285517827437e-07 
215.0 0.0 8.712511790561857e-05 4.037714426864744e-07 
225.0 0.0 8.014133335786145e-05 3.978548367287272e-07 
235.0 0.0 7.298346439747501e-05 3.4848376124110337e-07 
245.0 0.0 6.769660975540041e-05 3.6989013519739166e-07 
255.0 0.0 6.292802748838505e-05 3.6835264657519954e-07 
265.0 0.0 5.7717212851438694e-05 3.537285451835691e-07 
275.0 0.0 5.3414882945072545e-05 3.2143380381944854e-07 
285.0 0.0 5.004706784253063e-05 3.161852357950088e-07 
295.0 0.0 4.656118022369945e-05 3.06800783401802e-07 
305.0 0.0 4.306729227111536e-05 2.870542652760184e-07 
315.0 0.0 4.013570202005749e-05 2.7368874652351413e-07 
325.0 0.0 3.821667113003166e-05 2.7225746550274195e-07 
335.0 0.0 3.5919424969685384e-05 2.4694681636983117e-07 
345.0 0.0 3.437258135751187e-05 2.505648058933477e-07 
355.0 0.0 3.219341125302833e-05 2.1692080192351622e-07 
365.0 0.0 3.0418454116623356e-05 2.6095336766673177e-07 
375.0 0.0 2.8989676128671744e-05 2.426124384308915e-07 
385.0 0.0 2.6764469141755683e-05 2.1126539065967973e-07 
395.0 0.0 2.549778603730124e-05 2.1192726515662105e-07 
405.0 0.0 2.4995516808795107e-05 2.04445555066615e-07 
415.0 0.0 2.3348627252235918e-05 2.1785099326288288e-07 
425.0 0.0 2.27903227098958e-05 2.1531550571817046e-07 
435.0 0.0 2.1315528069481502e-05 1.8879369613129524e-07 
445.0 0.0 2.0280968971283587e-05 1.91988289567036e-07 
455.0 0.0 1.9522557888476336e-05 2.067687980097211e-07 
465.0 0.0 1.8736134632541096e-05 1.7609122330938919e-07 
475.0 0.0 1.7835643564711425e-05 1.7049407144265392e-07 
485.0 0.0 1.728134517985519e-05 1.8463227635792053e-07 
495.0 0.0 1.6536944023691194e-05 1.6601985788922928e-07 
505.0 0.0 1.6082698502859282e-05 1.758383336366032e-07 
515.0 0.0 1.5038131502934018e-05 1.785197273025932e-07 
525.0 0.0 1.4954087716150901e-05 1.6060839487329113e-07 
535.0 0.0 1.4539859326197137e-05 1.7577878591710276e-07 
545.0 0.0 1.3851491189302756e-05 1.940042990151184e-07 
555.0 0.0 1.311909537120685e-05 1.653376593651349e-07 
565.0 0.0 1.2818932999354771e-05 1.51603626117242e-07 
575.0 0.0 1.1978476267042756e-05 1.558014885369791e-07 
585.0 0.0 1.1544243538350324e-05 1.508593891992605e-07 
595.0 0.0 1.136414484421867e-05 1.466204527847169e-07 
605.0 0.0 1.0905898411668024e-05 1.435360386834949e-07 
615.0 0.0 1.0731801982218075e-05 1.4017871082258383e-07 
625.0 0.0 1.0169495122642181e-05 1.3678607538623604e-07 
635.0 0.0 1.0087454722950232e-05 1.2984192657073726e-07 
645.0 0.0 9.863333765665005e-06 1.518261731167578e-07 
655.0 0.0 9.339051053156125e-06 1.2493837177213692e-07 
665.0 0.0 9.158950909467102e-06 1.3944005004485818e-07 
675.0 0.0 8.952843121186802e-06 1.381957169412738e-07 
685.0 0.0 8.714712637613463e-06 1.338892966109926e-07 
695.0 0.0 8.278475929093376e-06 1.279953411115829e-07 
705.0 0.0 8.098376706450455e-06 1.4629554607271722e-07 
715.0 0.0 7.846243484070004e-06 1.1960760528385413e-07 
725.0 0.0 7.450027586342249e-06 1.2331725699558823e-07 
735.0 0.0 7.345972993787951e-06 1.0691505453304891e-07 
745.0 0.0 7.315956833040612e-06 1.2552178194179722e-07 
755.0 0.0 7.1718753309823236e-06 1.1420802661863912e-07 
765.0 0.0 6.925744813755128e-06 1.2467501065356488e-07 
775.0 0.0 6.6335859874033355e-06 1.1114064614976608e-07 
785.0 0.0 6.443483920561344e-06 1.1848667957792967e-07 
795.0 0.0 6.507518619395615e-06 1.0921857228767198e-07 
805.0 0.0 6.183341702767271e-06 1.1063924567213011e-07 
815.0 0.0 5.9432128816605465e-06 1.1566477988308889e-07 
825.0 0.0 5.755111294778771e-06 1.0619327220032165e-07 
835.0 0.0 5.727099157902319e-06 9.798444467227334e-08 
845.0 0.0 5.629043109903009e-06 9.77318578015539e-08 
855.0 0.0 5.504976293852365e-06 9.96724321056825e-08 
865.0 0.0 5.4629557399806055e-06 8.861529849275411e-08 
875.0 0.0 5.358897935849809e-06 9.777013575715687e-08 
885.0 0.0 5.312875232775724e-06 1.047621136769121e-07 
895.0 0.0 5.034722284623749e-06 9.37616308218588e-08 
905.0 0.0 4.952677832515948e-06 8.829152255585067e-08 
915.0 0.0 4.8446194569888165e-06 9.881762603331588e-08 
925.0 0.0 4.622499319920418e-06 9.215850419280667e-08 
935.0 0.0 4.782585290185313e-06 9.215775300799737e-08 
945.0 0.0 4.456408258040007e-06 8.322388767658094e-08 
955.0 0.0 4.40838461850674e-06 8.815962854968704e-08 
965.0 0.0 4.256299719091232e-06 7.454340755763686e-08 
975.0 0.0 4.300326258984431e-06 9.527779555597656e-08 
985.0 0.0 4.2262851401644e-06 9.158192384574094e-08 
995.0 0.0 4.024176577777645e-06 1.0092687556744909e-07 
1005.0 0.0 4.082207818651302e-06 8.447332163200785e-08 
1015.0 0.0 4.0862073929669166e-06 9.31807401778579e-08 
1025.0 0.0 3.7360203931218127e-06 8.390499209716822e-08 
1035.0 0.0 3.6819908889844137e-06 9.126314543044851e-08 
1045.0 0.0 3.5699302321300296e-06 7.922446051100333e-08 
1055.0 0.0 3.5339113062395412e-06 8.00043241484752e-08 
1065.0 0.0 3.5319103337318226e-06 8.339385133715489e-08 
1075.0 0.0 3.6039484819061545e-06 8.243361520038211e-08 
1085.0 0.0 3.4418613350577503e-06 7.524723958068944e-08 
1095.0 0.0 3.367821381477273e-06 7.969527432844824e-08 
1105.0 0.0 3.187722647370354e-06 8.353140109619763e-08 
1115.0 0.0 3.2117366835096575e-06 7.996183037130152e-08 
1125.0 0.0 3.179719374125269e-06 8.28405739426021e-08 
1135.0 0.0 3.0856695397288614e-06 6.961853543841886e-08 
1145.0 0.0 3.0056256797396602e-06 8.192140224258691e-08 
1155.0 0.0 2.9175777816483398e-06 7.380602022197114e-08 
1165.0 0.0 2.963603147599805e-06 8.27345053055735e-08 
1175.0 0.0 2.887563442937231e-06 7.663250425564215e-08 
1185.0 0.0 2.7554904025077105e-06 7.465184926069105e-08 
1195.0 0.0 2.803515619761718e-06 6.99801653180269e-08 
1205.0 0.0 2.7875066187189887e-06 8.338765097383154e-08 
1215.0 0.0 2.7334767181470007e-06 6.910014835050105e-08 
1225.0 0.0 2.6994601021290464e-06 7.737222697518286e-08 
1235.0 0.0 2.753489426011528e-06 7.42894862374213e-08 
1245.0 0.0 2.5353705092110403e-06 7.242980963232082e-08 
1255.0 0.0 2.709464740175471e-06 7.272590132416365e-08 
1265.0 0.0 2.573391376585711e-06 8.504127511390008e-08 
1275.0 0.0 2.4473247574412705e-06 6.855647820521653e-08 
1285.0 0.0 2.311249688039105e-06 7.054336843468897e-08 
1295.0 0.0 2.525365891097218e-06 7.285590901183185e-08 
1305.0 0.0 2.275231362745153e-06 7.027535495120648e-08 
1315.0 0.0 2.535370933625918e-06 7.390762145849304e-08 
1325.0 0.0 2.2952405227757067e-06 6.957594238498929e-08 
1335.0 0.0 2.351271567999251e-06 7.127744790731806e-08 
1345.0 0.0 2.307247935291566e-06 7.178582616265154e-08 
1355.0 0.0 2.099134285200612e-06 6.235486305430382e-08 
1365.0 0.0 2.12314844149536e-06 6.702284980423097e-08 
1375.0 0.0 2.239210887121139e-06 5.873074843698201e-08 
1385.0 0.0 2.2131956942987605e-06 6.408553602847867e-08 
1395.0 0.0 2.031097645462688e-06 6.273125193433862e-08 
1405.0 0.0 2.027096437345373e-06 5.477661345355541e-08 
1415.0 0.0 2.093132465002466e-06 6.006070703885834e-08 
1425.0 0.0 1.9470528976099498e-06 6.599674893314911e-08 
1435.0 0.0 1.8730126156993064e-06 6.711943478687445e-08 
1445.0 0.0 1.907030913531191e-06 6.286407540907939e-08 
1455.0 0.0 1.9150357284368914e-06 6.091019361400236e-08 
1465.0 0.0 1.9170381024054806e-06 6.367021365551565e-08 
1475.0 0.0 1.9510548665739866e-06 6.480375576229201e-08 
1485.0 0.0 1.7129256764674363e-06 5.598170840440087e-08 
1495.0 0.0 1.937047995267917e-06 6.61799390343746e-08 
1505.0 0.0 1.863008694399697e-06 6.470035937724213e-08 
1515.0 0.0 1.6849096593284709e-06 6.441967946322174e-08 
1525.0 0.0 1.778961784229928e-06 5.515840750790441e-08 
1535.0 0.0 1.6528935112525314e-06 5.940313198617336e-08 
1545.0 0.0 1.6849118617238344e-06 5.6043350499434164e-08 
1555.0 0.0 1.6488919186623371e-06 5.5102166354446707e-08 
1565.0 0.0 1.7129259847762195e-06 6.065082906432135e-08 
1575.0 0.0 1.5548405185901426e-06 5.3234120190036696e-08 
1585.0 0.0 1.5528407994881422e-06 5.625320708080151e-08 
1595.0 0.0 1.6428880242304187e-06 5.569294552235698e-08 
1605.0 0.0 1.5948626708255364e-06 6.019595200099782e-08 
1615.0 0.0 1.592861502174196e-06 6.238259411970024e-08 
1625.0 0.0 1.54083283834933e-06 5.491133084717154e-08 
1635.0 0.0 1.4307742151310139e-06 5.342373618989684e-08 
1645.0 0.0 1.4367770484371485e-06 5.1980437317175646e-08 
1655.0 0.0 1.3767440262460962e-06 5.704174548127939e-08 
1665.0 0.0 1.5808555111844078e-06 6.131967858401853e-08 
1675.0 0.0 1.4227702652178456e-06 4.997889848571204e-08 
1685.0 0.0 1.432774514863008e-06 5.162016511779602e-08 
1695.0 0.0 1.3727419972461586e-06 5.581691195218781e-08 
1705.0 0.0 1.3787449747335798e-06 5.420619987606673e-08 
1715.0 0.0 1.4647921085691514e-06 5.077238052120423e-08 
1725.0 0.0 1.432775207624187e-06 4.948164711611346e-08 
1735.0 0.0 1.3567328039723436e-06 5.425683958431812e-08 
1745.0 0.0 1.3547326403836311e-06 5.5445059193066715e-08 
1755.0 0.0 1.344726636816552e-06 5.6035708594937446e-08 
1765.0 0.0 1.3827470277819776e-06 5.362700357496646e-08 
1775.0 0.0 1.3347216503583643e-06 5.0628080386928205e-08 
1785.0 0.0 1.2526773223899547e-06 5.13011375130626e-08 
1795.0 0.0 1.2006498358778186e-06 4.9423309695430965e-08 
1805.0 0.0 1.3507307274745773e-06 4.772275240393799e-08 
1815.0 0.0 1.196647178185491e-06 5.0225137498066506e-08 
1825.0 0.0 1.3187135302576085e-06 4.625048362067843e-08 
1835.0 0.0 1.1486208757680775e-06 4.629536063802389e-08 
1845.0 0.0 1.2206599689717006e-06 5.491134522669625e-08 
1855.0 0.0 1.1706317130750596e-06 5.297156198410457e-08 
1865.0 0.0 1.1506224448657906e-06 4.4689732450540854e-08 
1875.0 0.0 1.1906443929215432e-06 4.5664765877894063e-08 
1885.0 0.0 1.1606281320900374e-06 5.922675931057962e-08 
1895.0 0.0 1.1546242576543117e-06 4.464294875109061e-08 
1905.0 0.0 1.194645981468414e-06 4.3239615386049435e-08 
1915.0 0.0 1.0685779447245393e-06 4.83766811600583e-08 
1925.0 0.0 1.0745809622309802e-06 4.3072550095675224e-08 
1935.0 0.0 1.0785834157129136e-06 4.6835284021660896e-08 
1945.0 0.0 1.0705786128553052e-06 4.468946815325258e-08 
1955.0 0.0 1.0405635773822104e-06 4.429605381898407e-08 
1965.0 0.0 1.0705785127424654e-06 4.730122483335764e-08 
1975.0 0.0 1.0065441463117493e-06 4.531958379962375e-08 
1985.0 0.0 1.0365595702205628e-06 4.557690955596298e-08 
1995.0 0.0 9.925365662254267e-07 4.291097201347223e-08 
2005.0 0.0 1.0505688041304025e-06 4.181996824273957e-08 
2015.0 0.0 1.0285556362883099e-06 4.926235852463905e-08 
2025.0 0.0 9.605194090110027e-07 4.675846727875569e-08 
2035.0 0.0 1.0305566608132353e-06 4.880119626256434e-08 
2045.0 0.0 9.78529450611496e-07 4.374047811379524e-08 
2055.0 0.0 9.72526160798892e-07 4.4836730627893645e-08 
2065.0 0.0 9.565174801138073e-07 4.938911631807116e-08 
2075.0 0.0 9.945383515701994e-07 4.654028448710713e-08 
2085.0 0.0 9.224989339812355e-07 4.419580045622069e-08 
2095.0 0.0 9.725258764860498e-07 4.273328104222447e-08 
2105.0 0.0 9.56518080739351e-07 4.126129145574428e-08 
2115.0 0.0 9.385074625032291e-07 4.715883223737563e-08 
2125.0 0.0 9.204985661591308e-07 4.743898033510296e-08 
2135.0 0.0 9.785291022266088e-07 4.119467348122594e-08 
2145.0 0.0 9.26500498484712e-07 4.097618438273193e-08 
2155.0 0.0 8.484593928680767e-07 4.013365124418311e-08 
2165.0 0.0 8.364528652893223e-07 4.341764136445409e-08 
2175.0 0.0 9.48513502130414e-07 4.136203908447168e-08 
2185.0 0.0 8.304484462599263e-07 3.9352986894041586e-08 
2195.0 0.0 8.324494988073031e-07 3.918422177569854e-08 
2205.0 0.0 8.304492992141591e-07 3.747697875811604e-08 
2215.0 0.0 8.884801516045796e-07 4.350402834623651e-08 
2225.0 0.0 8.624654192580005e-07 4.0488530770937236e-08 
2235.0 0.0 8.464566304386091e-07 3.940185942245246e-08 
2245.0 0.0 8.304490309156615e-07 4.0555847038202433e-08 
2255.0 0.0 8.244464338532119e-07 3.872817714350984e-08 
2265.0 0.0 7.644131954418007e-07 4.162816947170509e-08 
2275.0 0.0 8.084372886452862e-07 3.991346923592756e-08 
2285.0 0.0 7.764190062180003e-07 4.238139648990255e-08 
2295.0 0.0 7.884265588906234e-07 3.794895911563857e-08 
2305.0 0.0 7.484047389989287e-07 3.728895738102713e-08 
2315.0 0.0 7.964305448650022e-07 4.139679983879244e-08 
2325.0 0.0 7.72417950245732e-07 3.7652319249427596e-08 
2335.0 0.0 7.323959381497629e-07 3.8306042700567894e-08 
2345.0 0.0 7.564093456297729e-07 3.379163434262178e-08 
2355.0 0.0 7.724169771957855e-07 3.6243158580806786e-08 
2365.0 0.0 7.404000282259597e-07 4.144699685220198e-08 
2375.0 0.0 7.724178061111603e-07 4.1785799436842724e-08 
2385.0 0.0 6.68361035117308e-07 3.5257662013277045e-08 
2395.0 0.0 6.983779246119692e-07 3.9568371515759384e-08 
2405.0 0.0 7.363984637190057e-07 3.622792784736206e-08 
2415.0 0.0 6.843703965738635e-07 3.386269513324654e-08 
2425.0 0.0 6.643596307733257e-07 3.6885225807008217e-08 
2435.0 0.0 7.323956217996396e-07 3.73532404611184e-08 
2445.0 0.0 7.123856688904032e-07 4.304144784518688e-08 
2455.0 0.0 6.883724496024518e-07 3.725673248011707e-08 
2465.0 0.0 7.203895667504184e-07 3.5908124819565415e-08 
2475.0 0.0 7.023789405360028e-07 3.378128046497134e-08 
2485.0 0.0 7.063820026673352e-07 4.036581665644391e-08 
2495.0 0.0 6.683612112973975e-07 3.5596707417790604e-08 
2505.0 0.0 7.123852244060953e-07 4.1718618453966853e-08 
2515.0 0.0 6.683615756919982e-07 3.6154898032461356e-08 
2525.0 0.0 6.323418128679202e-07 3.719203613275473e-08 
2535.0 0.0 6.483504374999276e-07 3.5921530037674336e-08 
2545.0 0.0 6.403463434350885e-07 3.890549851384169e-08 
2555.0 0.0 6.843692953633047e-07 3.648110373468689e-08 
2565.0 0.0 6.46349432985554e-07 3.8162993231786275e-08 
2575.0 0.0 5.923200169891854e-07 3.601054630266946e-08 
2585.0 0.0 6.303406642076924e-07 3.52752096014136e-08 
2595.0 0.0 6.243376667179399e-07 3.841654100609682e-08 
2605.0 0.0 5.803147588015198e-07 3.4486242467534155e-08 
2615.0 0.0 5.663062096524505e-07 3.2024227673355564e-08 
2625.0 0.0 6.343429334746378e-07 4.052425787237818e-08 
2635.0 0.0 5.983233187938534e-07 3.5175232572831816e-08 
2645.0 0.0 5.322873031411002e-07 3.491521338239541e-08 
2655.0 0.0 5.963220419896163e-07 3.2756657224369757e-08 
2665.0 0.0 5.763110199133998e-07 3.2548160352335285e-08 
2675.0 0.0 5.32288804779394e-07 3.410322264201469e-08 
2685.0 0.0 5.603032241772154e-07 3.300272594491629e-08 
2695.0 0.0 5.743104919524262e-07 3.271680313138765e-08 
2705.0 0.0 5.482966806024814e-07 3.069176151609087e-08 
2715.0 0.0 5.723091630890749e-07 3.28835131473672e-08 
2725.0 0.0 5.362910099933498e-07 3.124279973836881e-08 
2735.0 0.0 5.583024759487129e-07 3.5038426249290514e-08 
2745.0 0.0 5.362898767453982e-07 3.249892585072705e-08 
2755.0 0.0 4.842621579919213e-07 3.4332375094439267e-08 
2765.0 0.0 4.6825217185638024e-07 2.9439526714524928e-08 
2775.0 0.0 5.623040244645913e-07 3.172776471625472e-08 
2785.0 0.0 5.202817646657252e-07 3.263674154351527e-08 
2795.0 0.0 5.202813442052107e-07 3.431145302967904e-08 
2805.0 0.0 5.342893047315061e-07 3.035529609292916e-08 
2815.0 0.0 5.82315723260302e-07 3.603023098357228e-08 
2825.0 0.0 5.422931024942428e-07 3.279511551625641e-08 
2835.0 0.0 5.202814483259235e-07 2.7727937258630742e-08 
2845.0 0.0 4.522444762217844e-07 2.6185932535084886e-08 
2855.0 0.0 5.502975809958544e-07 3.0919776216351124e-08 
2865.0 0.0 5.202815484203807e-07 2.858118555980382e-08 
2875.0 0.0 5.402931351200019e-07 3.2452291202525024e-08 
2885.0 0.0 4.6225001127109775e-07 3.284387898198629e-08 
2895.0 0.0 5.282859148238836e-07 2.948064884403241e-08 
2905.0 0.0 4.442397934889767e-07 3.208967842882058e-08 
2915.0 0.0 4.662516959377898e-07 2.844825745399566e-08 
2925.0 0.0 4.422384205906713e-07 2.903906126345728e-08 
2935.0 0.0 5.062741965762435e-07 3.389524195144701e-08 
2945.0 0.0 4.922662320645602e-07 2.9602503689763e-08 
2955.0 0.0 4.642504992118496e-07 3.175101910150832e-08 
2965.0 0.0 4.882636584402931e-07 3.052144543969319e-08 
2975.0 0.0 3.9621474844593854e-07 2.6694839244432662e-08 
2985.0 0.0 4.582473816023439e-07 3.103868894526776e-08 
2995.0 0.0 5.522985134158177e-07 3.513245389667991e-08 
3005.0 0.0 4.722553300955317e-07 3.132441765441115e-08 
3015.0 0.0 4.7225571454328184e-07 3.054794112209128e-08 
3025.0 0.0 4.182265507823934e-07 2.6561798044027358e-08 
3035.0 0.0 4.482430318216978e-07 3.0626428543885947e-08 
3045.0 0.0 4.302323254940642e-07 3.2436642984852937e-08 
3055.0 0.0 4.2022737509524616e-07 2.947778211195544e-08 
3065.0 0.0 4.962686975579167e-07 3.3541845237655254e-08 
3075.0 0.0 4.4824237511781946e-07 2.8457617839462626e-08 
3085.0 0.0 4.4023795668868165e-07 2.7727902000697817e-08 
3095.0 0.0 4.122233330675171e-07 3.249163171541087e-08 
3105.0 0.0 4.3423512337291535e-07 3.0748438909878086e-08 
3115.0 0.0 4.642511399155812e-07 2.939341584654877e-08 
3125.0 0.0 4.14224305521725e-07 2.9580201216206892e-08 
3135.0 0.0 4.522442279464029e-07 3.056079271194219e-08 
3145.0 0.0 3.802056232567055e-07 2.988250662640162e-08 
3155.0 0.0 4.242290196922284e-07 2.8898800720336335e-08 
3165.0 0.0 3.822069480995392e-07 2.5326977303731e-08 
3175.0 0.0 4.1822602621530126e-07 3.127001386546834e-08 
3185.0 0.0 4.842619457598994e-07 2.983963123272915e-08 
3195.0 0.0 4.302327459620148e-07 2.9187667082428713e-08 
3205.0 0.0 3.862091773406542e-07 3.024949402747994e-08 
3215.0 0.0 4.2422991267030427e-07 2.5980350513175967e-08 
3225.0 0.0 3.782047308725729e-07 2.7275781269905413e-08 
3235.0 0.0 3.7820453065896215e-07 2.449099474539068e-08 
3245.0 0.0 4.0221804225635193e-07 2.8928729736147973e-08 
3255.0 0.0 4.2422946016649934e-07 2.917465986762717e-08 
3265.0 0.0 4.242296884275632e-07 2.7185389393840638e-08 
3275.0 0.0 3.942131553102011e-07 2.5852658257443392e-08 
3285.0 0.0 3.561928164236986e-07 2.6634815929583244e-08 
3295.0 0.0 3.722014570861415e-07 2.8862900339195614e-08 
3305.0 0.0 4.0822062729415626e-07 2.6078567094692942e-08 
3315.0 0.0 4.342353235746991e-07 3.276591900387787e-08 
3325.0 0.0 3.802055151550763e-07 2.736441758697278e-08 
3335.0 0.0 3.5218995851088537e-07 2.53306965073801e-08 
3345.0 0.0 3.722014050323643e-07 2.729405450554244e-08 
3355.0 0.0 3.6619801111178794e-07 2.435322246170327e-08 
3365.0 0.0 3.882099255788683e-07 2.5441218608486307e-08 
3375.0 0.0 3.7620374639388e-07 2.8055178044525315e-08 
3385.0 0.0 3.461872172943596e-07 2.5914544459749623e-08 
3395.0 0.0 3.401840155802704e-07 2.808658107235047e-08 
3405.0 0.0 3.722013209505368e-07 2.9001317010051887e-08 
3415.0 0.0 3.942130832297177e-07 3.0407876316234884e-08 
3425.0 0.0 3.581935886680296e-07 2.567240168293565e-08 
3435.0 0.0 3.561921917510593e-07 2.7666977924360562e-08 
3445.0 0.0 3.201733258692267e-07 2.367723378511586e-08 
3455.0 0.0 3.722016092471655e-07 2.6247055022265774e-08 
3465.0 0.0 3.6819861116979995e-07 2.909762663083638e-08 
3475.0 0.0 3.5219054313804656e-07 2.5645139170433104e-08 
3485.0 0.0 3.3217932485120414e-07 2.5188108194304704e-08 
3495.0 0.0 3.8220630740383643e-07 2.318056691144481e-08 
3505.0 0.0 3.521901947665891e-07 2.7889007083747985e-08 
3515.0 0.0 3.862087769107717e-07 2.889533420223754e-08 
3525.0 0.0 3.581939210236352e-07 2.703975953597565e-08 
3535.0 0.0 3.661975986723891e-07 2.8307309045488008e-08 
3545.0 0.0 3.2817716768773624e-07 2.3253811950549205e-08 
3555.0 0.0 3.161707602565721e-07 2.3367231342862437e-08 
3565.0 0.0 3.361822668741787e-07 2.5763603608934217e-08 
3575.0 0.0 3.62196166291307e-07 2.665215390874991e-08 
3585.0 0.0 3.58193608697588e-07 2.7334357534071296e-08 
3595.0 0.0 3.581937728724239e-07 2.5040710173690564e-08 
3605.0 0.0 3.2217354551519966e-07 2.6831549011959202e-08 
3615.0 0.0 3.3217956911579525e-07 2.438038154030947e-08 
3625.0 0.0 3.2817770026855575e-07 2.5235844419091036e-08 
3635.0 0.0 3.341805936472908e-07 2.9280762162675635e-08 
3645.0 0.0 3.141702362936481e-07 2.4221512229092078e-08 
3655.0 0.0 3.101675865851917e-07 2.3740429673098133e-08 
3665.0 0.0 3.461873934907961e-07 2.7269865028348802e-08 
3675.0 0.0 2.8615445941433345e-07 2.388838770134139e-08 
3685.0 0.0 3.021635525649559e-07 2.201103836261631e-08 
3695.0 0.0 2.7214734382019435e-07 2.1086596700611132e-08 
3705.0 0.0 3.321795050424526e-07 2.7469506248201666e-08 
3715.0 0.0 2.8015118162408326e-07 2.401288358665014e-08 
3725.0 0.0 2.8615449544923023e-07 2.4712288081351052e-08 
3735.0 0.0 2.8015180631055337e-07 2.2815945521085573e-08 
3745.0 0.0 2.701462111734304e-07 2.2350464934320024e-08 
3755.0 0.0 3.081670545987163e-07 2.4082954578840796e-08 
3765.0 0.0 3.321798294015905e-07 2.5028755529972074e-08 
3775.0 0.0 2.9816104703214623e-07 2.475120683686867e-08 
3785.0 0.0 3.201730055240998e-07 2.4832752856749823e-08 
3795.0 0.0 3.481877773131265e-07 2.618577044429823e-08 
3805.0 0.0 3.061648648089766e-07 2.1263208219922268e-08 
3815.0 0.0 3.0816687441081736e-07 2.506076164452598e-08 
3825.0 0.0 3.1016746244613875e-07 2.5371191784106612e-08 
3835.0 0.0 3.2217415018155076e-07 2.545312620838181e-08 
3845.0 0.0 2.741477236313666e-07 2.1300824118001156e-08 
3855.0 0.0 2.7014609905160295e-07 1.9885364652420086e-08 
3865.0 0.0 2.641426931242829e-07 2.652922651158948e-08 
3875.0 0.0 2.6814519465152674e-07 2.438040257960493e-08 
3885.0 0.0 3.101682593166687e-07 2.456942112022345e-08 
3895.0 0.0 2.761494849450213e-07 2.206278144280087e-08 
3905.0 0.0 2.6814555904843526e-07 2.320226679983579e-08 
3915.0 0.0 2.461334724050358e-07 2.0378713824598788e-08 
3925.0 0.0 2.601404478632939e-07 2.3077560043413448e-08 
3935.0 0.0 2.581396035287833e-07 2.1607100323391047e-08 
3945.0 0.0 2.8815572019178916e-07 2.3046321018526966e-08 
3955.0 0.0 2.4813362000132766e-07 2.4527541775529604e-08 
3965.0 0.0 3.0816613359115307e-07 2.408285549174888e-08 
3975.0 0.0 2.701461831471803e-07 2.3908550213932922e-08 
3985.0 0.0 2.881556961605754e-07 2.1796148127944115e-08 
3995.0 0.0 2.82152758734562e-07 2.265645368368289e-08 
4005.0 0.0 2.501352972125779e-07 1.8851625262350775e-08 
4015.0 0.0 2.1211482217631976e-07 2.095316939555916e-08 
4025.0 0.0 2.8215207800257926e-07 2.452354976172221e-08 
4035.0 0.0 2.5213685833214175e-07 2.428172972013103e-08 
4045.0 0.0 2.3212572012258667e-07 2.1500228565691735e-08 
4055.0 0.0 2.6614401395922704e-07 2.435329430724984e-08 
4065.0 0.0 2.801518984103387e-07 2.333651651998688e-08 
4075.0 0.0 2.261222421122188e-07 2.0535228800655767e-08 
4085.0 0.0 2.52136497929981e-07 1.932259229276654e-08 
4095.0 0.0 2.2412145384304538e-07 2.1971844830483525e-08 
4105.0 0.0 2.2212038127325742e-07 1.9788566878406353e-08 
4115.0 0.0 2.461325434096919e-07 2.365249046584471e-08 
4125.0 0.0 2.621420169773371e-07 2.557876122311192e-08 
4135.0 0.0 2.2612234222666082e-07 2.185765450590445e-08 
4145.0 0.0 2.6614370162547126e-07 2.264939494064698e-08 
4155.0 0.0 2.481339843741648e-07 2.12000995278171e-08 
4165.0 0.0 2.3212587629114706e-07 2.0934041843254096e-08 
4175.0 0.0 2.6614381776507605e-07 2.4841558366281028e-08 
4185.0 0.0 2.1411594281315042e-07 2.0061820583876976e-08 
4195.0 0.0 2.40129926331834e-07 2.2283121683332925e-08 
4205.0 0.0 2.501353172378415e-07 2.2350378099371473e-08 
4215.0 0.0 2.4413224367380347e-07 2.128686862160715e-08 
4225.0 0.0 2.3012473163757439e-07 2.162189587486063e-08 
4235.0 0.0 2.1611717555389112e-07 1.9126875752577034e-08 
4245.0 0.0 2.481345009443252e-07 2.1759481099102025e-08 
4255.0 0.0 2.4213111503552126e-07 2.1043759579911706e-08 
4265.0 0.0 2.5013520111274024e-07 1.9682902029680395e-08 
4275.0 0.0 2.2212024112607774e-07 2.1157597484203155e-08 
4285.0 0.0 2.0411061196817334e-07 2.2987270405889072e-08 
4295.0 0.0 2.0010801833710585e-07 1.9809669311064936e-08 
4305.0 0.0 1.881016869919906e-07 1.8518420406526358e-08 
4315.0 0.0 2.121150504303479e-07 1.9773412915841477e-08 
4325.0 0.0 2.12114625976624e-07 2.0174294965769133e-08 
4335.0 0.0 2.2011941280894124e-07 2.1082763732574445e-08 
4345.0 0.0 2.181181760644302e-07 1.7694622810436752e-08 
4355.0 0.0 2.0811260495502705e-07 1.9590197423922105e-08 
4365.0 0.0 2.101133732047383e-07 2.1248240328682747e-08 
4375.0 0.0 1.7409415894963798e-07 1.932984382138185e-08 
4385.0 0.0 2.2612206992524223e-07 2.222102426122383e-08 
4395.0 0.0 1.9810681361402493e-07 1.755821473841702e-08 
4405.0 0.0 1.8810192725000654e-07 1.894598299620925e-08 
4415.0 0.0 2.4413222363956527e-07 2.16598672689065e-08 
4425.0 0.0 2.4013000642612506e-07 2.2462109949937267e-08 
4435.0 0.0 2.181174833075295e-07 1.9828830464022834e-08 
4445.0 0.0 1.9210394827258135e-07 1.7195355275199033e-08 
4455.0 0.0 2.1611677112429284e-07 2.2225522230863488e-08 
4465.0 0.0 2.1211500238508479e-07 1.9569759139795934e-08 
4475.0 0.0 2.2812289423532243e-07 2.001471881130943e-08 
4485.0 0.0 2.0411031565557417e-07 1.960246675197087e-08 
4495.0 0.0 2.081124007250807e-07 1.9176999862276605e-08 
4505.0 0.0 1.840996940103617e-07 2.0344206612671103e-08 
4515.0 0.0 2.0611118801096588e-07 2.0883212840443677e-08 
4525.0 0.0 2.0811244077350838e-07 1.9384674662057707e-08 
4535.0 0.0 2.1211443777156828e-07 2.0761103529394883e-08 
4545.0 0.0 1.9210351980343575e-07 1.8322711993403895e-08 
4555.0 0.0 2.3212567207472707e-07 2.0352079593741205e-08 
4565.0 0.0 2.6014073617856044e-07 2.2551011764453976e-08 
4575.0 0.0 2.2011887222276048e-07 2.1082694367744674e-08 
4585.0 0.0 1.901028676878961e-07 2.374053965751001e-08 
4595.0 0.0 2.1611701538003746e-07 1.9541107482228808e-08 
4605.0 0.0 2.0611103984816733e-07 1.7999648494637267e-08 
4615.0 0.0 2.081124808170318e-07 2.1722591281708078e-08 
4625.0 0.0 2.0010827060470257e-07 1.919368484582335e-08 
4635.0 0.0 1.921035678542761e-07 1.7426624990430348e-08 
4645.0 0.0 1.8009744474252515e-07 1.7097284433692332e-08 
4655.0 0.0 1.7209315044509963e-07 1.7902716732859375e-08 
4665.0 0.0 1.981067495421724e-07 1.9503018527696303e-08 
4675.0 0.0 1.9810699782327505e-07 1.9909475514369802e-08 
4685.0 0.0 1.9810722204495776e-07 2.1081763226099375e-08 
4695.0 0.0 1.7409433513939134e-07 1.7594766184642113e-08 
4705.0 0.0 1.7009186964406335e-07 1.8637978500582738e-08 
4715.0 0.0 1.8009709636962578e-07 2.030869781691177e-08 
4725.0 0.0 2.0411051586915325e-07 1.64964774904804e-08 
4735.0 0.0 1.8610031409995138e-07 1.9861083067548113e-08 
4745.0 0.0 1.6809099728075477e-07 2.1124530091838586e-08 
4755.0 0.0 1.941048366499626e-07 1.7999739399907854e-08 
4765.0 0.0 2.0811235268448106e-07 2.0194032879793292e-08 
4775.0 0.0 1.7209323853669116e-07 1.626180906616658e-08 
4785.0 0.0 1.660898245991854e-07 1.8569140163734576e-08 
4795.0 0.0 1.7209270996156528e-07 1.7449579779161354e-08 
4805.0 0.0 1.72092850131775e-07 1.7677574052816922e-08 
4815.0 0.0 1.700918215919569e-07 1.6831705789502883e-08 
4825.0 0.0 1.6208763540837337e-07 1.782985804922013e-08 
4835.0 0.0 2.0010795025648243e-07 1.9809649893836154e-08 
4845.0 0.0 1.520821323737756e-07 1.770022208684265e-08 
4855.0 0.0 1.600863065519289e-07 1.6008643172039896e-08 
4865.0 0.0 1.8209853334060105e-07 1.676493824052411e-08 
4875.0 0.0 1.861007305504931e-07 2.141348552113719e-08 
4885.0 0.0 1.5008091565739655e-07 1.7300845057133366e-08 
4895.0 0.0 1.8209840119894283e-07 1.8360931239877298e-08 
4905.0 0.0 1.7409381457435495e-07 2.053514297530743e-08 
4915.0 0.0 2.0010813446491515e-07 1.9809649895733306e-08 
4925.0 0.0 1.4808015140855494e-07 1.735760149747894e-08 
4935.0 0.0 2.0811242476129443e-07 1.7880287152316172e-08 
4945.0 0.0 1.720929502226744e-07 1.524504812238555e-08 
4955.0 0.0 1.700918656356933e-07 1.968295112279501e-08 
4965.0 0.0 1.881017030062236e-07 1.8300889213292055e-08 
4975.0 0.0 1.760949592307321e-07 2.0656746161030346e-08 
4985.0 0.0 1.520825968764079e-07 1.7008062617142867e-08 
4995.0 0.0 1.8009695221234485e-07 1.929762783237381e-08 
5005.0 0.0 1.8409965796892608e-07 1.6904112520928895e-08 
5015.0 0.0 1.901027355471038e-07 1.8637984629272896e-08 
5025.0 0.0 1.6608982860803637e-07 1.813272034086978e-08 
5035.0 0.0 1.941048566661711e-07 1.990146435696697e-08 
5045.0 0.0 1.4007568091384396e-07 1.686137001874838e-08 
5055.0 0.0 1.6608943217264544e-07 1.8352147777575897e-08 
5065.0 0.0 1.68090985269395e-07 1.9343354844104215e-08 
5075.0 0.0 1.8610050229909347e-07 1.5306606455354407e-08 
5085.0 0.0 1.6608982460205426e-07 1.8569101327199823e-08 
5095.0 0.0 1.4407800625159088e-07 1.4996166978822917e-08 
5105.0 0.0 1.780961279121688e-07 2.1345955228651644e-08 
5115.0 0.0 1.640887920706615e-07 1.7983051247889687e-08 
5125.0 0.0 1.540834251868291e-07 1.8953388849800286e-08 
5135.0 0.0 1.620875152673538e-07 1.9544124293127993e-08 
5145.0 0.0 1.5408342118523786e-07 1.764017556497697e-08 
5155.0 0.0 1.480803556240776e-07 1.8036431679751615e-08 
5165.0 0.0 1.7009214995025031e-07 1.7757887806852834e-08 
5175.0 0.0 1.9010262342510008e-07 1.753084539937633e-08 
5185.0 0.0 1.6008675503266766e-07 1.8557251609000353e-08 
5195.0 0.0 1.4407795420287767e-07 1.6276563951993578e-08 
5205.0 0.0 1.320714266515923e-07 1.555704303256168e-08 
5215.0 0.0 1.4407743763239697e-07 2.0026737872148434e-08 
5225.0 0.0 1.480799672045933e-07 1.78130030989613e-08 
5235.0 0.0 1.5208233659800052e-07 1.747258257667073e-08 
5245.0 0.0 1.540830567944033e-07 1.6221071474985375e-08 
5255.0 0.0 1.6608986864917214e-07 1.8352233586574646e-08 
5265.0 0.0 1.4007564487268057e-07 1.562892990849795e-08 
5275.0 0.0 1.5808561037374237e-07 2.179162786259124e-08 
5285.0 0.0 1.5808541817316957e-07 1.5317098879383917e-08 
5295.0 0.0 1.4407770192221943e-07 1.676131612988435e-08 
5305.0 0.0 1.540831328804844e-07 1.9576810071268352e-08 
5315.0 0.0 1.560844056694764e-07 1.7115972350856737e-08 
5325.0 0.0 1.4207642512437664e-07 1.608220571398403e-08 
5335.0 0.0 1.3007016186722468e-07 1.6831660278516777e-08 
5345.0 0.0 1.4007575298826938e-07 1.5883075856650922e-08 
5355.0 0.0 1.660898966752458e-07 1.6514671994244845e-08 
5365.0 0.0 1.6008665493697642e-07 1.7445040158578982e-08 
5375.0 0.0 1.5808527001532336e-07 1.7964047545268364e-08 
5385.0 0.0 1.54083084824644e-07 1.8740802054897365e-08 
5395.0 0.0 1.200653395678951e-07 1.6256931616903607e-08 
5405.0 0.0 1.4607904278596895e-07 1.5972333303200095e-08 
5415.0 0.0 1.360736719055137e-07 1.5469294342566255e-08 
5425.0 0.0 1.4007581705544219e-07 1.5883096440278155e-08 
5435.0 0.0 1.2606807677859917e-07 1.5410900364058492e-08 
5445.0 0.0 1.5808539014416312e-07 1.6812621887922465e-08 
5455.0 0.0 1.440779782244115e-07 1.6520754710593026e-08 
5465.0 0.0 1.4607911887067162e-07 1.7180238863551935e-08 
5475.0 0.0 1.3407256328505905e-07 1.6022424964502354e-08 
5485.0 0.0 1.0005406522696652e-07 1.400755750862608e-08 
5495.0 0.0 1.800974087138625e-07 1.8230702913795668e-08 
5505.0 0.0 1.3207118238414854e-07 1.58122791437302e-08 
5515.0 0.0 1.3607325145331675e-07 1.6951369757842667e-08 
5525.0 0.0 1.30070398120108e-07 1.585157979281729e-08 
5535.0 0.0 1.5208244070342408e-07 1.6286417587007324e-08 
5545.0 0.0 1.2806912131764963e-07 1.613818119489152e-08 
5555.0 0.0 1.5208147966603973e-07 1.8146939686143338e-08 
5565.0 0.0 1.6208747923064565e-07 1.8919514899208765e-08 
5575.0 0.0 1.3607357179826744e-07 1.647220371567662e-08 
5585.0 0.0 1.4607925101521438e-07 1.5719672355665765e-08 
5595.0 0.0 1.1005929996406052e-07 1.3682149418637356e-08 
5605.0 0.0 1.4007568090869945e-07 1.537060569484548e-08 
5615.0 0.0 1.2006503523836347e-07 1.6256893958995883e-08 
5625.0 0.0 1.2606831303816499e-07 1.5410959552828102e-08 
5635.0 0.0 1.1606240156686491e-07 1.554667690600894e-08 
5645.0 0.0 1.5008120395448945e-07 1.9062878048655357e-08 
5655.0 0.0 1.3407241112179174e-07 1.6992664942117525e-08 
5665.0 0.0 1.300704021209778e-07 1.683173501915922e-08 
5675.0 0.0 1.6208790770177862e-07 1.5159465980586068e-08 
5685.0 0.0 1.1606278597887643e-07 1.4753840960521677e-08 
5695.0 0.0 1.3607365588177704e-07 1.6472242980888222e-08 
5705.0 0.0 1.4207666938869537e-07 1.6812618536756726e-08 
5715.0 0.0 1.1005939606835355e-07 1.3682165113413813e-08 
5725.0 0.0 1.3807456428703409e-07 1.489291573016111e-08 
5735.0 0.0 1.4607893466953086e-07 1.5201643011975396e-08 
5745.0 0.0 1.4607887460774719e-07 1.8088486973332262e-08 
5755.0 0.0 1.0405666286717359e-07 1.371297452295573e-08 
5765.0 0.0 1.3407241113022162e-07 1.6022359682432292e-08 
5775.0 0.0 1.0205524992507228e-07 1.4839081669525054e-08 
5785.0 0.0 1.0605766336923478e-07 1.4555777156846073e-08 
5795.0 0.0 1.2606812883125476e-07 1.592211965223154e-08 
5805.0 0.0 1.2806900519839793e-07 1.4845784914517735e-08 
5815.0 0.0 1.300703260446566e-07 1.5851564477663378e-08 
5825.0 0.0 1.2206607177496891e-07 1.4676292932574117e-08 
5835.0 0.0 1.3207142264234054e-07 1.503344966941716e-08 
5845.0 0.0 1.240672724961222e-07 1.5700491116633237e-08 
5855.0 0.0 1.1206081701838076e-07 1.532366807713568e-08 
5865.0 0.0 1.2206603974667925e-07 1.5729818268960325e-08 
5875.0 0.0 1.460789346686493e-07 1.8525954125452483e-08 
5885.0 0.0 9.004857821977509e-08 1.3386298458981517e-08 
5895.0 0.0 1.1806393463311056e-07 1.6524412398035226e-08 
5905.0 0.0 1.2206587156664666e-07 1.4946603200411255e-08 
5915.0 0.0 1.2606779246822467e-07 1.6659463815078268e-08 
5925.0 0.0 1.240670122060637e-07 1.464487269779398e-08 
5935.0 0.0 1.120606768745184e-07 1.4240121431628069e-08 
5945.0 0.0 1.1806398669546203e-07 1.3891357763276817e-08 
5955.0 0.0 1.1406177346733047e-07 1.4774174787837791e-08 
5965.0 0.0 1.2606770036651644e-07 1.5922059466694293e-08 
5975.0 0.0 9.805290455561909e-08 1.281161140955162e-08 
5985.0 0.0 1.2406695615992606e-07 1.6447736278322362e-08 
5995.0 0.0 1.3407232303186712e-07 1.5770462986593444e-08 
6005.0 0.0 1.420770097603679e-07 1.751263821990081e-08 
6015.0 0.0 1.0005409726124999e-07 1.3121951003413908e-08 
6025.0 0.0 1.420770858462247e-07 1.5576402253412755e-08 
6035.0 0.0 1.2806930952764132e-07 1.686615928033593e-08 
6045.0 0.0 1.0005392507592418e-07 1.3121917112961005e-08 
6055.0 0.0 1.1806389860066554e-07 1.4456367222911426e-08 
6065.0 0.0 1.4207662133511446e-07 1.6082245677757876e-08 
6075.0 0.0 1.2006492712915305e-07 1.6008702334795416e-08 
6085.0 0.0 1.200649111027241e-07 1.5756551531246795e-08 
6095.0 0.0 1.0205492156576907e-07 1.3422145322337621e-08 
6105.0 0.0 9.805280845885829e-08 1.6131937775115666e-08 
6115.0 0.0 1.1206041258652275e-07 1.6088440470454364e-08 
6125.0 0.0 1.440778140370594e-07 1.5776842599247017e-08 
6135.0 0.0 1.2406718039576e-07 1.3800230241415062e-08 
6145.0 0.0 9.805260823967025e-08 1.4289107979459856e-08 
6155.0 0.0 1.0405640659054952e-07 1.2490373734298005e-08 
6165.0 0.0 1.7409395072088923e-07 1.8044123448019968e-08 
6175.0 0.0 1.2606818490061434e-07 1.5922118235933166e-08 
6185.0 0.0 1.120603765415934e-07 1.5323616621364225e-08 
6195.0 0.0 1.320715908220047e-07 1.4764711429352642e-08 
6205.0 0.0 9.204963077138325e-08 1.3695339222013935e-08 
6215.0 0.0 1.0805836754667706e-07 1.534969101283966e-08 
6225.0 0.0 1.0005415733356273e-07 1.3718734834294257e-08 
6235.0 0.0 1.0605685849811908e-07 1.5095810011891625e-08 
6245.0 0.0 1.1806349416212472e-07 1.4730657180442985e-08 
6255.0 0.0 1.0805857977929253e-07 1.508665827728901e-08 
6265.0 0.0 1.0805842760443819e-07 1.508664367828271e-08 
6275.0 0.0 1.2406694013364146e-07 1.595352340213311e-08 
6285.0 0.0 1.0605749117937363e-07 1.587181127325178e-08 
6295.0 0.0 1.1005992465019442e-07 1.73011430268895e-08 
6305.0 0.0 1.0605750319621474e-07 1.3108258436328418e-08 
6315.0 0.0 1.0205524591683021e-07 1.2811649105285398e-08 
6325.0 0.0 1.1406161729623776e-07 1.582119386447215e-08 
6335.0 0.0 1.1206072892550735e-07 1.3956060960460498e-08 
6345.0 0.0 1.0405661481067593e-07 1.4562674440749589e-08 
6355.0 0.0 1.2206605977224714e-07 1.5982400042869293e-08 
6365.0 0.0 1.060573029735166e-07 1.509592581616625e-08 
6375.0 0.0 7.804195456203333e-08 1.383348804521619e-08 
6385.0 0.0 1.300701938929344e-07 1.6592062502003788e-08 
6395.0 0.0 1.2206613985155357e-07 1.4946659023582557e-08 
6405.0 0.0 1.1005939206418228e-07 1.58515239347548e-08 
6415.0 0.0 1.2806933755408352e-07 1.5375832477838997e-08 
6425.0 0.0 1.0805823939877343e-07 1.5608399352556627e-08 
6435.0 0.0 1.1206050869329995e-07 1.4240025500150875e-08 
6445.0 0.0 1.2006496716924703e-07 1.4974727240936572e-08 
6455.0 0.0 1.020552098784876e-07 1.3717275465515507e-08 
6465.0 0.0 1.0805858377562696e-07 1.3984707226013027e-08 
6475.0 0.0 1.0605695459829337e-07 1.455566970256487e-08 
6485.0 0.0 7.404026190618179e-08 1.1549238718397769e-08 
6495.0 0.0 1.4007558880885024e-07 1.8449030602102563e-08 
6505.0 0.0 1.1406157725082313e-07 1.4221740534282092e-08 
6515.0 0.0 8.804752967237055e-08 1.275678796881048e-08 
6525.0 0.0 1.1206049266959538e-07 1.3369825306669583e-08 
6535.0 0.0 9.004863027475484e-08 1.308373667907276e-08 
6545.0 0.0 1.1406152519888855e-07 1.5566038742716033e-08 
6555.0 0.0 9.004863427866968e-08 1.425550544183554e-08 
6565.0 0.0 9.004868232499065e-08 1.3682183706891343e-08 
6575.0 0.0 1.0605739106781655e-07 1.5617422676410395e-08 
6585.0 0.0 1.1606271390179052e-07 1.391578671459859e-08 
6595.0 0.0 1.2006486305968865e-07 1.7213890581200894e-08 
6605.0 0.0 1.000539210713843e-07 1.342363903370977e-08 
6615.0 0.0 1.020552178940579e-07 1.5627702597421007e-08 
6625.0 0.0 1.1606281000145189e-07 1.4479921060106327e-08 
6635.0 0.0 1.020553220027028e-07 1.3717305678705652e-08 
6645.0 0.0 9.405083148067697e-08 1.3108230661974964e-08 
6655.0 0.0 9.605192007573976e-08 1.612831564910874e-08 
6665.0 0.0 9.405075140278094e-08 1.2482299408878355e-08 
6675.0 0.0 1.1005954823578776e-07 1.4255523402383161e-08 
6685.0 0.0 8.404532445501745e-08 1.1729804772380226e-08 
6695.0 0.0 9.805300466506091e-08 1.3422159752349194e-08 
6705.0 0.0 1.1206056474196948e-07 1.4518558684232722e-08 
6715.0 0.0 1.1406193765102859e-07 1.556610787329576e-08 
6725.0 0.0 8.004332345874793e-08 1.1668203935804244e-08 
6735.0 0.0 8.804768183502917e-08 1.3956014614346532e-08 
6745.0 0.0 1.0205492957460839e-07 1.4006093450493243e-08 
6755.0 0.0 1.0005392507334402e-07 1.429055414448824e-08 
6765.0 0.0 1.1806397067526732e-07 1.5264756955203534e-08 
6775.0 0.0 1.1005970440389962e-07 1.2774091371816436e-08 
6785.0 0.0 1.0005390905850192e-07 1.3121962300683237e-08 
6795.0 0.0 9.204992709125841e-08 1.2788188026931587e-08 
6805.0 0.0 8.004321934654516e-08 1.2006477764057724e-08 
6815.0 0.0 1.0205524191846056e-07 1.3422211711298439e-08 
6825.0 0.0 1.3407226295913771e-07 1.6022357573947382e-08 
6835.0 0.0 8.60465371797899e-08 1.3937367688180481e-08 
6845.0 0.0 7.804217079793853e-08 1.2301370251238018e-08 
6855.0 0.0 1.0805813128312058e-07 1.3695311699493267e-08 
6865.0 0.0 1.0605754323146858e-07 1.3994728416469408e-08 
6875.0 0.0 9.204977493542709e-08 1.2471095875030932e-08 
6885.0 0.0 8.20443840222401e-08 1.3302308257118189e-08 
6895.0 0.0 9.405107574810468e-08 1.399474799874251e-08 
6905.0 0.0 1.0605715881790265e-07 1.6122041910981834e-08 
6915.0 0.0 9.805279643458146e-08 1.3422106905486549e-08 
6925.0 0.0 8.204419581998895e-08 1.1700719127691485e-08 
6935.0 0.0 9.405066330290405e-08 1.4278006896910888e-08 
6945.0 0.0 6.403465876642136e-08 1.0543243428693018e-08 
6955.0 0.0 8.204448413352474e-08 1.2038185859477209e-08 
6965.0 0.0 9.605204821731319e-08 1.2165562417116167e-08 
6975.0 0.0 9.405069132775979e-08 1.341020432452191e-08 
6985.0 0.0 1.0405622239046648e-07 1.4562571524163069e-08 
6995.0 0.0 9.605188403755746e-08 1.4001868484823702e-08 
7005.0 0.0 6.203345004713437e-08 1.0472727995303708e-08 
7015.0 0.0 8.404572088167408e-08 1.4479890314040272e-08 
7025.0 0.0 6.60357994164317e-08 1.0609527310179444e-08 
7035.0 0.0 9.805292859098358e-08 1.4839042955193054e-08 
7045.0 0.0 1.040562784529668e-07 1.3417717053136265e-08 
7055.0 0.0 9.805302468671845e-08 1.536925544131561e-08 
7065.0 0.0 1.0205535003137276e-07 1.2495154432931867e-08 
7075.0 0.0 8.40457849514752e-08 1.2393830541823439e-08 
7085.0 0.0 8.004308319831209e-08 1.2968447925195787e-08 
7095.0 0.0 8.804773789797815e-08 1.3666099344946222e-08 
7105.0 0.0 1.0805812727894941e-07 1.5349698527581884e-08 
7115.0 0.0 9.40512999974168e-08 1.3108324810870043e-08 
7125.0 0.0 9.204973488031648e-08 1.3695370839461603e-08 
7135.0 0.0 1.0005406122061551e-07 1.3423667386400851e-08 
7145.0 0.0 9.004875840749774e-08 1.1451735159105255e-08 
7155.0 0.0 1.060572349089197e-07 1.4555698827151553e-08 
7165.0 0.0 8.404550064315226e-08 1.2712804851303628e-08 
7175.0 0.0 1.0805863582775378e-07 1.6360063748885548e-08 
7185.0 0.0 8.604646510276812e-08 1.2417970256529756e-08 
7195.0 0.0 6.4034438527002e-08 1.2617870487986198e-08 
7205.0 0.0 1.0605747515943533e-07 1.4555776005120334e-08 
7215.0 0.0 8.004322735764415e-08 1.3273670928614796e-08 
7225.0 0.0 6.603560720412773e-08 1.235332850896689e-08 
7235.0 0.0 7.203912125613947e-08 1.2178733105610493e-08 
7245.0 0.0 6.40344945878195e-08 1.162692616653701e-08 
7255.0 0.0 8.404540454940461e-08 1.3915850463537088e-08 
7265.0 0.0 9.805304871099259e-08 1.312047044978668e-08 
7275.0 0.0 7.203883294050403e-08 1.2819377085616201e-08 
7285.0 0.0 1.0205511377457941e-07 1.4289165087564777e-08 
7295.0 0.0 8.004355170309604e-08 1.2006539029537632e-08 
7305.0 0.0 7.2038800910179e-08 1.2503117860548045e-08 
7315.0 0.0 9.405071936178232e-08 1.3108205697639417e-08 
7325.0 0.0 8.6046108719042e-08 1.3350279378218283e-08 
7335.0 0.0 9.805281246746891e-08 1.2170463979635563e-08 
7345.0 0.0 7.203902514607705e-08 1.0783591258145997e-08 
7355.0 0.0 7.20390011285499e-08 1.0783619617403483e-08 
7365.0 0.0 6.00324575570376e-08 9.59686120959066e-09 
7375.0 0.0 8.004297107669296e-08 1.2968417773046692e-08 
7385.0 0.0 1.1005941208175308e-07 1.5596894869957745e-08 
7395.0 0.0 9.004865029484183e-08 1.4255501058404224e-08 
7405.0 0.0 7.203889300520438e-08 1.250313370191524e-08 
7415.0 0.0 7.404003766688621e-08 1.0833570708785982e-08 
7425.0 0.0 5.603028837926091e-08 9.835869243972846e-09 
7435.0 0.0 6.803679591308766e-08 1.139737171607072e-08 
7445.0 0.0 7.403978939150499e-08 1.1890817349702611e-08 
7455.0 0.0 7.203899312275554e-08 1.1845319892009717e-08 
7465.0 0.0 8.804758172844014e-08 1.2756788771618906e-08 
7475.0 0.0 8.004343557948539e-08 1.1668233327734875e-08 
7485.0 0.0 7.604111424052472e-08 1.0879701277476857e-08 
7495.0 0.0 6.203365827219687e-08 1.0472795234395197e-08 
7505.0 0.0 8.204436799877599e-08 1.1700759784006287e-08 
7515.0 0.0 6.603557917670785e-08 1.1687060714378467e-08 
7525.0 0.0 7.203886097529606e-08 1.1845302895315708e-08 
7535.0 0.0 5.0026890458792894e-08 9.544509760667952e-09 
7545.0 0.0 8.204442005899593e-08 1.23663277443748e-08 
7555.0 0.0 9.805312479515055e-08 1.5106476566572122e-08 
7565.0 0.0 6.603583145868019e-08 1.02251378754661e-08 
7575.0 0.0 8.604654518441429e-08 1.2091232591049939e-08 
7585.0 0.0 7.804205066674312e-08 1.293599279008392e-08 
7595.0 0.0 8.004322334943415e-08 1.2335474882149866e-08 
7605.0 0.0 9.605205622309151e-08 1.4001857243926248e-08 
7615.0 0.0 9.405067931678445e-08 1.3705546660512429e-08 
7625.0 0.0 8.204446811233653e-08 1.3302326563711367e-08 
7635.0 0.0 9.405077542618979e-08 1.3108220014797012e-08 
7645.0 0.0 6.20334820812737e-08 1.1563056927068315e-08 
7655.0 0.0 7.20386967946428e-08 1.1845266203466856e-08 
7665.0 0.0 8.404552467053564e-08 1.4479879014735806e-08 
7675.0 0.0 6.203358619047944e-08 1.0083169416663078e-08 
7685.0 0.0 9.004858622771709e-08 1.2456605916155696e-08 
7695.0 0.0 7.604129443528273e-08 1.1592480707761292e-08 
7705.0 0.0 5.803140500357057e-08 1.210448076253837e-08 
7715.0 0.0 6.4034554658722e-08 1.0916426967502518e-08 
7725.0 0.0 5.803134093256755e-08 9.510932634328098e-09 
7735.0 0.0 4.8025801869980124e-08 9.436923674884596e-09 
7745.0 0.0 8.204440804770026e-08 1.3891324052327714e-08 
7755.0 0.0 5.202808716813031e-08 1.044401090966055e-08 
7765.0 0.0 8.404545259207147e-08 1.1729846142549774e-08 
7775.0 0.0 7.804233497814299e-08 1.2936059263679771e-08 
7785.0 0.0 6.603566327132366e-08 1.0225100149100152e-08 
7795.0 0.0 7.80421227427711e-08 1.2622688769209108e-08 
7805.0 0.0 7.003780441161595e-08 1.1096525311762144e-08 
7815.0 0.0 7.604128642804604e-08 1.2586179512907024e-08 
7825.0 0.0 6.203343803221656e-08 1.1211409775267828e-08 
7835.0 0.0 6.603568729462024e-08 1.2353350175591797e-08 
7845.0 0.0 1.0405628246519932e-07 1.4562632716792383e-08 
7855.0 0.0 8.404541255505458e-08 1.2393782739031439e-08 
7865.0 0.0 7.203876086437978e-08 1.1845294777634233e-08 
7875.0 0.0 7.2039025150324e-08 1.2503171590903266e-08 
7885.0 0.0 7.20389170400079e-08 1.1845307604572969e-08 
7895.0 0.0 5.603033643351482e-08 9.835887688477675e-09 
7905.0 0.0 6.60356672682511e-08 1.2024801648248707e-08 
7915.0 0.0 9.805300867418411e-08 1.4289137702803248e-08 
7925.0 0.0 6.603571132333404e-08 1.1339265198357696e-08 
7935.0 0.0 8.004327139891239e-08 1.200647762985955e-08 
7945.0 0.0 5.803136496307607e-08 9.510927799404827e-09 
7955.0 0.0 7.403990551444265e-08 1.1549190101024467e-08 
7965.0 0.0 7.604122635789678e-08 1.2263880547840773e-08 
7975.0 0.0 7.604130644802091e-08 1.0505236133616737e-08 
7985.0 0.0 8.404541655350445e-08 1.302395155593438e-08 
7995.0 0.0 9.204969083911242e-08 1.2788112923604363e-08 
8005.0 0.0 8.004313525598398e-08 1.38638714642047e-08 
8015.0 0.0 6.80366517507425e-08 1.2079639910331968e-08 
8025.0 0.0 6.20336502606331e-08 1.1211454495306125e-08 
8035.0 0.0 7.00380246541604e-08 1.1451742857132547e-08 
8045.0 0.0 7.203874084669671e-08 1.250309504547718e-08 
8055.0 0.0 6.603585547614344e-08 1.0225145726115474e-08 
8065.0 0.0 7.604084194848166e-08 1.193281910007245e-08 
8075.0 0.0 7.804217480169307e-08 1.1632135920073319e-08 
8085.0 0.0 6.003254164823976e-08 1.2813212427261938e-08 
8095.0 0.0 6.803668779009483e-08 1.1040445546995533e-08 
8105.0 0.0 6.403448657878786e-08 1.0543231845445665e-08 
8115.0 0.0 6.003234944213786e-08 1.0776111632950473e-08 
8125.0 0.0 6.80368960170164e-08 1.1743487823861632e-08 
8135.0 0.0 7.604098609970458e-08 1.1932879748378603e-08 
8145.0 0.0 7.203897710009266e-08 1.2178698206803364e-08 
8155.0 0.0 5.603016824960383e-08 1.0618935184743613e-08 
8165.0 0.0 6.003208115162178e-08 1.149525972324044e-08 
8175.0 0.0 7.203900112011998e-08 1.0405645217767327e-08 
8185.0 0.0 6.403452262139347e-08 1.091645233443673e-08 
8195.0 0.0 9.004876642202638e-08 1.2456637275291542e-08 
8205.0 0.0 6.203390253747713e-08 1.0848455463336263e-08 
8215.0 0.0 5.402913171182839e-08 9.323821019368142e-09 
8225.0 0.0 7.00380166456898e-08 1.1451741947428625e-08 
8235.0 0.0 6.603593957186507e-08 1.2673401157046464e-08 
8245.0 0.0 6.803678389522118e-08 1.2725362967326812e-08 
8255.0 0.0 5.803131290642977e-08 1.0699668204009429e-08 
8265.0 0.0 6.003255766692815e-08 9.5968624623086e-09 
8275.0 0.0 5.402911570213081e-08 1.0533736126508803e-08 
8285.0 0.0 7.403985746416319e-08 1.1549189019865135e-08 
8295.0 0.0 6.403465476447776e-08 1.0916459997642839e-08 
8305.0 0.0 7.604133848161527e-08 1.12417770851122e-08 
8315.0 0.0 6.403448257777367e-08 1.127727612432378e-08 
8325.0 0.0 7.40398734792937e-08 1.2222957282237091e-08 
8335.0 0.0 6.403465476074362e-08 1.1277325321145547e-08 
8345.0 0.0 7.003776837811309e-08 1.179618218107909e-08 
8355.0 0.0 5.6030228314352256e-08 1.0989550488060387e-08 
8365.0 0.0 5.803131690646626e-08 1.0318686431738663e-08 
8375.0 0.0 4.80257378035126e-08 1.136211420069758e-08 
8385.0 0.0 5.603039249130335e-08 9.835895899563683e-09 
8395.0 0.0 5.00269184912289e-08 1.0349627448301111e-08 
8405.0 0.0 5.002683840458254e-08 9.544530119870067e-09 
8415.0 0.0 5.8031240823205906e-08 9.080129285564157e-09 
8425.0 0.0 6.803703616950092e-08 1.2079709801739486e-08 
8435.0 0.0 7.203895307043345e-08 1.2178685152437115e-08 
8445.0 0.0 7.003820085008399e-08 1.179632089497359e-08 
8455.0 0.0 7.003795257878932e-08 1.2456657989593423e-08 
8465.0 0.0 3.802044299593267e-08 7.850239049313473e-09 
8475.0 0.0 5.803136095911308e-08 1.1067616362738586e-08 
8485.0 0.0 4.802597805587127e-08 9.852152233269469e-09 
8495.0 0.0 5.603026435029098e-08 9.835862465176295e-09 
8505.0 0.0 8.204428792277095e-08 1.4456311175081247e-08 
8515.0 0.0 5.002708667001144e-08 9.955278781495285e-09 
8525.0 0.0 7.203882093180453e-08 1.3128015413559007e-08 
8535.0 0.0 7.804221884472425e-08 1.2301382834232456e-08 
8545.0 0.0 7.804213475706385e-08 1.230133801285442e-08 
8555.0 0.0 4.202278435658299e-08 9.510955768938862e-09 
8565.0 0.0 8.804755369077943e-08 1.2756781282161603e-08 
8575.0 0.0 4.802595002869185e-08 1.100411154675419e-08 
8585.0 0.0 6.20338264532072e-08 1.2236118444079677e-08 
8595.0 0.0 4.402371277934684e-08 1.0805773086376679e-08 
8605.0 0.0 8.004327139747004e-08 1.296848635693971e-08 
8615.0 0.0 6.603578740643407e-08 1.2353331203409387e-08 
8625.0 0.0 7.403998560288386e-08 1.1890862411170786e-08 
8635.0 0.0 4.202263619716629e-08 8.150555175358272e-09 
8645.0 0.0 6.6035531123736e-08 1.0980419514881827e-08 
8655.0 0.0 5.402903160310778e-08 1.090722463872477e-08 
8665.0 0.0 5.002689045868066e-08 9.544516476855649e-09 
8675.0 0.0 7.403984945535594e-08 1.254628643107257e-08 
8685.0 0.0 7.403990952056899e-08 1.1197111920252811e-08 
8695.0 0.0 6.203353814491179e-08 1.04727671562828e-08 
8705.0 0.0 8.804756570739581e-08 1.2438929891128948e-08 
8715.0 0.0 6.603569129863126e-08 1.0609515158082417e-08 
8725.0 0.0 7.203870880641941e-08 1.281934843225309e-08 
8735.0 0.0 4.402369675905586e-08 8.759151158492412e-09 
8745.0 0.0 6.603586349057596e-08 1.235339913673203e-08 
8755.0 0.0 4.602477334130035e-08 1.0146472809542262e-08 
8765.0 0.0 6.203374236604353e-08 1.2874028817301112e-08 
8775.0 0.0 5.402931191745221e-08 9.74390298063661e-09 
8785.0 0.0 4.2022648209920445e-08 8.627873584991478e-09 
8795.0 0.0 5.402906364107739e-08 9.74381805977564e-09 
8805.0 0.0 5.002723083083411e-08 9.544590147059586e-09 
8815.0 0.0 5.603041651862273e-08 1.023491887559546e-08 
8825.0 0.0 4.602474530944129e-08 9.323808334837773e-09 
8835.0 0.0 6.40345025985019e-08 1.0543226312727462e-08 
8845.0 0.0 5.202818727616176e-08 1.0820687081676878e-08 
8855.0 0.0 7.404000161987344e-08 1.1549183940503556e-08 
8865.0 0.0 5.0027258859439814e-08 1.1096625217750463e-08 
8875.0 0.0 6.803669580471954e-08 1.1040430539417282e-08 
8885.0 0.0 5.4029355954922125e-08 1.0533802913167951e-08 
8895.0 0.0 4.802578184611101e-08 9.436928937809487e-09 
8905.0 0.0 5.803138898279891e-08 9.510931386877851e-09 
8915.0 0.0 5.8031384983515646e-08 9.923008562851428e-09 
8925.0 0.0 4.402384492182209e-08 8.759168412559967e-09 
8935.0 0.0 5.402914372881344e-08 1.0907266103191966e-08 
8945.0 0.0 5.2028019096690065e-08 1.005330293523569e-08 
8955.0 0.0 6.803670380992095e-08 1.1743481218889959e-08 
8965.0 0.0 4.2022604164533475e-08 8.627852513056029e-09 
8975.0 0.0 5.803124883363179e-08 1.0699691148550678e-08 
8985.0 0.0 3.201726131225129e-08 9.265660984081064e-09 
8995.0 0.0 5.202807916533281e-08 1.1184625707980755e-08 
9005.0 0.0 5.402935596016282e-08 8.88401613706617e-09 
9015.0 0.0 4.002148754243529e-08 8.949073269445505e-09 
9025.0 0.0 7.003782043532041e-08 1.1096511304139958e-08 
9035.0 0.0 6.003248558809528e-08 1.1141547967680124e-08 
9045.0 0.0 6.003236946139166e-08 1.0776129105985485e-08 
9055.0 0.0 4.4023812887843045e-08 9.630179307665989e-09 
9065.0 0.0 3.401827381878114e-08 8.031764204442949e-09 
9075.0 0.0 6.403445454628317e-08 1.0916407148057437e-08 
9085.0 0.0 4.802622632492203e-08 9.852221463715936e-09 
9095.0 0.0 6.803689201778131e-08 1.067159377378298e-08 
9105.0 0.0 4.402373680373325e-08 8.75915097586655e-09 
9115.0 0.0 6.003250160808176e-08 1.1838582643322013e-08 
9125.0 0.0 5.00270145920602e-08 1.109653874263665e-08 
9135.0 0.0 5.8031425026269984e-08 1.0318685787723145e-08 
9145.0 0.0 6.603577138952462e-08 1.098045906838364e-08 
9155.0 0.0 7.804221884945192e-08 1.197142514826749e-08 
9165.0 0.0 4.602495353224419e-08 1.0907288942424873e-08 
9175.0 0.0 7.203894506386998e-08 1.2178679046957104e-08 
9185.0 0.0 5.202779084947312e-08 1.044397349974328e-08 
9195.0 0.0 5.603040050474223e-08 8.98485265539605e-09 
9205.0 0.0 7.203905718116185e-08 1.250317487168898e-08 
9215.0 0.0 4.002164771329206e-08 8.004329543164173e-09 
9225.0 0.0 4.4023724789104035e-08 9.204966019548112e-09 
9235.0 0.0 3.4018462023468155e-08 8.515774320133696e-09 
9245.0 0.0 6.003245755255021e-08 1.2172114452354172e-08 
9255.0 0.0 4.802564970397232e-08 1.0250454366878237e-08 
9265.0 0.0 3.201723327919014e-08 8.356738910588886e-09 
9275.0 0.0 5.2028023097047144e-08 1.11846025200876e-08 
9285.0 0.0 6.003228136366228e-08 1.0005387061730681e-08 
9295.0 0.0 4.2022548102818464e-08 9.51090133501503e-09 
9305.0 0.0 4.0021743820565914e-08 8.949133439351022e-09 
9315.0 0.0 3.8020350896291796e-08 8.811540646989124e-09 
9325.0 0.0 6.603551110467477e-08 1.1687025480363239e-08 
9335.0 0.0 6.2033638248472e-08 1.2559080280598915e-08 
9345.0 0.0 5.4029500117956406e-08 9.743903233423968e-09 
9355.0 0.0 4.402371277702294e-08 9.204965723577378e-09 
9365.0 0.0 4.802599807994875e-08 9.852143938969962e-09 
9375.0 0.0 5.803162123792128e-08 1.0699748087856531e-08 
9385.0 0.0 5.202811519958884e-08 1.0053318684387664e-08 
9395.0 0.0 5.603026035397256e-08 1.0234881234587087e-08 
9405.0 0.0 4.6024929505501855e-08 1.0146512318191596e-08 
9415.0 0.0 4.4023704766645175e-08 8.759145266706547e-09 
9425.0 0.0 5.6030196283642676e-08 1.0234858123097328e-08 
9435.0 0.0 5.603015223001818e-08 1.1348077900824633e-08 
9445.0 0.0 5.603018827600524e-08 1.0234856995947e-08 
9455.0 0.0 4.6024873448129934e-08 9.743847903000499e-09 
9465.0 0.0 5.603020829264656e-08 9.835842849190334e-09 
9475.0 0.0 7.003790452059296e-08 1.277406317345099e-08 
9485.0 0.0 5.803124883300678e-08 9.922997143113993e-09 
9495.0 0.0 3.802052708993957e-08 8.344759582877987e-09 
9505.0 0.0 6.403469079975926e-08 1.0156361482755305e-08 
9515.0 0.0 4.802584991941026e-08 9.852108054386011e-09 
9525.0 0.0 5.002705863909791e-08 9.955260067272595e-09 
9535.0 0.0 5.803140500092626e-08 1.0318687689672315e-08 
9545.0 0.0 5.8031372968950566e-08 1.031868638553414e-08 
9555.0 0.0 4.202298858157706e-08 9.080222387929336e-09 
9565.0 0.0 5.002704262374304e-08 1.034966093319203e-08 
9575.0 0.0 5.002698255734398e-08 9.544546070133977e-09 
9585.0 0.0 4.602489346953114e-08 8.88398443207367e-09 
9595.0 0.0 3.401847804095447e-08 8.031820403058472e-09 
9605.0 0.0 5.00269745543863e-08 9.955229684062836e-09 
9615.0 0.0 4.402372479028992e-08 9.204957314593764e-09 
9625.0 0.0 6.603567127638084e-08 1.1339237849786642e-08 
9635.0 0.0 6.603582744470094e-08 1.1687078225442445e-08 
9645.0 0.0 5.803138097387948e-08 1.2430879969759447e-08 
9655.0 0.0 3.201730535776641e-08 7.86300864128995e-09 
9665.0 0.0 4.2022708274011775e-08 8.627880875344907e-09 
9675.0 0.0 5.2028271375665615e-08 1.1537129492343806e-08 
9685.0 0.0 4.4023764832130735e-08 9.204953658246762e-09 
9695.0 0.0 3.8020579141842015e-08 8.344779295089724e-09 
9705.0 0.0 3.201730936193772e-08 8.356746543300824e-09 
9715.0 0.0 5.803125684272753e-08 1.1423663968850745e-08 
9725.0 0.0 4.202263619442588e-08 1.0318655748836693e-08 
9735.0 0.0 5.6030180262806746e-08 1.0618923232341866e-08 
9745.0 0.0 4.8025966043934506e-08 1.1004110847257215e-08 
9755.0 0.0 3.60194505115894e-08 7.687900554074892e-09 
9765.0 0.0 4.8026138232112796e-08 1.0250584694659793e-08 
9775.0 0.0 4.602487345024552e-08 8.883991783559877e-09 
9785.0 0.0 4.4023756825310634e-08 1.0428675859485029e-08 
9795.0 0.0 6.00321812569449e-08 1.2172068174159928e-08 
9805.0 0.0 4.202269626308452e-08 8.627891677121501e-09 
9815.0 0.0 4.8025845913540257e-08 9.436932469640515e-09 
9825.0 0.0 5.0027166759270125e-08 9.955273147795224e-09 
9835.0 0.0 4.4023820892563615e-08 9.204985797192374e-09 
9845.0 0.0 4.60248334045745e-08 9.743830057622018e-09 
9855.0 0.0 5.2028127211669787e-08 1.1184610573067546e-08 
9865.0 0.0 5.603021630451496e-08 1.0234875033375095e-08 
9875.0 0.0 5.803115272893822e-08 1.069964244097231e-08 
9885.0 0.0 7.003778839526747e-08 9.955246022277868e-09 
9895.0 0.0 5.202805913689618e-08 1.0053307238261586e-08 
9905.0 0.0 4.402371678037688e-08 9.204955956292787e-09 
9915.0 0.0 5.4029151732492366e-08 1.0533742642741446e-08 
9925.0 0.0 5.002707465607141e-08 9.11537279426531e-09 
9935.0 0.0 6.403474686512825e-08 1.1626966718921736e-08 
9945.0 0.0 4.402374881509316e-08 9.204968352375925e-09 
9955.0 0.0 3.601939444599601e-08 9.546618798404978e-09 
9965.0 0.0 3.4018437995443745e-08 9.40936274312917e-09 
9975.0 0.0 4.602490948474172e-08 9.743847022501113e-09 
9985.0 0.0 5.002726686749397e-08 1.0349719774541981e-08 
9995.0 0.0 6.203353413654161e-08 1.0472748262852362e-08 
