1 9.47526e-23 -7.38187e-12 6.27587e-12 -9.34911e-13 0.377265 0.118514 3.49094 0.603623 0.377265 0.931497 1
0.999 9.28874e-23 -7.31004e-12 6.21214e-12 -9.27358e-13 0.378037 0.118733 3.48785 0.602859 0.378037 0.931294 1
0.998 9.10286e-23 -7.23754e-12 6.14819e-12 -9.19927e-13 0.378809 0.118952 3.48476 0.602095 0.378809 0.931091 1
0.997 8.92602e-23 -7.16838e-12 6.08624e-12 -9.12236e-13 0.379582 0.119171 3.48167 0.601331 0.379582 0.930887 1
0.996 8.75204e-23 -7.09954e-12 6.02474e-12 -9.0522e-13 0.380355 0.11939 3.47858 0.600567 0.380355 0.930684 1
0.995 8.58181e-23 -7.03149e-12 5.96412e-12 -8.97553e-13 0.381127 0.119608 3.47549 0.599803 0.381127 0.93048 1
0.994 8.41178e-23 -6.96232e-12 5.9035e-12 -8.90256e-13 0.3819 0.119827 3.4724 0.59904 0.3819 0.930275 1
0.993 8.25148e-23 -6.89715e-12 5.8451e-12 -8.82542e-13 0.382673 0.120045 3.46931 0.598276 0.382673 0.930071 1
0.992 8.09092e-23 -6.83109e-12 5.78604e-12 -8.75877e-13 0.383446 0.120263 3.46622 0.597513 0.383446 0.929866 1
0.991 7.93472e-23 -6.76603e-12 5.72831e-12 -8.68631e-13 0.384219 0.120481 3.46313 0.59675 0.384219 0.929661 1
0.99 7.78125e-23 -6.70164e-12 5.6708e-12 -8.61715e-13 0.384992 0.120699 3.46003 0.595987 0.384992 0.929455 1
0.989 7.62975e-23 -6.63702e-12 5.61395e-12 -8.54943e-13 0.385765 0.120917 3.45694 0.595224 0.385765 0.929249 1
0.988 7.48203e-23 -6.57363e-12 5.55778e-12 -8.47822e-13 0.386538 0.121135 3.45385 0.594461 0.386538 0.929043 1
0.987 7.33738e-23 -6.51101e-12 5.50204e-12 -8.41442e-13 0.387311 0.121352 3.45075 0.593698 0.387311 0.928836 1
0.986 7.19923e-23 -6.45073e-12 5.44831e-12 -8.34481e-13 0.388085 0.12157 3.44766 0.592936 0.388085 0.928629 1
0.985 7.06085e-23 -6.38956e-12 5.39413e-12 -8.27928e-13 0.388858 0.121787 3.44457 0.592173 0.388858 0.928422 1
0.984 6.92547e-23 -6.32916e-12 5.34062e-12 -8.21127e-13 0.389632 0.122005 3.44147 0.591411 0.389632 0.928215 1
0.983 6.79453e-23 -6.27032e-12 5.28821e-12 -8.14347e-13 0.390405 0.122222 3.43838 0.590649 0.390405 0.928007 1
0.982 6.66303e-23 -6.21014e-12 5.23559e-12 -8.08074e-13 0.391179 0.122439 3.43528 0.589886 0.391179 0.927799 1
0.981 6.53789e-23 -6.15297e-12 5.1843e-12 -8.01853e-13 0.391953 0.122656 3.43219 0.589125 0.391953 0.92759 1
0.98 6.41497e-23 -6.09612e-12 5.13367e-12 -7.95242e-13 0.392727 0.122872 3.42909 0.588363 0.392727 0.927382 1
0.979 6.2939e-23 -6.03928e-12 5.08371e-12 -7.88647e-13 0.393501 0.123089 3.426 0.587601 0.393501 0.927172 1
0.978 6.17649e-23 -5.98421e-12 5.03397e-12 -7.83078e-13 0.394275 0.123306 3.4229 0.586839 0.394275 0.926963 1
0.977 6.0597e-23 -5.92815e-12 4.98512e-12 -7.76299e-13 0.395049 0.123522 3.41981 0.586078 0.395049 0.926753 1
0.976 5.94402e-23 -5.8723e-12 4.93583e-12 -7.70613e-13 0.395823 0.123738 3.41671 0.585317 0.395823 0.926543 1
0.975 5.83391e-23 -5.81901e-12 4.88809e-12 -7.64725e-13 0.396597 0.123955 3.41361 0.584555 0.396597 0.926333 1
0.974 5.72345e-23 -5.76439e-12 4.84057e-12 -7.58386e-13 0.397372 0.124171 3.41051 0.583794 0.397372 0.926122 1
0.973 5.61982e-23 -5.71365e-12 4.79439e-12 -7.52473e-13 0.398146 0.124387 3.40742 0.583033 0.398146 0.925911 1
0.972 5.51409e-23 -5.66058e-12 4.74776e-12 -7.46679e-13 0.39892 0.124602 3.40432 0.582273 0.39892 0.9257 1
0.971 5.41072e-23 -5.60818e-12 4.70179e-12 -7.40718e-13 0.399695 0.124818 3.40122 0.581512 0.399695 0.925488 1
0.97 5.31005e-23 -5.55689e-12 4.65628e-12 -7.35242e-13 0.40047 0.125034 3.39812 0.580751 0.40047 0.925276 1
0.969 5.21276e-23 -5.50693e-12 4.61187e-12 -7.29397e-13 0.401244 0.125249 3.39502 0.579991 0.401244 0.925064 1
0.968 5.11669e-23 -5.45708e-12 4.56768e-12 -7.23517e-13 0.402019 0.125464 3.39192 0.579231 0.402019 0.924851 1
0.967 5.01895e-23 -5.40534e-12 4.52283e-12 -7.18227e-13 0.402794 0.12568 3.38882 0.578471 0.402794 0.924638 1
0.966 4.92795e-23 -5.35738e-12 4.47997e-12 -7.12606e-13 0.403569 0.125895 3.38572 0.577711 0.403569 0.924425 1
0.965 4.84043e-23 -5.31097e-12 4.43823e-12 -7.07083e-13 0.404344 0.12611 3.38262 0.576951 0.404344 0.924211 1
0.964 4.75044e-23 -5.26224e-12 4.39559e-12 -7.01411e-13 0.405119 0.126324 3.37952 0.576191 0.405119 0.923997 1
0.963 4.66307e-23 -5.21461e-12 4.35363e-12 -6.96073e-13 0.405895 0.126539 3.37642 0.575431 0.405895 0.923783 1
0.962 4.57632e-23 -5.16676e-12 4.31166e-12 -6.9097e-13 0.40667 0.126754 3.37332 0.574672 0.40667 0.923568 1
0.961 4.49458e-23 -5.12157e-12 4.27147e-12 -6.8548e-13 0.407445 0.126968 3.37022 0.573912 0.407445 0.923354 1
0.96 4.41422e-23 -5.07683e-12 4.2315e-12 -6.79987e-13 0.408221 0.127182 3.36712 0.573153 0.408221 0.923138 1
0.959 4.33417e-23 -5.03164e-12 4.19154e-12 -6.74796e-13 0.408996 0.127397 3.36401 0.572394 0.408996 0.922923 1
0.958 4.25516e-23 -4.98657e-12 4.15179e-12 -6.6961e-13 0.409772 0.127611 3.36091 0.571635 0.409772 0.922707 1
0.957 4.1788e-23 -4.94249e-12 4.11315e-12 -6.64613e-13 0.410548 0.127824 3.35781 0.570876 0.410548 0.922491 1
0.956 4.10279e-23 -4.8983e-12 4.0743e-12 -6.59269e-13 0.411323 0.128038 3.35471 0.570117 0.411323 0.922274 1
0.955 4.0298e-23 -4.85567e-12 4.03633e-12 -6.5459e-13 0.412099 0.128252 3.3516 0.569359 0.412099 0.922057 1
0.954 3.95729e-23 -4.81293e-12 3.99836e-12 -6.49429e-13 0.412875 0.128465 3.3485 0.5686 0.412875 0.92184 1
0.953 3.88627e-23 -4.7703e-12 3.96128e-12 -6.44401e-13 0.413651 0.128679 3.34539 0.567842 0.413651 0.921622 1
0.952 3.81772e-23 -4.72922e-12 3.92464e-12 -6.39472e-13 0.414427 0.128892 3.34229 0.567084 0.414427 0.921404 1
0.951 3.7481e-23 -4.6867e-12 3.88756e-12 -6.34667e-13 0.415204 0.129105 3.33919 0.566326 0.415204 0.921186 1
0.95 3.68234e-23 -4.64651e-12 3.85181e-12 -6.30045e-13 0.41598 0.129318 3.33608 0.565568 0.41598 0.920967 1
0.949 3.6159e-23 -4.60532e-12 3.81561e-12 -6.25399e-13 0.416756 0.129531 3.33298 0.56481 0.416756 0.920749 1
0.948 3.5508e-23 -4.56457e-12 3.77987e-12 -6.20744e-13 0.417533 0.129744 3.32987 0.564052 0.417533 0.920529 1
0.947 3.48957e-23 -4.52605e-12 3.74589e-12 -6.15528e-13 0.418309 0.129956 3.32676 0.563295 0.418309 0.92031 1
0.946 3.42721e-23 -4.4863e-12 3.71103e-12 -6.11136e-13 0.419086 0.130169 3.32366 0.562537 0.419086 0.92009 1
0.945 3.3668e-23 -4.44778e-12 3.67661e-12 -6.06467e-13 0.419863 0.130381 3.32055 0.56178 0.419863 0.91987 1
0.944 3.30831e-23 -4.40992e-12 3.64331e-12 -6.01711e-13 0.420639 0.130593 3.31744 0.561023 0.420639 0.919649 1
0.943 3.24993e-23 -4.37173e-12 3.60978e-12 -5.97375e-13 0.421416 0.130806 3.31434 0.560266 0.421416 0.919428 1
0.942 3.19242e-23 -4.33376e-12 3.57647e-12 -5.92941e-13 0.422193 0.131017 3.31123 0.559509 0.422193 0.919207 1
0.941 3.13738e-23 -4.29734e-12 3.54405e-12 -5.88538e-13 0.42297 0.131229 3.30812 0.558752 0.42297 0.918985 1
0.94 3.08296e-23 -4.26092e-12 3.51186e-12 -5.83941e-13 0.423747 0.131441 3.30501 0.557996 0.423747 0.918763 1
0.939 3.02912e-23 -4.2244e-12 3.47988e-12 -5.79736e-13 0.424524 0.131652 3.3019 0.557239 0.424524 0.918541 1
0.938 2.9767e-23 -4.18865e-12 3.44835e-12 -5.75369e-13 0.425302 0.131864 3.29879 0.556483 0.425302 0.918318 1
0.937 2.92466e-23 -4.15279e-12 3.41682e-12 -5.71195e-13 0.426079 0.132075 3.29568 0.555726 0.426079 0.918095 1
0.936 2.87476e-23 -4.11826e-12 3.38618e-12 -5.66797e-13 0.426856 0.132286 3.29257 0.55497 0.426856 0.917872 1
0.935 2.82486e-23 -4.08318e-12 3.35554e-12 -5.6267e-13 0.427634 0.132497 3.28946 0.554214 0.427634 0.917648 1
0.934 2.7756e-23 -4.04821e-12 3.32512e-12 -5.58199e-13 0.428412 0.132708 3.28635 0.553459 0.428412 0.917424 1
0.933 2.72991e-23 -4.01601e-12 3.29603e-12 -5.54027e-13 0.429189 0.132919 3.28324 0.552703 0.429189 0.9172 1
0.932 2.68198e-23 -3.98137e-12 3.26583e-12 -5.50256e-13 0.429967 0.133129 3.28013 0.551947 0.429967 0.916975 1
0.931 2.63667e-23 -3.94851e-12 3.23697e-12 -5.45926e-13 0.430745 0.13334 3.27702 0.551192 0.430745 0.91675 1
0.93 2.59109e-23 -3.91509e-12 3.20766e-12 -5.421e-13 0.431523 0.13355 3.27391 0.550437 0.431523 0.916525 1
0.929 2.54606e-23 -3.88178e-12 3.17857e-12 -5.37667e-13 0.432301 0.13376 3.2708 0.549681 0.432301 0.916299 1
0.928 2.50299e-23 -3.84981e-12 3.15015e-12 -5.34271e-13 0.433079 0.13397 3.26768 0.548926 0.433079 0.916073 1
0.927 2.46123e-23 -3.81828e-12 3.12284e-12 -5.30017e-13 0.433857 0.13418 3.26457 0.548171 0.433857 0.915847 1
0.926 2.41821e-23 -3.78564e-12 3.09419e-12 -5.26364e-13 0.434635 0.13439 3.26146 0.547417 0.434635 0.91562 1
0.925 2.37797e-23 -3.75511e-12 3.06688e-12 -5.22607e-13 0.435414 0.1346 3.25834 0.546662 0.435414 0.915393 1
0.924 2.33844e-23 -3.7248e-12 3.04001e-12 -5.18309e-13 0.436192 0.134809 3.25523 0.545907 0.436192 0.915166 1
0.923 2.29874e-23 -3.69371e-12 3.01315e-12 -5.1464e-13 0.436971 0.135018 3.25212 0.545153 0.436971 0.914938 1
0.922 2.25898e-23 -3.66229e-12 2.98606e-12 -5.10794e-13 0.437749 0.135228 3.249 0.544399 0.437749 0.91471 1
0.921 2.22149e-23 -3.63276e-12 2.95985e-12 -5.07198e-13 0.438528 0.135437 3.24589 0.543645 0.438528 0.914481 1
0.92 2.18488e-23 -3.60367e-12 2.9341e-12 -5.03425e-13 0.439307 0.135645 3.24277 0.542891 0.439307 0.914253 1
0.919 2.14672e-23 -3.5727e-12 2.90745e-12 -4.99787e-13 0.440086 0.135854 3.23966 0.542137 0.440086 0.914023 1
0.918 2.11201e-23 -3.54483e-12 2.88236e-12 -4.96296e-13 0.440865 0.136063 3.23654 0.541383 0.440865 0.913794 1
0.917 2.078e-23 -3.51708e-12 2.85794e-12 -4.92322e-13 0.441644 0.136271 3.23343 0.54063 0.441644 0.913564 1
0.916 2.04348e-23 -3.48865e-12 2.83285e-12 -4.88916e-13 0.442423 0.13648 3.23031 0.539876 0.442423 0.913334 1
0.915 2.0079e-23 -3.45868e-12 2.80731e-12 -4.85362e-13 0.443202 0.136688 3.22719 0.539123 0.443202 0.913103 1
0.914 1.97602e-23 -3.43237e-12 2.78333e-12 -4.81802e-13 0.443981 0.136896 3.22408 0.53837 0.443981 0.912872 1
0.913 1.9428e-23 -3.40405e-12 2.7589e-12 -4.78387e-13 0.44476 0.137104 3.22096 0.537617 0.44476 0.912641 1
0.912 1.91066e-23 -3.37674e-12 2.7347e-12 -4.75037e-13 0.44554 0.137311 3.21784 0.536864 0.44554 0.91241 1
0.911 1.87951e-23 -3.34999e-12 2.71116e-12 -4.71468e-13 0.446319 0.137519 3.21472 0.536111 0.446319 0.912178 1
0.91 1.84869e-23 -3.32312e-12 2.68785e-12 -4.68177e-13 0.447099 0.137727 3.2116 0.535359 0.447099 0.911945 1
0.909 1.81741e-23 -3.29559e-12 2.66409e-12 -4.64615e-13 0.447879 0.137934 3.20848 0.534606 0.447879 0.911713 1
0.908 1.78847e-23 -3.27027e-12 2.64144e-12 -4.61256e-13 0.448659 0.138141 3.20537 0.533854 0.448659 0.91148 1
0.907 1.76011e-23 -3.24529e-12 2.61902e-12 -4.58215e-13 0.449438 0.138348 3.20225 0.533101 0.449438 0.911246 1
0.906 1.73017e-23 -3.21809e-12 2.59592e-12 -4.54671e-13 0.450218 0.138555 3.19913 0.532349 0.450218 0.911012 1
0.905 1.70252e-23 -3.19333e-12 2.57372e-12 -4.51444e-13 0.450998 0.138762 3.19601 0.531597 0.450998 0.910778 1
0.904 1.67476e-23 -3.16791e-12 2.55174e-12 -4.47874e-13 0.451779 0.138968 3.19289 0.530846 0.451779 0.910544 1
0.903 1.64662e-23 -3.14182e-12 2.52931e-12 -4.4474e-13 0.452559 0.139175 3.18977 0.530094 0.452559 0.910309 1
0.902 1.62069e-23 -3.11795e-12 2.50799e-12 -4.41841e-13 0.453339 0.139381 3.18664 0.529342 0.453339 0.910074 1
0.901 1.59407e-23 -3.09286e-12 2.48646e-12 -4.38675e-13 0.454119 0.139587 3.18352 0.528591 0.454119 0.909838 1
0.9 1.57003e-23 -3.07054e-12 2.46625e-12 -4.35467e-13 0.4549 0.139793 3.1804 0.52784 0.4549 0.909602 1
0.899 1.54314e-23 -3.04468e-12 2.44427e-12 -4.32312e-13 0.45568 0.139999 3.17728 0.527089 0.45568 0.909366 1
0.898 1.51956e-23 -3.02247e-12 2.42406e-12 -4.29209e-13 0.456461 0.140204 3.17416 0.526338 0.456461 0.90913 1
0.897 1.49452e-23 -2.99805e-12 2.40319e-12 -4.26196e-13 0.457242 0.14041 3.17103 0.525587 0.457242 0.908893 1
0.896 1.47154e-23 -2.97584e-12 2.38343e-12 -4.23098e-13 0.458023 0.140615 3.16791 0.524836 0.458023 0.908655 1
0.895 1.44778e-23 -2.95253e-12 2.363e-12 -4.20263e-13 0.458803 0.140821 3.16479 0.524085 0.458803 0.908418 1
0.894 1.42458e-23 -2.92955e-12 2.34301e-12 -4.16922e-13 0.459584 0.141026 3.16166 0.523335 0.459584 0.90818 1
0.893 1.40202e-23 -2.90712e-12 2.32325e-12 -4.13986e-13 0.460365 0.141231 3.15854 0.522585 0.460365 0.907941 1
0.892 1.37953e-23 -2.88447e-12 2.30349e-12 -4.11197e-13 0.461147 0.141435 3.15541 0.521835 0.461147 0.907702 1
0.891 1.35804e-23 -2.86271e-12 2.28439e-12 -4.0841e-13 0.461928 0.14164 3.15229 0.521084 0.461928 0.907463 1
0.89 1.33679e-23 -2.84095e-12 2.26552e-12 -4.05367e-13 0.462709 0.141844 3.14916 0.520335 0.462709 0.907224 1
0.889 1.31498e-23 -2.81841e-12 2.24598e-12 -4.02407e-13 0.463491 0.142049 3.14604 0.519585 0.463491 0.906984 1
0.888 1.29515e-23 -2.79798e-12 2.22777e-12 -3.99714e-13 0.464272 0.142253 3.14291 0.518835 0.464272 0.906744 1
0.887 1.27488e-23 -2.77689e-12 2.20912e-12 -3.96824e-13 0.465054 0.142457 3.13979 0.518086 0.465054 0.906503 1
0.886 1.25414e-23 -2.7548e-12 2.19025e-12 -3.94071e-13 0.465835 0.142661 3.13666 0.517336 0.465835 0.906262 1
0.885 1.23435e-23 -2.73381e-12 2.17182e-12 -3.91121e-13 0.466617 0.142864 3.13353 0.516587 0.466617 0.906021 1
0.884 1.21587e-23 -2.71405e-12 2.1545e-12 -3.88343e-13 0.467399 0.143068 3.1304 0.515838 0.467399 0.905779 1
0.883 1.19704e-23 -2.69373e-12 2.13674e-12 -3.85381e-13 0.468181 0.143271 3.12728 0.515089 0.468181 0.905537 1
0.882 1.17842e-23 -2.67353e-12 2.11897e-12 -3.82694e-13 0.468963 0.143474 3.12415 0.51434 0.468963 0.905295 1
0.881 1.16011e-23 -2.65343e-12 2.10143e-12 -3.79978e-13 0.469745 0.143677 3.12102 0.513592 0.469745 0.905052 1
0.88 1.14118e-23 -2.63223e-12 2.08344e-12 -3.77362e-13 0.470527 0.14388 3.11789 0.512843 0.470527 0.904809 1
0.879 1.12433e-23 -2.61369e-12 2.06679e-12 -3.74613e-13 0.471309 0.144083 3.11476 0.512095 0.471309 0.904565 1
0.878 1.10691e-23 -2.59415e-12 2.04969e-12 -3.71842e-13 0.472092 0.144286 3.11163 0.511347 0.472092 0.904321 1
0.877 1.09062e-23 -2.57583e-12 2.03348e-12 -3.6916e-13 0.472874 0.144488 3.1085 0.510599 0.472874 0.904077 1
0.876 1.07306e-23 -2.55562e-12 2.01617e-12 -3.66699e-13 0.473657 0.14469 3.10537 0.509851 0.473657 0.903832 1
0.875 1.05703e-23 -2.5373e-12 1.99996e-12 -3.64105e-13 0.474439 0.144892 3.10224 0.509103 0.474439 0.903587 1
0.874 1.0408e-23 -2.51865e-12 1.9833e-12 -3.61742e-13 0.475222 0.145094 3.09911 0.508355 0.475222 0.903342 1
0.873 1.02381e-23 -2.49845e-12 1.96643e-12 -3.59262e-13 0.476005 0.145296 3.09598 0.507608 0.476005 0.903096 1
0.872 1.00917e-23 -2.48146e-12 1.95111e-12 -3.56775e-13 0.476788 0.145498 3.09285 0.50686 0.476788 0.90285 1
0.871 9.93921e-24 -2.46336e-12 1.93534e-12 -3.5427e-13 0.477571 0.145699 3.08972 0.506113 0.477571 0.902603 1
0.87 9.78844e-24 -2.44538e-12 1.91958e-12 -3.51847e-13 0.478354 0.1459 3.08659 0.505366 0.478354 0.902356 1
0.869 9.64306e-24 -2.42784e-12 1.90448e-12 -3.48779e-13 0.479137 0.146101 3.08345 0.504619 0.479137 0.902109 1
0.868 9.49513e-24 -2.40996e-12 1.88871e-12 -3.46395e-13 0.47992 0.146302 3.08032 0.503872 0.47992 0.901861 1
0.867 9.34985e-24 -2.3922e-12 1.87317e-12 -3.44209e-13 0.480703 0.146503 3.07719 0.503125 0.480703 0.901613 1
0.866 9.20897e-24 -2.37477e-12 1.85807e-12 -3.42091e-13 0.481487 0.146704 3.07405 0.502379 0.481487 0.901365 1
0.865 9.06892e-24 -2.35734e-12 1.84297e-12 -3.39626e-13 0.48227 0.146904 3.07092 0.501632 0.48227 0.901116 1
0.864 8.93847e-24 -2.34124e-12 1.82854e-12 -3.36937e-13 0.483054 0.147105 3.06779 0.500886 0.483054 0.900867 1
0.863 8.79673e-24 -2.32314e-12 1.81322e-12 -3.34644e-13 0.483837 0.147305 3.06465 0.50014 0.483837 0.900617 1
0.862 8.66948e-24 -2.3071e-12 1.79901e-12 -3.32199e-13 0.484621 0.147505 3.06152 0.499394 0.484621 0.900367 1
0.861 8.54746e-24 -2.29178e-12 1.78502e-12 -3.30044e-13 0.485405 0.147705 3.05838 0.498648 0.485405 0.900117 1
0.86 8.41266e-24 -2.27418e-12 1.77014e-12 -3.27666e-13 0.486189 0.147904 3.05524 0.497902 0.486189 0.899866 1
0.859 8.28682e-24 -2.25781e-12 1.75593e-12 -3.25344e-13 0.486973 0.148104 3.05211 0.497157 0.486973 0.899615 1
0.858 8.16711e-24 -2.24221e-12 1.74216e-12 -3.23252e-13 0.487757 0.148303 3.04897 0.496411 0.487757 0.899364 1
0.857 8.0473e-24 -2.22644e-12 1.7284e-12 -3.20799e-13 0.488541 0.148502 3.04584 0.495666 0.488541 0.899112 1
0.856 7.93001e-24 -2.21084e-12 1.71485e-12 -3.1855e-13 0.489326 0.148701 3.0427 0.494921 0.489326 0.898859 1
0.855 7.80972e-24 -2.19469e-12 1.70086e-12 -3.16437e-13 0.49011 0.1489 3.03956 0.494176 0.49011 0.898607 1
0.854 7.69423e-24 -2.17909e-12 1.68732e-12 -3.14255e-13 0.490894 0.149098 3.03642 0.493431 0.490894 0.898354 1
0.853 7.58432e-24 -2.16444e-12 1.67399e-12 -3.11909e-13 0.491679 0.149297 3.03328 0.492686 0.491679 0.8981 1
0.852 7.47225e-24 -2.14889e-12 1.66089e-12 -3.09748e-13 0.492464 0.149495 3.03015 0.491942 0.492464 0.897847 1
0.851 7.36609e-24 -2.1344e-12 1.64802e-12 -3.07346e-13 0.493248 0.149693 3.02701 0.491197 0.493248 0.897592 1
0.85 7.26042e-24 -2.1198e-12 1.63514e-12 -3.05245e-13 0.494033 0.149891 3.02387 0.490453 0.494033 0.897338 1
0.849 7.14712e-24 -2.10387e-12 1.62137e-12 -3.03311e-13 0.494818 0.150089 3.02073 0.489709 0.494818 0.897083 1
0.848 7.0498e-24 -2.09022e-12 1.60938e-12 -3.01158e-13 0.495603 0.150287 3.01759 0.488965 0.495603 0.896827 1
0.847 6.94333e-24 -2.0749e-12 1.5965e-12 -2.98875e-13 0.496388 0.150484 3.01445 0.488221 0.496388 0.896572 1
0.846 6.84224e-24 -2.06063e-12 1.58362e-12 -2.9697e-13 0.497173 0.150681 3.01131 0.487477 0.497173 0.896316 1
0.845 6.74821e-24 -2.04708e-12 1.57185e-12 -2.94846e-13 0.497958 0.150878 3.00817 0.486734 0.497958 0.896059 1
0.844 6.64948e-24 -2.03271e-12 1.55942e-12 -2.92902e-13 0.498744 0.151075 3.00502 0.48599 0.498744 0.895802 1
0.843 6.55085e-24 -2.01822e-12 1.54698e-12 -2.90658e-13 0.499529 0.151272 3.00188 0.485247 0.499529 0.895545 1
0.842 6.46046e-24 -2.00506e-12 1.53522e-12 -2.88608e-13 0.500315 0.151469 2.99874 0.484504 0.500315 0.895287 1
0.841 6.36996e-24 -1.99174e-12 1.52345e-12 -2.86416e-13 0.5011 0.151665 2.9956 0.483761 0.5011 0.895029 1
0.84 6.27879e-24 -1.9782e-12 1.51146e-12 -2.84654e-13 0.501886 0.151861 2.99246 0.483018 0.501886 0.89477 1
0.839 6.18582e-24 -1.96421e-12 1.49925e-12 -2.82797e-13 0.502672 0.152057 2.98931 0.482275 0.502672 0.894512 1
0.838 6.09828e-24 -1.95083e-12 1.48792e-12 -2.80433e-13 0.503458 0.152253 2.98617 0.481533 0.503458 0.894252 1
0.837 6.00951e-24 -1.93723e-12 1.47615e-12 -2.78621e-13 0.504244 0.152449 2.98302 0.48079 0.504244 0.893993 1
0.836 5.92677e-24 -1.92452e-12 1.46505e-12 -2.76829e-13 0.50503 0.152644 2.97988 0.480048 0.50503 0.893732 1
0.835 5.84249e-24 -1.91147e-12 1.45373e-12 -2.74684e-13 0.505816 0.15284 2.97674 0.479306 0.505816 0.893472 1
0.834 5.75703e-24 -1.8982e-12 1.44196e-12 -2.73156e-13 0.506602 0.153035 2.97359 0.478564 0.506602 0.893211 1
0.833 5.68273e-24 -1.88666e-12 1.43174e-12 -2.70857e-13 0.507389 0.15323 2.97045 0.477822 0.507389 0.89295 1
0.832 5.60205e-24 -1.87389e-12 1.42064e-12 -2.69011e-13 0.508175 0.153424 2.9673 0.47708 0.508175 0.892688 1
0.831 5.52184e-24 -1.86112e-12 1.40954e-12 -2.66946e-13 0.508962 0.153619 2.96415 0.476339 0.508962 0.892426 1
0.83 5.44184e-24 -1.84819e-12 1.39844e-12 -2.65358e-13 0.509748 0.153813 2.96101 0.475597 0.509748 0.892163 1
0.829 5.36464e-24 -1.83575e-12 1.38756e-12 -2.63321e-13 0.510535 0.154008 2.95786 0.474856 0.510535 0.891901 1
0.828 5.29343e-24 -1.8241e-12 1.37756e-12 -2.61573e-13 0.511322 0.154202 2.95471 0.474115 0.511322 0.891637 1
0.827 5.21917e-24 -1.81199e-12 1.36691e-12 -2.59627e-13 0.512109 0.154396 2.95157 0.473374 0.512109 0.891374 1
0.826 5.14523e-24 -1.79984e-12 1.35625e-12 -2.57696e-13 0.512896 0.154589 2.94842 0.472633 0.512896 0.891109 1
0.825 5.07514e-24 -1.78824e-12 1.34603e-12 -2.56004e-13 0.513683 0.154783 2.94527 0.471892 0.513683 0.890845 1
0.824 5.00626e-24 -1.77686e-12 1.33582e-12 -2.54214e-13 0.51447 0.154976 2.94212 0.471152 0.51447 0.89058 1
0.823 4.93779e-24 -1.76525e-12 1.32583e-12 -2.52677e-13 0.515257 0.155169 2.93897 0.470411 0.515257 0.890315 1
0.822 4.87108e-24 -1.7541e-12 1.31584e-12 -2.50605e-13 0.516044 0.155362 2.93582 0.469671 0.516044 0.890049 1
0.821 4.80093e-24 -1.74194e-12 1.30562e-12 -2.48856e-13 0.516832 0.155555 2.93267 0.468931 0.516832 0.889783 1
0.82 4.73234e-24 -1.73023e-12 1.29519e-12 -2.47288e-13 0.517619 0.155748 2.92952 0.468191 0.517619 0.889516 1
0.819 4.67363e-24 -1.72012e-12 1.2863e-12 -2.45399e-13 0.518407 0.15594 2.92637 0.467451 0.518407 0.889249 1
0.818 4.60569e-24 -1.70819e-12 1.27609e-12 -2.43671e-13 0.519195 0.156132 2.92322 0.466712 0.519195 0.888982 1
0.817 4.54518e-24 -1.69764e-12 1.26676e-12 -2.41861e-13 0.519983 0.156324 2.92007 0.465972 0.519983 0.888714 1
0.816 4.48218e-24 -1.68637e-12 1.25722e-12 -2.4028e-13 0.52077 0.156516 2.91692 0.465233 0.52077 0.888446 1
0.815 4.42387e-24 -1.67621e-12 1.24789e-12 -2.38626e-13 0.521558 0.156708 2.91377 0.464493 0.521558 0.888177 1
0.814 4.36262e-24 -1.66522e-12 1.23834e-12 -2.36971e-13 0.522346 0.156899 2.91061 0.463754 0.522346 0.887908 1
0.813 4.3047e-24 -1.65462e-12 1.22946e-12 -2.35276e-13 0.523135 0.157091 2.90746 0.463015 0.523135 0.887639 1
0.812 4.24716e-24 -1.64435e-12 1.22014e-12 -2.33545e-13 0.523923 0.157282 2.90431 0.462277 0.523923 0.887369 1
0.811 4.18856e-24 -1.63364e-12 1.21081e-12 -2.31787e-13 0.524711 0.157473 2.90115 0.461538 0.524711 0.887099 1
0.81 4.13072e-24 -1.62298e-12 1.20148e-12 -2.30422e-13 0.5255 0.157663 2.898 0.4608 0.5255 0.886828 1
0.809 4.0754e-24 -1.61271e-12 1.1926e-12 -2.28627e-13 0.526288 0.157854 2.89485 0.460061 0.526288 0.886557 1
0.808 4.02372e-24 -1.60311e-12 1.18416e-12 -2.27002e-13 0.527077 0.158044 2.89169 0.459323 0.527077 0.886285 1
0.807 3.97003e-24 -1.59311e-12 1.17528e-12 -2.25234e-13 0.527866 0.158234 2.88854 0.458585 0.527866 0.886013 1
0.806 3.91867e-24 -1.58351e-12 1.16662e-12 -2.23953e-13 0.528654 0.158424 2.88538 0.457847 0.528654 0.885741 1
0.805 3.86027e-24 -1.57208e-12 1.1573e-12 -2.22506e-13 0.529443 0.158614 2.88223 0.457109 0.529443 0.885468 1
0.804 3.81113e-24 -1.56269e-12 1.14908e-12 -2.20737e-13 0.530232 0.158804 2.87907 0.456372 0.530232 0.885195 1
0.803 3.7589e-24 -1.5527e-12 1.1402e-12 -2.18997e-13 0.531021 0.158993 2.87591 0.455634 0.531021 0.884921 1
0.802 3.71347e-24 -1.5441e-12 1.13221e-12 -2.17582e-13 0.531811 0.159182 2.87276 0.454897 0.531811 0.884647 1
0.801 3.66374e-24 -1.53422e-12 1.12399e-12 -2.15789e-13 0.5326 0.159371 2.8696 0.45416 0.5326 0.884373 1
0.8 3.61359e-24 -1.52434e-12 1.11533e-12 -2.14546e-13 0.533389 0.15956 2.86644 0.453423 0.533389 0.884098 1
0.799 3.5685e-24 -1.51557e-12 1.10734e-12 -2.12986e-13 0.534179 0.159749 2.86328 0.452686 0.534179 0.883823 1
0.798 3.5171e-24 -1.50513e-12 1.09868e-12 -2.11182e-13 0.534968 0.159937 2.86013 0.451949 0.534968 0.883547 1
0.797 3.47573e-24 -1.49702e-12 1.09113e-12 -2.09968e-13 0.535758 0.160125 2.85697 0.451213 0.535758 0.883271 1
0.796 3.42836e-24 -1.48737e-12 1.08291e-12 -2.08338e-13 0.536548 0.160313 2.85381 0.450476 0.536548 0.882994 1
0.795 3.38284e-24 -1.47804e-12 1.07492e-12 -2.0686e-13 0.537338 0.160501 2.85065 0.44974 0.537338 0.882717 1
0.794 3.33986e-24 -1.46916e-12 1.06737e-12 -2.05335e-13 0.538128 0.160689 2.84749 0.449004 0.538128 0.88244 1
0.793 3.29991e-24 -1.46122e-12 1.05982e-12 -2.03782e-13 0.538918 0.160876 2.84433 0.448268 0.538918 0.882162 1
0.792 3.25785e-24 -1.45262e-12 1.05205e-12 -2.02382e-13 0.539708 0.161063 2.84117 0.447532 0.539708 0.881883 1
0.791 3.21196e-24 -1.4429e-12 1.04383e-12 -2.01036e-13 0.540498 0.16125 2.83801 0.446797 0.540498 0.881605 1
0.79 3.17266e-24 -1.43463e-12 1.03673e-12 -1.99248e-13 0.541288 0.161437 2.83485 0.446061 0.541288 0.881326 1
0.789 3.13147e-24 -1.42597e-12 1.02895e-12 -1.98327e-13 0.542079 0.161624 2.83169 0.445326 0.542079 0.881046 1
0.788 3.09241e-24 -1.41764e-12 1.02185e-12 -1.96257e-13 0.542869 0.16181 2.82852 0.444591 0.542869 0.880766 1
0.787 3.05285e-24 -1.40921e-12 1.0143e-12 -1.95406e-13 0.54366 0.161996 2.82536 0.443856 0.54366 0.880485 1
0.786 3.01351e-24 -1.40071e-12 1.00697e-12 -1.93712e-13 0.544451 0.162182 2.8222 0.443121 0.544451 0.880204 1
0.785 2.9781e-24 -1.39316e-12 1.00009e-12 -1.92396e-13 0.545241 0.162368 2.81903 0.442386 0.545241 0.879923 1
0.784 2.93634e-24 -1.38406e-12 9.92095e-13 -1.9097e-13 0.546032 0.162554 2.81587 0.441652 0.546032 0.879641 1
0.783 2.8995e-24 -1.37601e-12 9.8499e-13 -1.89456e-13 0.546823 0.162739 2.81271 0.440917 0.546823 0.879359 1
0.782 2.86396e-24 -1.36802e-12 9.78329e-13 -1.88042e-13 0.547614 0.162924 2.80954 0.440183 0.547614 0.879076 1
0.781 2.82655e-24 -1.35986e-12 9.70779e-13 -1.86879e-13 0.548405 0.163109 2.80638 0.439449 0.548405 0.878793 1
0.78 2.79387e-24 -1.35247e-12 9.64562e-13 -1.85214e-13 0.549197 0.163294 2.80321 0.438715 0.549197 0.87851 1
0.779 2.75715e-24 -1.34426e-12 9.57234e-13 -1.83908e-13 0.549988 0.163479 2.80005 0.437981 0.549988 0.878226 1
0.778 2.7191e-24 -1.33543e-12 9.49907e-13 -1.82752e-13 0.55078 0.163663 2.79688 0.437247 0.55078 0.877941 1
0.777 2.68804e-24 -1.32855e-12 9.43468e-13 -1.81295e-13 0.551571 0.163847 2.79372 0.436514 0.551571 0.877656 1
0.776 2.6528e-24 -1.32044e-12 9.36362e-13 -1.80139e-13 0.552363 0.164031 2.79055 0.43578 0.552363 0.877371 1
0.775 2.61988e-24 -1.31284e-12 9.29701e-13 -1.78867e-13 0.553155 0.164215 2.78738 0.435047 0.553155 0.877085 1
0.774 2.58824e-24 -1.30546e-12 9.23261e-13 -1.77797e-13 0.553946 0.164398 2.78421 0.434314 0.553946 0.876799 1
0.773 2.55758e-24 -1.29846e-12 9.16822e-13 -1.76099e-13 0.554738 0.164582 2.78105 0.433581 0.554738 0.876513 1
0.772 2.52361e-24 -1.29036e-12 9.09939e-13 -1.74928e-13 0.55553 0.164765 2.77788 0.432849 0.55553 0.876225 1
0.771 2.49382e-24 -1.28336e-12 9.03722e-13 -1.73448e-13 0.556322 0.164948 2.77471 0.432116 0.556322 0.875938 1
0.77 2.4669e-24 -1.27709e-12 8.97948e-13 -1.72131e-13 0.557115 0.16513 2.77154 0.431384 0.557115 0.87565 1
0.769 2.43078e-24 -1.26821e-12 8.90621e-13 -1.70936e-13 0.557907 0.165313 2.76837 0.430651 0.557907 0.875361 1
0.768 2.40512e-24 -1.26227e-12 8.84848e-13 -1.69838e-13 0.558699 0.165495 2.7652 0.429919 0.558699 0.875073 1
0.767 2.37375e-24 -1.25466e-12 8.78186e-13 -1.68399e-13 0.559492 0.165677 2.76203 0.429187 0.559492 0.874783 1
0.766 2.34504e-24 -1.24756e-12 8.72191e-13 -1.67105e-13 0.560285 0.165859 2.75886 0.428455 0.560285 0.874493 1
0.765 2.31647e-24 -1.24056e-12 8.65974e-13 -1.66024e-13 0.561077 0.166041 2.75569 0.427724 0.561077 0.874203 1
0.764 2.28948e-24 -1.23401e-12 8.59979e-13 -1.64715e-13 0.56187 0.166222 2.75252 0.426992 0.56187 0.873912 1
0.763 2.26258e-24 -1.22746e-12 8.53984e-13 -1.63176e-13 0.562663 0.166403 2.74935 0.426261 0.562663 0.873621 1
0.762 2.23323e-24 -1.2198e-12 8.47988e-13 -1.6196e-13 0.563456 0.166584 2.74618 0.42553 0.563456 0.87333 1
0.761 2.20591e-24 -1.21314e-12 8.41549e-13 -1.61218e-13 0.564249 0.166765 2.743 0.424799 0.564249 0.873038 1
0.76 2.17864e-24 -1.2062e-12 8.35554e-13 -1.59885e-13 0.565042 0.166946 2.73983 0.424068 0.565042 0.872745 1
0.759 2.15505e-24 -1.20026e-12 8.30225e-13 -1.5858e-13 0.565836 0.167126 2.73666 0.423337 0.565836 0.872452 1
0.758 2.12748e-24 -1.19321e-12 8.24008e-13 -1.57267e-13 0.566629 0.167306 2.73348 0.422606 0.566629 0.872159 1
0.757 2.10304e-24 -1.18694e-12 8.18456e-13 -1.56031e-13 0.567423 0.167486 2.73031 0.421876 0.567423 0.871865 1
0.756 2.07785e-24 -1.18044e-12 8.12683e-13 -1.54755e-13 0.568216 0.167666 2.72714 0.421146 0.568216 0.87157 1
0.755 2.052e-24 -1.17356e-12 8.0691e-13 -1.53793e-13 0.56901 0.167845 2.72396 0.420416 0.56901 0.871276 1
0.754 2.02857e-24 -1.16751e-12 8.01359e-13 -1.52693e-13 0.569804 0.168024 2.72079 0.419686 0.569804 0.87098 1
0.753 2.00411e-24 -1.16113e-12 7.95586e-13 -1.51445e-13 0.570598 0.168203 2.71761 0.418956 0.570598 0.870684 1
0.752 1.98275e-24 -1.15558e-12 7.90479e-13 -1.50127e-13 0.571391 0.168382 2.71443 0.418226 0.571391 0.870388 1
0.751 1.95738e-24 -1.1488e-12 7.84484e-13 -1.49041e-13 0.572186 0.168561 2.71126 0.417497 0.572186 0.870092 1
0.75 1.93446e-24 -1.14259e-12 7.79155e-13 -1.47891e-13 0.57298 0.168739 2.70808 0.416768 0.57298 0.869794 1
0.749 1.91392e-24 -1.1372e-12 7.74047e-13 -1.46781e-13 0.573774 0.168917 2.7049 0.416038 0.573774 0.869497 1
0.748 1.88881e-24 -1.13021e-12 7.68274e-13 -1.45582e-13 0.574568 0.169095 2.70173 0.415309 0.574568 0.869199 1
0.747 1.86501e-24 -1.12355e-12 7.62723e-13 -1.44605e-13 0.575363 0.169273 2.69855 0.414581 0.575363 0.8689 1
0.746 1.84606e-24 -1.11872e-12 7.57616e-13 -1.43371e-13 0.576157 0.16945 2.69537 0.413852 0.576157 0.868601 1
0.745 1.82406e-24 -1.11261e-12 7.52287e-13 -1.42213e-13 0.576952 0.169628 2.69219 0.413123 0.576952 0.868302 1
0.744 1.80252e-24 -1.1065e-12 7.4718e-13 -1.41049e-13 0.577747 0.169805 2.68901 0.412395 0.577747 0.868002 1
0.743 1.78275e-24 -1.10112e-12 7.42073e-13 -1.40065e-13 0.578542 0.169981 2.68583 0.411667 0.578542 0.867701 1
0.742 1.76e-24 -1.09451e-12 7.36744e-13 -1.38754e-13 0.579337 0.170158 2.68265 0.410939 0.579337 0.8674 1
0.741 1.74081e-24 -1.08913e-12 7.31859e-13 -1.37797e-13 0.580132 0.170334 2.67947 0.410211 0.580132 0.867099 1
0.74 1.72446e-24 -1.08474e-12 7.27418e-13 -1.3658e-13 0.580927 0.17051 2.67629 0.409483 0.580927 0.866797 1
0.739 1.70186e-24 -1.07814e-12 7.21867e-13 -1.35604e-13 0.581722 0.170686 2.67311 0.408756 0.581722 0.866495 1
0.738 1.68246e-24 -1.07253e-12 7.16982e-13 -1.34428e-13 0.582518 0.170862 2.66993 0.408028 0.582518 0.866192 1
0.737 1.66325e-24 -1.06709e-12 7.11875e-13 -1.33434e-13 0.583313 0.171037 2.66675 0.407301 0.583313 0.865889 1
0.736 1.64397e-24 -1.06154e-12 7.06768e-13 -1.32582e-13 0.584109 0.171212 2.66356 0.406574 0.584109 0.865585 1
0.735 1.62599e-24 -1.05632e-12 7.02105e-13 -1.31249e-13 0.584904 0.171387 2.66038 0.405847 0.584904 0.865281 1
0.734 1.60801e-24 -1.05088e-12 6.97664e-13 -1.30068e-13 0.5857 0.171562 2.6572 0.40512 0.5857 0.864976 1
0.733 1.58892e-24 -1.04527e-12 6.92557e-13 -1.29181e-13 0.586496 0.171736 2.65402 0.404394 0.586496 0.864671 1
0.732 1.57043e-24 -1.03978e-12 6.87672e-13 -1.28036e-13 0.587292 0.171911 2.65083 0.403667 0.587292 0.864365 1
0.731 1.55422e-24 -1.03501e-12 6.83231e-13 -1.2719e-13 0.588088 0.172085 2.64765 0.402941 0.588088 0.864059 1
0.73 1.53573e-24 -1.0294e-12 6.78346e-13 -1.26149e-13 0.588884 0.172258 2.64446 0.402215 0.588884 0.863752 1
0.729 1.52102e-24 -1.02518e-12 6.74127e-13 -1.24801e-13 0.589681 0.172432 2.64128 0.401489 0.589681 0.863445 1
0.728 1.50288e-24 -1.01963e-12 6.69242e-13 -1.23914e-13 0.590477 0.172605 2.63809 0.400763 0.590477 0.863137 1
0.727 1.48459e-24 -1.0138e-12 6.6458e-13 -1.23031e-13 0.591273 0.172778 2.63491 0.400038 0.591273 0.862829 1
0.726 1.46901e-24 -1.00914e-12 6.60139e-13 -1.21955e-13 0.59207 0.172951 2.63172 0.399312 0.59207 0.86252 1
0.725 1.45398e-24 -1.00459e-12 6.5592e-13 -1.20658e-13 0.592867 0.173124 2.62853 0.398587 0.592867 0.862211 1
0.724 1.43789e-24 -9.99534e-13 6.51479e-13 -1.1998e-13 0.593664 0.173296 2.62535 0.397862 0.593664 0.861902 1
0.723 1.41922e-24 -9.93594e-13 6.46372e-13 -1.19141e-13 0.59446 0.173468 2.62216 0.397137 0.59446 0.861591 1
0.722 1.40623e-24 -9.89764e-13 6.42375e-13 -1.18134e-13 0.595257 0.17364 2.61897 0.396412 0.595257 0.861281 1
0.721 1.39089e-24 -9.84879e-13 6.38156e-13 -1.16858e-13 0.596055 0.173812 2.61578 0.395687 0.596055 0.86097 1
0.72 1.37556e-24 -9.80049e-13 6.33715e-13 -1.16073e-13 0.596852 0.173983 2.61259 0.394963 0.596852 0.860658 1
0.719 1.35993e-24 -9.75053e-13 6.29274e-13 -1.1494e-13 0.597649 0.174154 2.6094 0.394238 0.597649 0.860346 1
0.718 1.34641e-24 -9.70668e-13 6.255e-13 -1.13876e-13 0.598446 0.174325 2.60621 0.393514 0.598446 0.860034 1
0.717 1.33003e-24 -9.65339e-13 6.20837e-13 -1.12754e-13 0.599244 0.174496 2.60302 0.39279 0.599244 0.85972 1
0.716 1.31774e-24 -9.61453e-13 6.17062e-13 -1.12158e-13 0.600042 0.174666 2.59983 0.392066 0.600042 0.859407 1
0.715 1.30265e-24 -9.56568e-13 6.12621e-13 -1.11024e-13 0.600839 0.174836 2.59664 0.391343 0.600839 0.859093 1
0.714 1.28925e-24 -9.52238e-13 6.08624e-13 -1.09859e-13 0.601637 0.175006 2.59345 0.390619 0.601637 0.858778 1
0.713 1.27642e-24 -9.4813e-13 6.04627e-13 -1.09044e-13 0.602435 0.175176 2.59026 0.389896 0.602435 0.858463 1
0.712 1.26118e-24 -9.42857e-13 6.00409e-13 -1.08199e-13 0.603233 0.175345 2.58707 0.389173 0.603233 0.858147 1
0.711 1.24916e-24 -9.39138e-13 5.96412e-13 -1.07134e-13 0.604031 0.175515 2.58388 0.38845 0.604031 0.857831 1
0.71 1.23625e-24 -9.34752e-13 5.92637e-13 -1.06139e-13 0.604829 0.175684 2.58068 0.387727 0.604829 0.857515 1
0.709 1.22121e-24 -9.29479e-13 5.88418e-13 -1.0507e-13 0.605628 0.175852 2.57749 0.387004 0.605628 0.857198 1
0.708 1.2107e-24 -9.26148e-13 5.84865e-13 -1.04311e-13 0.606426 0.176021 2.5743 0.386282 0.606426 0.85688 1
0.707 1.19701e-24 -9.21374e-13 5.80869e-13 -1.03298e-13 0.607225 0.176189 2.5711 0.385559 0.607225 0.856562 1
0.706 1.1847e-24 -9.17322e-13 5.76872e-13 -1.02193e-13 0.608023 0.176357 2.56791 0.384837 0.608023 0.856243 1
0.705 1.17251e-24 -9.13103e-13 5.73097e-13 -1.01575e-13 0.608822 0.176524 2.56471 0.384115 0.608822 0.855924 1
0.704 1.15952e-24 -9.08607e-13 5.691e-13 -1.00376e-13 0.609621 0.176692 2.56152 0.383393 0.609621 0.855604 1
0.703 1.14786e-24 -9.0461e-13 5.65326e-13 -9.97324e-14 0.61042 0.176859 2.55832 0.382672 0.61042 0.855284 1
0.702 1.13545e-24 -9.00335e-13 5.61329e-13 -9.87643e-14 0.611219 0.177026 2.55512 0.38195 0.611219 0.854964 1
0.701 1.12346e-24 -8.96117e-13 5.57554e-13 -9.78253e-14 0.612018 0.177193 2.55193 0.381229 0.612018 0.854642 1
0.7 1.11221e-24 -8.9212e-13 5.54001e-13 -9.70329e-14 0.612817 0.177359 2.54873 0.380508 0.612817 0.854321 1
0.699 1.10105e-24 -8.88289e-13 5.50227e-13 -9.61389e-14 0.613617 0.177525 2.54553 0.379787 0.613617 0.853998 1
0.698 1.09122e-24 -8.84903e-13 5.46896e-13 -9.52249e-14 0.614416 0.177691 2.54234 0.379066 0.614416 0.853676 1
0.697 1.07832e-24 -8.80185e-13 5.42899e-13 -9.41245e-14 0.615216 0.177857 2.53914 0.378345 0.615216 0.853352 1
0.696 1.06712e-24 -8.76077e-13 5.39346e-13 -9.33663e-14 0.616015 0.178022 2.53594 0.377625 0.616015 0.853028 1
0.695 1.0557e-24 -8.71969e-13 5.35572e-13 -9.23583e-14 0.616815 0.178187 2.53274 0.376904 0.616815 0.852704 1
0.694 1.04572e-24 -8.68361e-13 5.32241e-13 -9.15958e-14 0.617615 0.178352 2.52954 0.376184 0.617615 0.852379 1
0.693 1.03481e-24 -8.64475e-13 5.28466e-13 -9.06614e-14 0.618415 0.178517 2.52634 0.375464 0.618415 0.852054 1
0.692 1.02532e-24 -8.61089e-13 5.25135e-13 -8.98629e-14 0.619215 0.178681 2.52314 0.374744 0.619215 0.851728 1
0.691 1.01664e-24 -8.57925e-13 5.22249e-13 -8.86427e-14 0.620015 0.178845 2.51994 0.374025 0.620015 0.851402 1
0.69 1.00567e-24 -8.53873e-13 5.18474e-13 -8.80548e-14 0.620816 0.179009 2.51674 0.373305 0.620816 0.851075 1
0.689 9.95334e-25 -8.50042e-13 5.14921e-13 -8.72838e-14 0.621616 0.179173 2.51354 0.372586 0.621616 0.850747 1
0.688 9.84963e-25 -8.46045e-13 5.11591e-13 -8.62825e-14 0.622417 0.179336 2.51033 0.371867 0.622417 0.850419 1
0.687 9.74698e-25 -8.42215e-13 5.08038e-13 -8.52563e-14 0.623217 0.179499 2.50713 0.371148 0.623217 0.85009 1
0.686 9.66608e-25 -8.39329e-13 5.04929e-13 -8.4745e-14 0.624018 0.179662 2.50393 0.370429 0.624018 0.849761 1
0.685 9.57641e-25 -8.35942e-13 5.01821e-13 -8.37707e-14 0.624819 0.179824 2.50072 0.36971 0.624819 0.849432 1
0.684 9.46988e-25 -8.31779e-13 4.98268e-13 -8.28256e-14 0.62562 0.179987 2.49752 0.368992 0.62562 0.849102 1
0.683 9.39283e-25 -8.28948e-13 4.95382e-13 -8.20103e-14 0.626421 0.180149 2.49432 0.368274 0.626421 0.848771 1
0.682 9.29235e-25 -8.25062e-13 4.91829e-13 -8.13127e-14 0.627222 0.18031 2.49111 0.367555 0.627222 0.84844 1
0.681 9.19879e-25 -8.21454e-13 4.88498e-13 -8.03853e-14 0.628023 0.180472 2.48791 0.366837 0.628023 0.848108 1
0.68 9.11169e-25 -8.18068e-13 4.8539e-13 -7.95675e-14 0.628825 0.180633 2.4847 0.36612 0.628825 0.847775 1
0.679 9.00887e-25 -8.1396e-13 4.81837e-13 -7.86729e-14 0.629626 0.180794 2.48149 0.365402 0.629626 0.847443 1
0.678 8.92873e-25 -8.10962e-13 4.78728e-13 -7.76665e-14 0.630428 0.180954 2.47829 0.364685 0.630428 0.847109 1
0.677 8.8422e-25 -8.07521e-13 4.7562e-13 -7.69168e-14 0.63123 0.181115 2.47508 0.363967 0.63123 0.846775 1
0.676 8.77536e-25 -8.04912e-13 4.73177e-13 -7.5873e-14 0.632031 0.181275 2.47187 0.36325 0.632031 0.846441 1
0.675 8.68433e-25 -8.01359e-13 4.69624e-13 -7.55608e-14 0.632833 0.181435 2.46867 0.362533 0.632833 0.846106 1
0.674 8.60695e-25 -7.98306e-13 4.66738e-13 -7.45584e-14 0.633635 0.181594 2.46546 0.361817 0.633635 0.84577 1
0.673 8.52819e-25 -7.95253e-13 4.63629e-13 -7.37555e-14 0.634438 0.181754 2.46225 0.3611 0.634438 0.845434 1
0.672 8.42928e-25 -7.91034e-13 4.60298e-13 -7.29276e-14 0.63524 0.181913 2.45904 0.360384 0.63524 0.845097 1
0.671 8.34591e-25 -7.87648e-13 4.5719e-13 -7.1969e-14 0.636042 0.182071 2.45583 0.359667 0.636042 0.84476 1
0.67 8.28763e-25 -7.85427e-13 4.54747e-13 -7.12179e-14 0.636845 0.18223 2.45262 0.358951 0.636845 0.844422 1
0.669 8.20078e-25 -7.81875e-13 4.51417e-13 -7.05198e-14 0.637647 0.182388 2.44941 0.358236 0.637647 0.844084 1
0.668 8.12509e-25 -7.78877e-13 4.48308e-13 -6.98557e-14 0.63845 0.182546 2.4462 0.35752 0.63845 0.843745 1
0.667 8.06038e-25 -7.76212e-13 4.45866e-13 -6.8823e-14 0.639253 0.182703 2.44299 0.356804 0.639253 0.843405 1
0.666 7.97407e-25 -7.72604e-13 4.42535e-13 -6.82065e-14 0.640056 0.182861 2.43978 0.356089 0.640056 0.843065 1
0.665 7.90752e-25 -7.69884e-13 4.3987e-13 -6.74159e-14 0.640859 0.183018 2.43657 0.355374 0.640859 0.842725 1
0.664 7.83574e-25 -7.66942e-13 4.36984e-13 -6.64776e-14 0.641662 0.183174 2.43335 0.354659 0.641662 0.842384 1
0.663 7.75931e-25 -7.63667e-13 4.34097e-13 -6.55989e-14 0.642465 0.183331 2.43014 0.353944 0.642465 0.842042 1
0.662 7.70453e-25 -7.61391e-13 4.31877e-13 -6.49565e-14 0.643268 0.183487 2.42693 0.353229 0.643268 0.8417 1
0.661 7.62323e-25 -7.58116e-13 4.28324e-13 -6.42045e-14 0.644072 0.183643 2.42371 0.352515 0.644072 0.841357 1
0.66 7.55951e-25 -7.5534e-13 4.25882e-13 -6.354e-14 0.644875 0.183799 2.4205 0.351801 0.644875 0.841013 1
0.659 7.48421e-25 -7.52065e-13 4.22995e-13 -6.24052e-14 0.645679 0.183954 2.41728 0.351086 0.645679 0.840669 1
0.658 7.4193e-25 -7.49401e-13 4.20108e-13 -6.1947e-14 0.646483 0.184109 2.41407 0.350373 0.646483 0.840325 1
0.657 7.34681e-25 -7.46236e-13 4.17222e-13 -6.11384e-14 0.647287 0.184264 2.41085 0.349659 0.647287 0.83998 1
0.656 7.30272e-25 -7.4446e-13 4.15223e-13 -6.03355e-14 0.648091 0.184418 2.40764 0.348945 0.648091 0.839634 1
0.655 7.2299e-25 -7.4124e-13 4.12337e-13 -5.94247e-14 0.648895 0.184573 2.40442 0.348232 0.648895 0.839288 1
0.654 7.17294e-25 -7.38909e-13 4.09672e-13 -5.89581e-14 0.649699 0.184727 2.4012 0.347519 0.649699 0.838941 1
0.653 7.10343e-25 -7.35745e-13 4.07008e-13 -5.80304e-14 0.650503 0.18488 2.39799 0.346805 0.650503 0.838594 1
0.652 7.03531e-25 -7.32747e-13 4.04121e-13 -5.74339e-14 0.651308 0.185033 2.39477 0.346093 0.651308 0.838246 1
0.651 6.96982e-25 -7.29805e-13 4.01457e-13 -5.65576e-14 0.652112 0.185186 2.39155 0.34538 0.652112 0.837897 1
0.65 6.91621e-25 -7.27418e-13 3.99236e-13 -5.56255e-14 0.652917 0.185339 2.38833 0.344667 0.652917 0.837548 1
0.649 6.8514e-25 -7.24698e-13 3.96128e-13 -5.50964e-14 0.653722 0.185492 2.38511 0.343955 0.653722 0.837198 1
0.648 6.79932e-25 -7.22478e-13 3.93685e-13 -5.4499e-14 0.654527 0.185644 2.38189 0.343243 0.654527 0.836848 1
0.647 6.73916e-25 -7.19591e-13 3.91465e-13 -5.34789e-14 0.655332 0.185796 2.37867 0.342531 0.655332 0.836497 1
0.646 6.67855e-25 -7.16871e-13 3.888e-13 -5.27784e-14 0.656137 0.185947 2.37545 0.341819 0.656137 0.836146 1
0.645 6.63114e-25 -7.14817e-13 3.8658e-13 -5.20284e-14 0.656942 0.186099 2.37223 0.341108 0.656942 0.835793 1
0.644 6.57524e-25 -7.12375e-13 3.83915e-13 -5.15304e-14 0.657748 0.186249 2.36901 0.340396 0.657748 0.835441 1
0.643 6.51352e-25 -7.09544e-13 3.81251e-13 -5.0478e-14 0.658553 0.1864 2.36579 0.339685 0.658553 0.835088 1
0.642 6.46447e-25 -7.07323e-13 3.7903e-13 -4.97666e-14 0.659359 0.186551 2.36257 0.338974 0.659359 0.834734 1
0.641 6.40366e-25 -7.04492e-13 3.76366e-13 -4.90541e-14 0.660164 0.186701 2.35934 0.338263 0.660164 0.834379 1
0.64 6.34341e-25 -7.01661e-13 3.73701e-13 -4.85884e-14 0.66097 0.18685 2.35612 0.337552 0.66097 0.834024 1
0.639 6.30273e-25 -6.99885e-13 3.71703e-13 -4.76664e-14 0.661776 0.187 2.3529 0.336842 0.661776 0.833669 1
0.638 6.25448e-25 -6.97664e-13 3.69482e-13 -4.68597e-14 0.662582 0.187149 2.34967 0.336131 0.662582 0.833312 1
0.637 6.20645e-25 -6.95555e-13 3.6704e-13 -4.6158e-14 0.663388 0.187298 2.34645 0.335421 0.663388 0.832956 1
0.636 6.14102e-25 -6.92391e-13 3.64153e-13 -4.57162e-14 0.664194 0.187446 2.34322 0.334711 0.664194 0.832598 1
0.635 6.09802e-25 -6.90392e-13 3.62155e-13 -4.47775e-14 0.665001 0.187595 2.34 0.334001 0.665001 0.83224 1
0.634 6.04912e-25 -6.88061e-13 3.59934e-13 -4.39562e-14 0.665807 0.187743 2.33677 0.333292 0.665807 0.831882 1
0.633 6.00209e-25 -6.8584e-13 3.57714e-13 -4.32733e-14 0.666614 0.18789 2.33354 0.332582 0.666614 0.831522 1
0.632 5.94676e-25 -6.83231e-13 3.55049e-13 -4.25595e-14 0.667421 0.188038 2.33032 0.331873 0.667421 0.831163 1
0.631 5.90929e-25 -6.81566e-13 3.53051e-13 -4.18538e-14 0.668228 0.188185 2.32709 0.331164 0.668228 0.830802 1
0.63 5.86275e-25 -6.79345e-13 3.5083e-13 -4.10201e-14 0.669034 0.188331 2.32386 0.330455 0.669034 0.830441 1
0.629 5.8167e-25 -6.77125e-13 3.4861e-13 -4.05277e-14 0.669842 0.188478 2.32063 0.329746 0.669842 0.830079 1
0.628 5.75558e-25 -6.74127e-13 3.45723e-13 -3.98167e-14 0.670649 0.188624 2.31741 0.329038 0.670649 0.829717 1
0.627 5.72958e-25 -6.73017e-13 3.44169e-13 -3.94199e-14 0.671456 0.18877 2.31418 0.32833 0.671456 0.829354 1
0.626 5.67473e-25 -6.70242e-13 3.41727e-13 -3.83661e-14 0.672263 0.188915 2.31095 0.327622 0.672263 0.828991 1
0.625 5.63836e-25 -6.68576e-13 3.39728e-13 -3.77746e-14 0.673071 0.18906 2.30772 0.326914 0.673071 0.828627 1
0.624 5.59237e-25 -6.66189e-13 3.3773e-13 -3.69832e-14 0.673879 0.189205 2.30449 0.326206 0.673879 0.828262 1
0.623 5.54449e-25 -6.63969e-13 3.35065e-13 -3.64048e-14 0.674686 0.18935 2.30125 0.325498 0.674686 0.827897 1
0.622 5.50348e-25 -6.61915e-13 3.33067e-13 -3.58133e-14 0.675494 0.189494 2.29802 0.324791 0.675494 0.827531 1
0.621 5.4625e-25 -6.59972e-13 3.30846e-13 -3.5037e-14 0.676302 0.189638 2.29479 0.324084 0.676302 0.827164 1
0.62 5.42469e-25 -6.58029e-13 3.2907e-13 -3.43393e-14 0.67711 0.189781 2.29156 0.323377 0.67711 0.826797 1
0.619 5.37992e-25 -6.55864e-13 3.26628e-13 -3.38833e-14 0.677919 0.189924 2.28833 0.32267 0.677919 0.826429 1
0.618 5.34821e-25 -6.54365e-13 3.24851e-13 -3.31464e-14 0.678727 0.190067 2.28509 0.321963 0.678727 0.82606 1
0.617 5.2992e-25 -6.51867e-13 3.22409e-13 -3.22687e-14 0.679535 0.19021 2.28186 0.321257 0.679535 0.825691 1
0.616 5.25645e-25 -6.49591e-13 3.2041e-13 -3.18287e-14 0.680344 0.190352 2.27862 0.32055 0.680344 0.825322 1
0.615 5.22448e-25 -6.48148e-13 3.18412e-13 -3.1072e-14 0.681153 0.190494 2.27539 0.319844 0.681153 0.824951 1
0.614 5.18252e-25 -6.45928e-13 3.16414e-13 -3.01885e-14 0.681962 0.190636 2.27215 0.319138 0.681962 0.82458 1
0.613 5.1552e-25 -6.44707e-13 3.14637e-13 -2.96161e-14 0.68277 0.190777 2.26892 0.318433 0.68277 0.824209 1
0.612 5.10446e-25 -6.41986e-13 3.12195e-13 -2.88693e-14 0.68358 0.190918 2.26568 0.317727 0.68358 0.823836 1
0.611 5.07243e-25 -6.40488e-13 3.10196e-13 -2.82228e-14 0.684389 0.191059 2.26245 0.317022 0.684389 0.823463 1
0.61 5.04112e-25 -6.38822e-13 3.08642e-13 -2.75354e-14 0.685198 0.191199 2.25921 0.316317 0.685198 0.82309 1
0.609 5.0093e-25 -6.37213e-13 3.06866e-13 -2.69008e-14 0.686007 0.191339 2.25597 0.315612 0.686007 0.822716 1
0.608 4.96099e-25 -6.34715e-13 3.04201e-13 -2.64229e-14 0.686817 0.191479 2.25273 0.314907 0.686817 0.822341 1
0.607 4.93219e-25 -6.33327e-13 3.02425e-13 -2.56122e-14 0.687627 0.191618 2.24949 0.314203 0.687627 0.821965 1
0.606 4.89527e-25 -6.31384e-13 3.00426e-13 -2.50125e-14 0.688436 0.191757 2.24625 0.313498 0.688436 0.821589 1
0.605 4.86607e-25 -6.29941e-13 2.9865e-13 -2.42874e-14 0.689246 0.191896 2.24302 0.312794 0.689246 0.821212 1
0.604 4.82587e-25 -6.2772e-13 2.96652e-13 -2.35088e-14 0.690056 0.192034 2.23977 0.31209 0.690056 0.820835 1
0.603 4.78888e-25 -6.25833e-13 2.94431e-13 -2.3052e-14 0.690866 0.192172 2.23653 0.311386 0.690866 0.820457 1
0.602 4.7703e-25 -6.25e-13 2.93099e-13 -2.2326e-14 0.691677 0.19231 2.23329 0.310683 0.691677 0.820078 1
0.601 4.72379e-25 -6.22336e-13 2.90878e-13 -2.1611e-14 0.692487 0.192447 2.23005 0.309979 0.692487 0.819699 1
0.6 4.69666e-25 -6.21003e-13 2.89102e-13 -2.09911e-14 0.693298 0.192584 2.22681 0.309276 0.693298 0.819319 1
0.599 4.67144e-25 -6.19726e-13 2.87548e-13 -1.99873e-14 0.694108 0.192721 2.22357 0.308573 0.694108 0.818938 1
0.598 4.62442e-25 -6.17062e-13 2.85105e-13 -1.97873e-14 0.694919 0.192857 2.22032 0.30787 0.694919 0.818557 1
0.597 4.59624e-25 -6.15619e-13 2.83329e-13 -1.90413e-14 0.69573 0.192993 2.21708 0.307168 0.69573 0.818175 1
0.596 4.57477e-25 -6.14508e-13 2.81997e-13 -1.82922e-14 0.696541 0.193129 2.21384 0.306465 0.696541 0.817792 1
0.595 4.55436e-25 -6.13676e-13 2.8022e-13 -1.7733e-14 0.697352 0.193264 2.21059 0.305763 0.697352 0.817408 1
0.594 4.51381e-25 -6.114e-13 2.78e-13 -1.69549e-14 0.698163 0.193399 2.20735 0.305061 0.698163 0.817024 1
0.593 4.4881e-25 -6.10012e-13 2.76446e-13 -1.65363e-14 0.698974 0.193533 2.2041 0.304359 0.698974 0.81664 1
0.592 4.46034e-25 -6.08458e-13 2.74891e-13 -1.57464e-14 0.699786 0.193668 2.20086 0.303657 0.699786 0.816254 1
0.591 4.43285e-25 -6.07014e-13 2.73115e-13 -1.50681e-14 0.700597 0.193802 2.19761 0.302956 0.700597 0.815868 1
0.59 4.39874e-25 -6.05016e-13 2.71339e-13 -1.43188e-14 0.701409 0.193935 2.19436 0.302255 0.701409 0.815482 1
0.589 4.37308e-25 -6.03795e-13 2.6934e-13 -1.39795e-14 0.702221 0.194068 2.19112 0.301554 0.702221 0.815094 1
0.588 4.34707e-25 -6.02352e-13 2.67786e-13 -1.3066e-14 0.703033 0.194201 2.18787 0.300853 0.703033 0.814706 1
0.587 4.31812e-25 -6.00742e-13 2.66009e-13 -1.26576e-14 0.703845 0.194334 2.18462 0.300152 0.703845 0.814317 1
0.586 4.29237e-25 -5.99298e-13 2.64455e-13 -1.19027e-14 0.704657 0.194466 2.18137 0.299451 0.704657 0.813928 1
0.585 4.26558e-25 -5.97855e-13 2.62679e-13 -1.12804e-14 0.70547 0.194598 2.17812 0.298751 0.70547 0.813538 1
0.584 4.2505e-25 -5.97189e-13 2.61346e-13 -1.06294e-14 0.706282 0.194729 2.17487 0.298051 0.706282 0.813147 1
0.583 4.21744e-25 -5.95302e-13 2.59348e-13 -9.95119e-15 0.707095 0.19486 2.17162 0.297351 0.707095 0.812755 1
0.582 4.18703e-25 -5.93525e-13 2.57572e-13 -9.3653e-15 0.707907 0.194991 2.16837 0.296652 0.707907 0.812363 1
0.581 4.16513e-25 -5.92359e-13 2.56017e-13 -8.83785e-15 0.70872 0.195121 2.16512 0.295952 0.70872 0.81197 1
0.58 4.14345e-25 -5.91305e-13 2.54241e-13 -8.08762e-15 0.709533 0.195251 2.16187 0.295253 0.709533 0.811577 1
0.579 4.11889e-25 -5.89806e-13 2.52909e-13 -7.40411e-15 0.710346 0.195381 2.15862 0.294554 0.710346 0.811182 1
0.578 4.09396e-25 -5.88363e-13 2.51354e-13 -6.80584e-15 0.711159 0.19551 2.15536 0.293855 0.711159 0.810787 1
0.577 4.07021e-25 -5.87197e-13 2.49356e-13 -6.46624e-15 0.711973 0.195639 2.15211 0.293156 0.711973 0.810392 1
0.576 4.05112e-25 -5.86142e-13 2.48024e-13 -5.74665e-15 0.712786 0.195768 2.14886 0.292458 0.712786 0.809995 1
0.575 4.02275e-25 -5.84477e-13 2.46247e-13 -4.91768e-15 0.7136 0.195896 2.1456 0.291759 0.7136 0.809598 1
0.574 4.00602e-25 -5.837e-13 2.44693e-13 -4.67547e-15 0.714413 0.196024 2.14235 0.291061 0.714413 0.8092 1
0.573 3.98261e-25 -5.82256e-13 2.43361e-13 -3.74219e-15 0.715227 0.196151 2.13909 0.290363 0.715227 0.808802 1
0.572 3.95675e-25 -5.80869e-13 2.41362e-13 -3.23231e-15 0.716041 0.196278 2.13584 0.289666 0.716041 0.808403 1
0.571 3.93547e-25 -5.79592e-13 2.4003e-13 -2.45907e-15 0.716855 0.196405 2.13258 0.288968 0.716855 0.808003 1
0.57 3.92071e-25 -5.7887e-13 2.38698e-13 -1.86918e-15 0.717669 0.196531 2.12932 0.288271 0.717669 0.807602 1
0.569 3.89235e-25 -5.77149e-13 2.36922e-13 -1.37971e-15 0.718484 0.196657 2.12607 0.287574 0.718484 0.807201 1
0.568 3.8722e-25 -5.76039e-13 2.35367e-13 -8.25849e-16 0.719298 0.196783 2.12281 0.286877 0.719298 0.806799 1
0.567 3.8538e-25 -5.74985e-13 2.34035e-13 -9.48327e-18 0.720113 0.196908 2.11955 0.28618 0.720113 0.806396 1
0.566 3.83483e-25 -5.73874e-13 2.32703e-13 7.59602e-16 0.720928 0.197033 2.11629 0.285484 0.720928 0.805992 1
0.565 3.8172e-25 -5.72875e-13 2.3137e-13 1.43516e-15 0.721742 0.197158 2.11303 0.284788 0.721742 0.805588 1
0.564 3.79149e-25 -5.71432e-13 2.29372e-13 1.90914e-15 0.722557 0.197282 2.10977 0.284092 0.722557 0.805183 1
0.563 3.77427e-25 -5.70544e-13 2.27818e-13 2.37597e-15 0.723372 0.197405 2.10651 0.283396 0.723372 0.804777 1
0.562 3.75407e-25 -5.69211e-13 2.26708e-13 3.08233e-15 0.724188 0.197529 2.10325 0.2827 0.724188 0.804371 1
0.561 3.73534e-25 -5.68268e-13 2.24931e-13 3.49252e-15 0.725003 0.197652 2.09999 0.282005 0.725003 0.803964 1
0.56 3.71907e-25 -5.67268e-13 2.23821e-13 4.23531e-15 0.725819 0.197774 2.09673 0.28131 0.725819 0.803556 1
0.559 3.69897e-25 -5.66103e-13 2.22267e-13 4.76131e-15 0.726634 0.197897 2.09346 0.280615 0.726634 0.803147 1
0.558 3.68245e-25 -5.65159e-13 2.20934e-13 5.30667e-15 0.72745 0.198018 2.0902 0.27992 0.72745 0.802738 1
0.557 3.66914e-25 -5.64493e-13 2.19602e-13 6.06942e-15 0.728266 0.19814 2.08694 0.279225 0.728266 0.802328 1
0.556 3.64704e-25 -5.63216e-13 2.17826e-13 6.58769e-15 0.729082 0.198261 2.08367 0.278531 0.729082 0.801917 1
0.555 3.63108e-25 -5.62217e-13 2.16716e-13 7.36375e-15 0.729898 0.198382 2.08041 0.277837 0.729898 0.801505 1
0.554 3.61076e-25 -5.60996e-13 2.15161e-13 8.06727e-15 0.730714 0.198502 2.07714 0.277143 0.730714 0.801093 1
0.553 3.60202e-25 -5.60552e-13 2.14273e-13 8.39494e-15 0.731531 0.198622 2.07388 0.276449 0.731531 0.80068 1
0.552 3.57839e-25 -5.59108e-13 2.12497e-13 9.05437e-15 0.732347 0.198741 2.07061 0.275755 0.732347 0.800266 1
0.551 3.56416e-25 -5.58331e-13 2.11164e-13 9.56098e-15 0.733164 0.19886 2.06734 0.275062 0.733164 0.799851 1
0.55 3.55343e-25 -5.57776e-13 2.10054e-13 1.02962e-14 0.733981 0.198979 2.06408 0.274369 0.733981 0.799436 1
0.549 3.53066e-25 -5.56388e-13 2.08278e-13 1.08846e-14 0.734798 0.199097 2.06081 0.273676 0.734798 0.79902 1
0.548 3.51879e-25 -5.55722e-13 2.07168e-13 1.15629e-14 0.735615 0.199215 2.05754 0.272983 0.735615 0.798603 1
0.547 3.5011e-25 -5.54612e-13 2.05835e-13 1.21293e-14 0.736432 0.199333 2.05427 0.272291 0.736432 0.798185 1
0.546 3.48807e-25 -5.54001e-13 2.04281e-13 1.26044e-14 0.737249 0.19945 2.051 0.271599 0.737249 0.797767 1
0.545 3.47237e-25 -5.53058e-13 2.02949e-13 1.32721e-14 0.738067 0.199567 2.04773 0.270906 0.738067 0.797348 1
0.544 3.45735e-25 -5.52169e-13 2.01617e-13 1.39434e-14 0.738884 0.199683 2.04446 0.270215 0.738884 0.796928 1
0.543 3.44594e-25 -5.51448e-13 2.00728e-13 1.44011e-14 0.739702 0.199799 2.04119 0.269523 0.739702 0.796507 1
0.542 3.43196e-25 -5.50726e-13 1.99174e-13 1.5051e-14 0.74052 0.199914 2.03792 0.268832 0.74052 0.796086 1
0.541 3.4147e-25 -5.49616e-13 1.97842e-13 1.58326e-14 0.741338 0.20003 2.03465 0.26814 0.741338 0.795663 1
0.54 3.40219e-25 -5.4895e-13 1.96509e-13 1.60409e-14 0.742156 0.200144 2.03138 0.267449 0.742156 0.79524 1
0.539 3.38812e-25 -5.48117e-13 1.95177e-13 1.68956e-14 0.742974 0.200259 2.0281 0.266759 0.742974 0.794816 1
0.538 3.37392e-25 -5.47284e-13 1.93845e-13 1.72149e-14 0.743793 0.200372 2.02483 0.266068 0.743793 0.794392 1
0.537 3.35815e-25 -5.46285e-13 1.92513e-13 1.8066e-14 0.744611 0.200486 2.02156 0.265378 0.744611 0.793966 1
0.536 3.35165e-25 -5.46063e-13 1.91402e-13 1.8578e-14 0.74543 0.200599 2.01828 0.264688 0.74543 0.79354 1
0.535 3.33794e-25 -5.45175e-13 1.90292e-13 1.9172e-14 0.746249 0.200712 2.01501 0.263998 0.746249 0.793113 1
0.534 3.32677e-25 -5.44509e-13 1.89182e-13 1.99288e-14 0.747067 0.200824 2.01173 0.263308 0.747067 0.792685 1
0.533 3.31787e-25 -5.44065e-13 1.88072e-13 2.0242e-14 0.747887 0.200936 2.00845 0.262618 0.747887 0.792257 1
0.532 3.30153e-25 -5.43066e-13 1.86517e-13 2.10641e-14 0.748706 0.201047 2.00518 0.261929 0.748706 0.791827 1
0.531 3.29099e-25 -5.42455e-13 1.85407e-13 2.15758e-14 0.749525 0.201158 2.0019 0.26124 0.749525 0.791397 1
0.53 3.27547e-25 -5.41456e-13 1.84075e-13 2.2121e-14 0.750345 0.201269 1.99862 0.260551 0.750345 0.790966 1
0.529 3.26688e-25 -5.41012e-13 1.82965e-13 2.27612e-14 0.751164 0.201379 1.99534 0.259863 0.751164 0.790534 1
0.528 3.2571e-25 -5.40457e-13 1.81855e-13 2.33578e-14 0.751984 0.201489 1.99206 0.259174 0.751984 0.790102 1
0.527 3.24889e-25 -5.40124e-13 1.80522e-13 2.38124e-14 0.752804 0.201598 1.98878 0.258486 0.752804 0.789668 1
0.526 3.23806e-25 -5.39457e-13 1.79412e-13 2.45617e-14 0.753624 0.201707 1.9855 0.257798 0.753624 0.789234 1
0.525 3.22526e-25 -5.3868e-13 1.7808e-13 2.52413e-14 0.754444 0.201815 1.98222 0.25711 0.754444 0.788799 1
0.524 3.21267e-25 -5.37848e-13 1.7697e-13 2.58577e-14 0.755264 0.201923 1.97894 0.256423 0.755264 0.788363 1
0.523 3.21177e-25 -5.37959e-13 1.76303e-13 2.63523e-14 0.756085 0.202031 1.97566 0.255736 0.756085 0.787927 1
0.522 3.19183e-25 -5.36737e-13 1.74305e-13 2.67244e-14 0.756905 0.202138 1.97238 0.255049 0.756905 0.787489 1
0.521 3.18896e-25 -5.36571e-13 1.73861e-13 2.75656e-14 0.757726 0.202245 1.9691 0.254362 0.757726 0.787051 1
0.52 3.17626e-25 -5.35794e-13 1.72529e-13 2.80165e-14 0.758547 0.202351 1.96581 0.253675 0.758547 0.786612 1
0.519 3.16658e-25 -5.35294e-13 1.71196e-13 2.84534e-14 0.759368 0.202457 1.96253 0.252989 0.759368 0.786172 1
0.518 3.1564e-25 -5.34739e-13 1.69864e-13 2.89934e-14 0.760189 0.202562 1.95924 0.252303 0.760189 0.785731 1
0.517 3.15459e-25 -5.34739e-13 1.69198e-13 2.97503e-14 0.76101 0.202667 1.95596 0.251617 0.76101 0.785289 1
0.516 3.14272e-25 -5.34017e-13 1.67866e-13 3.03112e-14 0.761832 0.202772 1.95267 0.250931 0.761832 0.784847 1
0.515 3.13748e-25 -5.33684e-13 1.672e-13 3.11998e-14 0.762653 0.202876 1.94939 0.250245 0.762653 0.784403 1
0.514 3.12306e-25 -5.32796e-13 1.65645e-13 3.15634e-14 0.763475 0.20298 1.9461 0.24956 0.763475 0.783959 1
0.513 3.11823e-25 -5.32574e-13 1.64757e-13 3.22979e-14 0.764297 0.203083 1.94281 0.248875 0.764297 0.783514 1
0.512 3.10771e-25 -5.31963e-13 1.63425e-13 3.28342e-14 0.765119 0.203186 1.93952 0.24819 0.765119 0.783068 1
0.511 3.10514e-25 -5.31963e-13 1.62537e-13 3.3327e-14 0.765941 0.203288 1.93624 0.247506 0.765941 0.782621 1
0.51 3.09237e-25 -5.31131e-13 1.61204e-13 3.39187e-14 0.766763 0.20339 1.93295 0.246821 0.766763 0.782174 1
0.509 3.08883e-25 -5.31047e-13 1.60316e-13 3.42116e-14 0.767586 0.203491 1.92966 0.246137 0.767586 0.781725 1
0.508 3.08151e-25 -5.30576e-13 1.59428e-13 3.49764e-14 0.768408 0.203592 1.92637 0.245453 0.768408 0.781276 1
0.507 3.07844e-25 -5.30576e-13 1.58318e-13 3.56194e-14 0.769231 0.203693 1.92308 0.24477 0.769231 0.780826 1
0.506 3.07184e-25 -5.30243e-13 1.57208e-13 3.62335e-14 0.770054 0.203793 1.91978 0.244086 0.770054 0.780375 1
0.505 3.06207e-25 -5.29604e-13 1.56097e-13 3.68821e-14 0.770877 0.203892 1.91649 0.243403 0.770877 0.779923 1
0.504 3.05453e-25 -5.29105e-13 1.55209e-13 3.75675e-14 0.7717 0.203992 1.9132 0.24272 0.7717 0.77947 1
0.503 3.05e-25 -5.28966e-13 1.54099e-13 3.80584e-14 0.772523 0.20409 1.90991 0.242037 0.772523 0.779016 1
0.502 3.04841e-25 -5.29049e-13 1.53211e-13 3.83945e-14 0.773347 0.204189 1.90661 0.241355 0.773347 0.778562 1
0.501 3.03915e-25 -5.28438e-13 1.52101e-13 3.91541e-14 0.77417 0.204286 1.90332 0.240673 0.77417 0.778106 1
0.5 3.03351e-25 -5.28189e-13 1.5099e-13 3.96135e-14 0.774994 0.204384 1.90002 0.23999 0.774994 0.77765 1
0.499 3.02721e-25 -5.27856e-13 1.4988e-13 4.03201e-14 0.775818 0.20448 1.89673 0.239309 0.775818 0.777192 1
0.498 3.02164e-25 -5.2755e-13 1.48992e-13 4.07019e-14 0.776642 0.204577 1.89343 0.238627 0.776642 0.776734 1
0.497 3.01746e-25 -5.27356e-13 1.48104e-13 4.13217e-14 0.777466 0.204673 1.89014 0.237946 0.777466 0.776275 1
0.496 3.01996e-25 -5.27717e-13 1.47438e-13 4.21101e-14 0.77829 0.204768 1.88684 0.237265 0.77829 0.775815 1
0.495 3.00885e-25 -5.26995e-13 1.46105e-13 4.26005e-14 0.779115 0.204863 1.88354 0.236584 0.779115 0.775355 1
0.494 3.00457e-25 -5.26773e-13 1.45217e-13 4.33449e-14 0.779939 0.204958 1.88024 0.235903 0.779939 0.774893 1
0.493 3.00208e-25 -5.26745e-13 1.44329e-13 4.37806e-14 0.780764 0.205052 1.87694 0.235223 0.780764 0.77443 1
0.492 2.99929e-25 -5.2669e-13 1.43441e-13 4.41817e-14 0.781589 0.205145 1.87364 0.234543 0.781589 0.773967 1
0.491 2.9915e-25 -5.2619e-13 1.42331e-13 4.48935e-14 0.782414 0.205238 1.87034 0.233863 0.782414 0.773502 1
0.49 2.9846e-25 -5.25774e-13 1.4122e-13 4.55884e-14 0.783239 0.205331 1.86704 0.233183 0.783239 0.773037 1
0.489 2.98328e-25 -5.25913e-13 1.4011e-13 4.59695e-14 0.784065 0.205423 1.86374 0.232504 0.784065 0.772571 1
0.488 2.98437e-25 -5.26051e-13 1.39666e-13 4.69114e-14 0.78489 0.205515 1.86044 0.231824 0.78489 0.772103 1
0.487 2.98343e-25 -5.26218e-13 1.38556e-13 4.73323e-14 0.785716 0.205606 1.85714 0.231145 0.785716 0.771635 1
0.486 2.97594e-25 -5.25691e-13 1.37668e-13 4.78685e-14 0.786542 0.205696 1.85383 0.230467 0.786542 0.771166 1
0.485 2.9726e-25 -5.25552e-13 1.36779e-13 4.84405e-14 0.787368 0.205787 1.85053 0.229788 0.787368 0.770696 1
0.484 2.97198e-25 -5.25663e-13 1.35891e-13 4.90909e-14 0.788194 0.205876 1.84723 0.22911 0.788194 0.770225 1
0.483 2.96673e-25 -5.2533e-13 1.35003e-13 4.97532e-14 0.78902 0.205965 1.84392 0.228432 0.78902 0.769753 1
0.482 2.96688e-25 -5.25524e-13 1.34115e-13 5.02516e-14 0.789846 0.206054 1.84061 0.227754 0.789846 0.769281 1
0.481 2.96083e-25 -5.25247e-13 1.32783e-13 5.06738e-14 0.790673 0.206142 1.83731 0.227077 0.790673 0.768807 1
0.48 2.95934e-25 -5.25219e-13 1.32117e-13 5.12255e-14 0.7915 0.20623 1.834 0.226399 0.7915 0.768332 1
0.479 2.96316e-25 -5.25663e-13 1.3145e-13 5.21102e-14 0.792326 0.206317 1.83069 0.225722 0.792326 0.767857 1
0.478 2.95961e-25 -5.25552e-13 1.3034e-13 5.26138e-14 0.793153 0.206404 1.82739 0.225045 0.793153 0.76738 1
0.477 2.95832e-25 -5.25469e-13 1.29896e-13 5.33049e-14 0.793981 0.20649 1.82408 0.224369 0.793981 0.766902 1
0.476 2.95485e-25 -5.25413e-13 1.28564e-13 5.38258e-14 0.794808 0.206576 1.82077 0.223693 0.794808 0.766424 1
0.475 2.95847e-25 -5.25774e-13 1.2812e-13 5.47208e-14 0.795635 0.206661 1.81746 0.223017 0.795635 0.765944 1
0.474 2.94945e-25 -5.25274e-13 1.26565e-13 5.4892e-14 0.796463 0.206746 1.81415 0.222341 0.796463 0.765464 1
0.473 2.95407e-25 -5.25718e-13 1.26121e-13 5.58634e-14 0.797291 0.20683 1.81084 0.221665 0.797291 0.764983 1
0.472 2.94748e-25 -5.25385e-13 1.24789e-13 5.6089e-14 0.798119 0.206914 1.80753 0.22099 0.798119 0.7645 1
0.471 2.95215e-25 -5.25913e-13 1.24123e-13 5.67828e-14 0.798947 0.206997 1.80421 0.220315 0.798947 0.764017 1
0.47 2.95118e-25 -5.25913e-13 1.23457e-13 5.73795e-14 0.799775 0.207079 1.8009 0.21964 0.799775 0.763532 1
0.469 2.94805e-25 -5.25829e-13 1.22347e-13 5.77875e-14 0.800603 0.207161 1.79759 0.218966 0.800603 0.763047 1
0.468 2.95423e-25 -5.2644e-13 1.21902e-13 5.85089e-14 0.801432 0.207243 1.79427 0.218291 0.801432 0.762561 1
0.467 2.95208e-25 -5.26301e-13 1.21236e-13 5.93017e-14 0.802261 0.207324 1.79096 0.217617 0.802261 0.762073 1
0.466 2.9538e-25 -5.26607e-13 1.20348e-13 5.98465e-14 0.80309 0.207405 1.78764 0.216943 0.80309 0.761585 1
0.465 2.9563e-25 -5.26967e-13 1.1946e-13 6.05409e-14 0.803919 0.207485 1.78433 0.21627 0.803919 0.761096 1
0.464 2.95257e-25 -5.26829e-13 1.1835e-13 6.08471e-14 0.804748 0.207564 1.78101 0.215597 0.804748 0.760605 1
0.463 2.95785e-25 -5.27328e-13 1.17906e-13 6.17109e-14 0.805577 0.207643 1.77769 0.214923 0.805577 0.760114 1
0.462 2.96259e-25 -5.278e-13 1.17462e-13 6.23624e-14 0.806407 0.207722 1.77437 0.214251 0.806407 0.759622 1
0.461 2.95817e-25 -5.27661e-13 1.16129e-13 6.24905e-14 0.807236 0.2078 1.77105 0.213578 0.807236 0.759128 1
0.46 2.96222e-25 -5.2805e-13 1.15685e-13 6.32642e-14 0.808066 0.207877 1.76774 0.212906 0.808066 0.758634 1
0.459 2.96404e-25 -5.28438e-13 1.14353e-13 6.38796e-14 0.808896 0.207954 1.76442 0.212234 0.808896 0.758138 1
0.458 2.96381e-25 -5.28494e-13 1.13687e-13 6.4424e-14 0.809726 0.20803 1.76109 0.211562 0.809726 0.757642 1
0.457 2.96478e-25 -5.28716e-13 1.12799e-13 6.49124e-14 0.810557 0.208106 1.75777 0.210891 0.810557 0.757145 1
0.456 2.96996e-25 -5.29188e-13 1.12355e-13 6.58198e-14 0.811387 0.208181 1.75445 0.210219 0.811387 0.756646 1
0.455 2.97477e-25 -5.29715e-13 1.11688e-13 6.63705e-14 0.812218 0.208256 1.75113 0.209548 0.812218 0.756147 1
0.454 2.97496e-25 -5.29882e-13 1.108e-13 6.66651e-14 0.813049 0.20833 1.74781 0.208878 0.813049 0.755646 1
0.453 2.97668e-25 -5.30131e-13 1.09912e-13 6.74366e-14 0.813879 0.208404 1.74448 0.208207 0.813879 0.755144 1
0.452 2.97938e-25 -5.30465e-13 1.09246e-13 6.79039e-14 0.814711 0.208477 1.74116 0.207537 0.814711 0.754642 1
0.451 2.98059e-25 -5.30714e-13 1.08136e-13 6.86164e-14 0.815542 0.208549 1.73783 0.206867 0.815542 0.754138 1
0.45 2.98924e-25 -5.31519e-13 1.07692e-13 6.93824e-14 0.816373 0.208621 1.73451 0.206197 0.816373 0.753633 1
0.449 2.99457e-25 -5.32047e-13 1.07248e-13 6.98702e-14 0.817205 0.208692 1.73118 0.205528 0.817205 0.753127 1
0.448 2.99344e-25 -5.32074e-13 1.06137e-13 7.05404e-14 0.818037 0.208763 1.72785 0.204859 0.818037 0.75262 1
0.447 3.00079e-25 -5.32852e-13 1.05471e-13 7.08803e-14 0.818869 0.208834 1.72453 0.20419 0.818869 0.752112 1
0.446 3.00385e-25 -5.33157e-13 1.04805e-13 7.17253e-14 0.819701 0.208903 1.7212 0.203521 0.819701 0.751603 1
0.445 3.00737e-25 -5.33545e-13 1.04139e-13 7.22562e-14 0.820533 0.208972 1.71787 0.202853 0.820533 0.751093 1
0.444 3.01575e-25 -5.3435e-13 1.03473e-13 7.30593e-14 0.821366 0.209041 1.71454 0.202185 0.821366 0.750582 1
0.443 3.01834e-25 -5.34628e-13 1.02807e-13 7.37414e-14 0.822198 0.209109 1.71121 0.201517 0.822198 0.75007 1
0.442 3.02297e-25 -5.351e-13 1.02141e-13 7.43846e-14 0.823031 0.209176 1.70788 0.200849 0.823031 0.749556 1
0.441 3.02417e-25 -5.35405e-13 1.0103e-13 7.45096e-14 0.823864 0.209243 1.70454 0.200182 0.823864 0.749042 1
0.44 3.03005e-25 -5.35988e-13 1.00364e-13 7.51573e-14 0.824697 0.20931 1.70121 0.199515 0.824697 0.748526 1
0.439 3.03787e-25 -5.36682e-13 9.99201e-14 7.59971e-14 0.82553 0.209375 1.69788 0.198848 0.82553 0.748009 1
0.438 3.03859e-25 -5.36904e-13 9.88098e-14 7.63505e-14 0.826364 0.20944 1.69455 0.198182 0.826364 0.747492 1
0.437 3.0462e-25 -5.37625e-13 9.81437e-14 7.71169e-14 0.827197 0.209505 1.69121 0.197516 0.827197 0.746973 1
0.436 3.05877e-25 -5.38736e-13 9.79217e-14 7.77952e-14 0.828031 0.209569 1.68788 0.19685 0.828031 0.746453 1
0.435 3.0649e-25 -5.39402e-13 9.70335e-14 7.82342e-14 0.828865 0.209632 1.68454 0.196184 0.828865 0.745931 1
0.434 3.06786e-25 -5.39679e-13 9.63674e-14 7.90254e-14 0.829699 0.209695 1.6812 0.195519 0.829699 0.745409 1
0.433 3.07945e-25 -5.40706e-13 9.59233e-14 7.98771e-14 0.830534 0.209757 1.67787 0.194854 0.830534 0.744886 1
0.432 3.08092e-25 -5.40956e-13 9.50351e-14 8.01686e-14 0.831368 0.209819 1.67453 0.194189 0.831368 0.744361 1
0.431 3.08906e-25 -5.41678e-13 9.4369e-14 8.11537e-14 0.832203 0.20988 1.67119 0.193524 0.832203 0.743836 1
0.43 3.0973e-25 -5.42483e-13 9.39249e-14 8.13657e-14 0.833037 0.20994 1.66785 0.19286 0.833037 0.743309 1
0.429 3.1061e-25 -5.4326e-13 9.32587e-14 8.23493e-14 0.833872 0.21 1.66451 0.192196 0.833872 0.742781 1
0.428 3.11357e-25 -5.43982e-13 9.25926e-14 8.28722e-14 0.834708 0.210059 1.66117 0.191532 0.834708 0.742252 1
0.427 3.12124e-25 -5.44786e-13 9.17044e-14 8.31998e-14 0.835543 0.210118 1.65783 0.190869 0.835543 0.741721 1
0.426 3.12564e-25 -5.45175e-13 9.10383e-14 8.40251e-14 0.836378 0.210176 1.65449 0.190206 0.836378 0.74119 1
0.425 3.1371e-25 -5.46202e-13 9.05942e-14 8.46528e-14 0.837214 0.210233 1.65114 0.189543 0.837214 0.740657 1
0.424 3.14735e-25 -5.47146e-13 8.99281e-14 8.53195e-14 0.83805 0.21029 1.6478 0.18888 0.83805 0.740123 1
0.423 3.15492e-25 -5.47895e-13 8.92619e-14 8.56486e-14 0.838886 0.210346 1.64446 0.188218 0.838886 0.739588 1
0.422 3.16286e-25 -5.48589e-13 8.85958e-14 8.65292e-14 0.839722 0.210402 1.64111 0.187556 0.839722 0.739052 1
0.421 3.17092e-25 -5.49255e-13 8.81517e-14 8.74107e-14 0.840559 0.210457 1.63776 0.186894 0.840559 0.738515 1
0.42 3.18457e-25 -5.50532e-13 8.74856e-14 8.78508e-14 0.841395 0.210511 1.63442 0.186233 0.841395 0.737976 1
0.419 3.19344e-25 -5.51365e-13 8.68194e-14 8.83367e-14 0.842232 0.210565 1.63107 0.185571 0.842232 0.737437 1
0.418 3.20165e-25 -5.52114e-13 8.61533e-14 8.89537e-14 0.843069 0.210618 1.62772 0.18491 0.843069 0.736896 1
0.417 3.21557e-25 -5.53363e-13 8.57092e-14 8.94454e-14 0.843906 0.21067 1.62438 0.18425 0.843906 0.736354 1
0.416 3.22296e-25 -5.53974e-13 8.50431e-14 9.04278e-14 0.844743 0.210722 1.62103 0.18359 0.844743 0.73581 1
0.415 3.23433e-25 -5.55e-13 8.43769e-14 9.10379e-14 0.845581 0.210773 1.61768 0.18293 0.845581 0.735266 1
0.414 3.24754e-25 -5.56166e-13 8.39329e-14 9.15856e-14 0.846419 0.210824 1.61433 0.18227 0.846419 0.73472 1
0.413 3.2589e-25 -5.57193e-13 8.32667e-14 9.21565e-14 0.847256 0.210874 1.61097 0.18161 0.847256 0.734173 1
0.412 3.26822e-25 -5.58054e-13 8.26006e-14 9.26015e-14 0.848094 0.210923 1.60762 0.180951 0.848094 0.733625 1
0.411 3.28065e-25 -5.59108e-13 8.21565e-14 9.33429e-14 0.848933 0.210972 1.60427 0.180292 0.848933 0.733075 1
0.41 3.29726e-25 -5.60552e-13 8.14904e-14 9.41658e-14 0.849771 0.211019 1.60092 0.179634 0.849771 0.732524 1
0.409 3.3071e-25 -5.61384e-13 8.10463e-14 9.48102e-14 0.85061 0.211067 1.59756 0.178975 0.85061 0.731972 1
0.408 3.3191e-25 -5.62439e-13 8.03801e-14 9.54533e-14 0.851448 0.211113 1.59421 0.178317 0.851448 0.731419 1
0.407 3.33234e-25 -5.63549e-13 7.99361e-14 9.62098e-14 0.852287 0.211159 1.59085 0.17766 0.852287 0.730865 1
0.406 3.34523e-25 -5.64715e-13 7.92699e-14 9.6624e-14 0.853127 0.211205 1.58749 0.177002 0.853127 0.730309 1
0.405 3.35898e-25 -5.65825e-13 7.90479e-14 9.74223e-14 0.853966 0.211249 1.58414 0.176345 0.853966 0.729752 1
0.404 3.37117e-25 -5.6688e-13 7.83817e-14 9.80866e-14 0.854805 0.211293 1.58078 0.175689 0.854805 0.729194 1
0.403 3.38671e-25 -5.6824e-13 7.77156e-14 9.86635e-14 0.855645 0.211337 1.57742 0.175032 0.855645 0.728634 1
0.402 3.39696e-25 -5.69128e-13 7.70495e-14 9.92611e-14 0.856485 0.21138 1.57406 0.174376 0.856485 0.728073 1
0.401 3.41492e-25 -5.70627e-13 7.66054e-14 1.00043e-13 0.857325 0.211422 1.5707 0.17372 0.857325 0.727511 1
0.4 3.42813e-25 -5.71737e-13 7.61613e-14 1.00645e-13 0.858165 0.211463 1.56734 0.173064 0.858165 0.726948 1
0.399 3.4438e-25 -5.73097e-13 7.54952e-14 1.01196e-13 0.859006 0.211504 1.56398 0.172409 0.859006 0.726383 1
0.398 3.46285e-25 -5.74624e-13 7.54952e-14 1.01945e-13 0.859846 0.211543 1.56061 0.171754 0.859846 0.725817 1
0.397 3.47778e-25 -5.75928e-13 7.4607e-14 1.02558e-13 0.860687 0.211583 1.55725 0.171099 0.860687 0.725249 1
0.396 3.49059e-25 -5.76983e-13 7.39409e-14 1.03355e-13 0.861528 0.211621 1.55389 0.170445 0.861528 0.724681 1
0.395 3.50559e-25 -5.7826e-13 7.34968e-14 1.03792e-13 0.862369 0.211659 1.55052 0.169791 0.862369 0.724111 1
0.394 3.5281e-25 -5.80064e-13 7.32747e-14 1.04723e-13 0.863211 0.211697 1.54716 0.169137 0.863211 0.723539 1
0.393 3.54324e-25 -5.81368e-13 7.26086e-14 1.0518e-13 0.864052 0.211733 1.54379 0.168484 0.864052 0.722967 1
0.392 3.56164e-25 -5.82839e-13 7.21645e-14 1.06088e-13 0.864894 0.211769 1.54042 0.167831 0.864894 0.722393 1
0.391 3.57288e-25 -5.83839e-13 7.12763e-14 1.06489e-13 0.865736 0.211804 1.53706 0.167178 0.865736 0.721817 1
0.39 3.59386e-25 -5.85476e-13 7.12763e-14 1.07347e-13 0.866578 0.211838 1.53369 0.166525 0.866578 0.721241 1
0.389 3.61147e-25 -5.86919e-13 7.06102e-14 1.08104e-13 0.867421 0.211872 1.53032 0.165873 0.867421 0.720662 1
0.388 3.63287e-25 -5.88696e-13 7.03881e-14 1.08488e-13 0.868263 0.211905 1.52695 0.165221 0.868263 0.720083 1
0.387 3.65272e-25 -5.90306e-13 6.9722e-14 1.09315e-13 0.869106 0.211938 1.52358 0.16457 0.869106 0.719502 1
0.386 3.67366e-25 -5.91971e-13 6.92779e-14 1.10166e-13 0.869949 0.211969 1.5202 0.163919 0.869949 0.71892 1
0.385 3.69166e-25 -5.93386e-13 6.90559e-14 1.10859e-13 0.870792 0.212 1.51683 0.163268 0.870792 0.718336 1
0.384 3.71169e-25 -5.95024e-13 6.83897e-14 1.11525e-13 0.871636 0.21203 1.51346 0.162617 0.871636 0.717751 1
0.383 3.73093e-25 -5.96578e-13 6.79456e-14 1.12119e-13 0.872479 0.21206 1.51008 0.161967 0.872479 0.717165 1
0.382 3.75412e-25 -5.98438e-13 6.75016e-14 1.12816e-13 0.873323 0.212088 1.50671 0.161317 0.873323 0.716577 1
0.381 3.77028e-25 -5.99826e-13 6.63913e-14 1.13264e-13 0.874167 0.212116 1.50333 0.160667 0.874167 0.715988 1
0.38 3.79497e-25 -6.01713e-13 6.63913e-14 1.14153e-13 0.875011 0.212143 1.49996 0.160018 0.875011 0.715397 1
0.379 3.81591e-25 -6.03378e-13 6.59472e-14 1.1479e-13 0.875856 0.21217 1.49658 0.159369 0.875856 0.714805 1
0.378 3.83765e-25 -6.05072e-13 6.55032e-14 1.15596e-13 0.8767 0.212196 1.4932 0.15872 0.8767 0.714211 1
0.377 3.86007e-25 -6.0682e-13 6.52811e-14 1.16253e-13 0.877545 0.212221 1.48982 0.158072 0.877545 0.713616 1
0.376 3.88438e-25 -6.08708e-13 6.4837e-14 1.17087e-13 0.87839 0.212245 1.48644 0.157424 0.87839 0.71302 1
0.375 3.90788e-25 -6.10567e-13 6.43929e-14 1.17683e-13 0.879235 0.212268 1.48306 0.156776 0.879235 0.712422 1
0.374 3.93376e-25 -6.12621e-13 6.39488e-14 1.18245e-13 0.880081 0.212291 1.47968 0.156129 0.880081 0.711823 1
0.373 3.9569e-25 -6.1437e-13 6.37268e-14 1.19076e-13 0.880926 0.212313 1.4763 0.155482 0.880926 0.711222 1
0.372 3.98319e-25 -6.16424e-13 6.32827e-14 1.19735e-13 0.881772 0.212334 1.47291 0.154835 0.881772 0.71062 1
0.371 4.00704e-25 -6.18283e-13 6.26166e-14 1.20453e-13 0.882618 0.212355 1.46953 0.154189 0.882618 0.710016 1
0.37 4.0346e-25 -6.2042e-13 6.23945e-14 1.21019e-13 0.883464 0.212375 1.46614 0.153543 0.883464 0.709411 1
0.369 4.0573e-25 -6.22113e-13 6.19504e-14 1.21928e-13 0.884311 0.212393 1.46276 0.152897 0.884311 0.708804 1
0.368 4.08844e-25 -6.24445e-13 6.19504e-14 1.22777e-13 0.885157 0.212412 1.45937 0.152252 0.885157 0.708196 1
0.367 4.11039e-25 -6.26221e-13 6.08402e-14 1.23225e-13 0.886004 0.212429 1.45598 0.151607 0.886004 0.707586 1
0.366 4.13963e-25 -6.28414e-13 6.06182e-14 1.24034e-13 0.886851 0.212446 1.45259 0.150962 0.886851 0.706975 1
0.365 4.16929e-25 -6.30662e-13 6.03961e-14 1.24684e-13 0.887699 0.212461 1.44921 0.150318 0.887699 0.706362 1
0.364 4.19939e-25 -6.3291e-13 5.9952e-14 1.25577e-13 0.888546 0.212476 1.44582 0.149674 0.888546 0.705748 1
0.363 4.22845e-25 -6.35103e-13 5.9508e-14 1.26286e-13 0.889394 0.212491 1.44242 0.14903 0.889394 0.705132 1
0.362 4.25223e-25 -6.36907e-13 5.90639e-14 1.26823e-13 0.890242 0.212504 1.43903 0.148387 0.890242 0.704514 1
0.361 4.28586e-25 -6.3935e-13 5.90639e-14 1.27787e-13 0.89109 0.212517 1.43564 0.147744 0.89109 0.703895 1
0.36 4.31878e-25 -6.41792e-13 5.88418e-14 1.28523e-13 0.891938 0.212528 1.43225 0.147101 0.891938 0.703275 1
0.359 4.34945e-25 -6.44096e-13 5.83977e-14 1.29133e-13 0.892787 0.212539 1.42885 0.146459 0.892787 0.702653 1
0.358 4.38449e-25 -6.46649e-13 5.81757e-14 1.30035e-13 0.893636 0.21255 1.42546 0.145817 0.893636 0.702029 1
0.357 4.41237e-25 -6.48759e-13 5.75096e-14 1.30544e-13 0.894485 0.212559 1.42206 0.145176 0.894485 0.701404 1
0.356 4.44892e-25 -6.51423e-13 5.72875e-14 1.31368e-13 0.895334 0.212567 1.41866 0.144534 0.895334 0.700777 1
0.355 4.47811e-25 -6.53561e-13 5.66214e-14 1.32151e-13 0.896184 0.212575 1.41527 0.143894 0.896184 0.700148 1
0.354 4.51324e-25 -6.56142e-13 5.63993e-14 1.32743e-13 0.897033 0.212582 1.41187 0.143253 0.897033 0.699518 1
0.353 4.55138e-25 -6.58779e-13 5.63993e-14 1.34043e-13 0.897883 0.212588 1.40847 0.142613 0.897883 0.698887 1
0.352 4.58409e-25 -6.61193e-13 5.59552e-14 1.34541e-13 0.898733 0.212593 1.40507 0.141973 0.898733 0.698253 1
0.351 4.62507e-25 -6.64163e-13 5.57332e-14 1.35235e-13 0.899584 0.212598 1.40167 0.141334 0.899584 0.697618 1
0.35 4.65824e-25 -6.66522e-13 5.52891e-14 1.3607e-13 0.900434 0.212601 1.39826 0.140695 0.900434 0.696982 1
0.349 4.69276e-25 -6.68937e-13 5.50671e-14 1.36992e-13 0.901285 0.212604 1.39486 0.140056 0.901285 0.696343 1
0.348 4.72741e-25 -6.71435e-13 5.4623e-14 1.37594e-13 0.902136 0.212606 1.39146 0.139418 0.902136 0.695703 1
0.347 4.76895e-25 -6.74433e-13 5.41789e-14 1.38205e-13 0.902987 0.212607 1.38805 0.13878 0.902987 0.695062 1
0.346 4.81066e-25 -6.77319e-13 5.41789e-14 1.39175e-13 0.903839 0.212607 1.38464 0.138142 0.903839 0.694418 1
0.345 4.84964e-25 -6.80067e-13 5.37348e-14 1.39946e-13 0.904691 0.212606 1.38124 0.137505 0.904691 0.693773 1
0.344 4.88904e-25 -6.82787e-13 5.37348e-14 1.40778e-13 0.905543 0.212605 1.37783 0.136868 0.905543 0.693127 1
0.343 4.93504e-25 -6.85951e-13 5.35127e-14 1.41815e-13 0.906395 0.212602 1.37442 0.136232 0.906395 0.692478 1
0.342 4.97439e-25 -6.88755e-13 5.28466e-14 1.42349e-13 0.907247 0.212599 1.37101 0.135596 0.907247 0.691828 1
0.341 5.01525e-25 -6.91613e-13 5.26246e-14 1.42921e-13 0.9081 0.212595 1.3676 0.13496 0.9081 0.691176 1
0.34 5.06029e-25 -6.94667e-13 5.24025e-14 1.43948e-13 0.908953 0.212589 1.36419 0.134324 0.908953 0.690523 1
0.339 5.10678e-25 -6.97831e-13 5.21805e-14 1.44872e-13 0.909806 0.212583 1.36078 0.13369 0.909806 0.689867 1
0.338 5.153e-25 -7.01023e-13 5.19584e-14 1.45491e-13 0.910659 0.212577 1.35736 0.133055 0.910659 0.68921 1
0.337 5.19835e-25 -7.04048e-13 5.17364e-14 1.46541e-13 0.911513 0.212569 1.35395 0.132421 0.911513 0.688551 1
0.336 5.24429e-25 -7.07184e-13 5.15143e-14 1.47193e-13 0.912367 0.21256 1.35053 0.131787 0.912367 0.687891 1
0.335 5.29154e-25 -7.10376e-13 5.08482e-14 1.48101e-13 0.913221 0.21255 1.34712 0.131153 0.913221 0.687228 1
0.334 5.34021e-25 -7.13596e-13 5.10703e-14 1.48977e-13 0.914075 0.21254 1.3437 0.13052 0.914075 0.686564 1
0.333 5.39558e-25 -7.17287e-13 5.10703e-14 1.49829e-13 0.91493 0.212528 1.34028 0.129888 0.91493 0.685898 1
0.332 5.44223e-25 -7.20451e-13 5.04041e-14 1.50441e-13 0.915785 0.212516 1.33686 0.129255 0.915785 0.68523 1
0.331 5.49035e-25 -7.23616e-13 5.01821e-14 1.51319e-13 0.91664 0.212503 1.33344 0.128623 0.91664 0.684561 1
0.33 5.54708e-25 -7.27335e-13 5.01821e-14 1.5223e-13 0.917495 0.212488 1.33002 0.127992 0.917495 0.683889 1
0.329 5.60298e-25 -7.31026e-13 4.996e-14 1.52978e-13 0.918351 0.212473 1.3266 0.127361 0.918351 0.683216 1
0.328 5.65411e-25 -7.34385e-13 4.95159e-14 1.53747e-13 0.919206 0.212457 1.32317 0.12673 0.919206 0.682541 1
0.327 5.70814e-25 -7.37882e-13 4.95159e-14 1.54572e-13 0.920062 0.21244 1.31975 0.1261 0.920062 0.681864 1
0.326 5.76563e-25 -7.41518e-13 4.95159e-14 1.55765e-13 0.920919 0.212422 1.31633 0.12547 0.920919 0.681185 1
0.325 5.82887e-25 -7.4564e-13 4.92939e-14 1.56455e-13 0.921775 0.212403 1.3129 0.12484 0.921775 0.680504 1
0.324 5.88757e-25 -7.49401e-13 4.88498e-14 1.57383e-13 0.922632 0.212383 1.30947 0.124211 0.922632 0.679821 1
0.323 5.9467e-25 -7.5312e-13 4.88498e-14 1.58412e-13 0.923489 0.212362 1.30604 0.123582 0.923489 0.679137 1
0.322 6.007e-25 -7.56978e-13 4.86278e-14 1.59121e-13 0.924346 0.21234 1.30261 0.122954 0.924346 0.67845 1
0.321 6.07089e-25 -7.60975e-13 4.86278e-14 1.60132e-13 0.925204 0.212318 1.29918 0.122326 0.925204 0.677762 1
0.32 6.13144e-25 -7.64777e-13 4.81837e-14 1.61053e-13 0.926062 0.212294 1.29575 0.121699 0.926062 0.677071 1
0.319 6.19645e-25 -7.68816e-13 4.84057e-14 1.6194e-13 0.92692 0.212269 1.29232 0.121072 0.92692 0.676379 1
0.318 6.26136e-25 -7.72854e-13 4.79616e-14 1.62889e-13 0.927778 0.212243 1.28889 0.120445 0.927778 0.675685 1
0.317 6.33077e-25 -7.77239e-13 4.79616e-14 1.63326e-13 0.928637 0.212216 1.28545 0.119819 0.928637 0.674989 1
0.316 6.39991e-25 -7.81403e-13 4.79616e-14 1.64622e-13 0.929496 0.212188 1.28202 0.119193 0.929496 0.67429 1
0.315 6.46879e-25 -7.85608e-13 4.77396e-14 1.65592e-13 0.930355 0.21216 1.27858 0.118568 0.930355 0.67359 1
0.314 6.54186e-25 -7.9009e-13 4.75175e-14 1.66388e-13 0.931214 0.21213 1.27514 0.117943 0.931214 0.672888 1
0.313 6.61547e-25 -7.94545e-13 4.75175e-14 1.67295e-13 0.932074 0.212099 1.27171 0.117318 0.932074 0.672183 1
0.312 6.68815e-25 -7.98889e-13 4.72955e-14 1.6839e-13 0.932934 0.212067 1.26827 0.116694 0.932934 0.671477 1
0.311 6.76407e-25 -8.03482e-13 4.72955e-14 1.69074e-13 0.933794 0.212034 1.26482 0.11607 0.933794 0.670769 1
0.31 6.84044e-25 -8.07979e-13 4.70735e-14 1.7029e-13 0.934654 0.212 1.26138 0.115447 0.934654 0.670058 1
0.309 6.92298e-25 -8.12878e-13 4.70735e-14 1.71208e-13 0.935515 0.211965 1.25794 0.114824 0.935515 0.669346 1
0.308 7.00118e-25 -8.17499e-13 4.70735e-14 1.72041e-13 0.936376 0.211929 1.2545 0.114201 0.936376 0.668631 1
0.307 7.08803e-25 -8.22564e-13 4.70735e-14 1.73134e-13 0.937237 0.211892 1.25105 0.113579 0.937237 0.667915 1
0.306 7.17044e-25 -8.27394e-13 4.68514e-14 1.7398e-13 0.938099 0.211854 1.24761 0.112958 0.938099 0.667196 1
0.305 7.25311e-25 -8.32126e-13 4.68514e-14 1.75165e-13 0.938961 0.211814 1.24416 0.112337 0.938961 0.666475 1
0.304 7.34077e-25 -8.37247e-13 4.66294e-14 1.75842e-13 0.939823 0.211774 1.24071 0.111716 0.939823 0.665752 1
0.303 7.4305e-25 -8.42368e-13 4.66294e-14 1.76897e-13 0.940685 0.211733 1.23726 0.111096 0.940685 0.665027 1
0.302 7.52259e-25 -8.476e-13 4.66294e-14 1.77929e-13 0.941548 0.21169 1.23381 0.110476 0.941548 0.6643 1
0.301 7.61412e-25 -8.52748e-13 4.66294e-14 1.79047e-13 0.94241 0.211647 1.23036 0.109857 0.94241 0.66357 1
0.3 7.70697e-25 -8.57994e-13 4.64073e-14 1.79971e-13 0.943274 0.211602 1.22691 0.109238 0.943274 0.662838 1
0.299 7.80293e-25 -8.63365e-13 4.64073e-14 1.80944e-13 0.944137 0.211556 1.22345 0.108619 0.944137 0.662104 1
0.298 7.9015e-25 -8.68916e-13 4.61853e-14 1.81665e-13 0.945001 0.211509 1.22 0.108001 0.945001 0.661368 1
0.297 8.00294e-25 -8.74426e-13 4.64073e-14 1.83085e-13 0.945865 0.211461 1.21654 0.107384 0.945865 0.66063 1
0.296 8.11045e-25 -8.80351e-13 4.66294e-14 1.83989e-13 0.946729 0.211412 1.21308 0.106767 0.946729 0.659889 1
0.295 8.22017e-25 -8.86333e-13 4.66294e-14 1.85088e-13 0.947594 0.211362 1.20962 0.10615 0.947594 0.659147 1
0.294 8.32518e-25 -8.9205e-13 4.64073e-14 1.8604e-13 0.948459 0.211311 1.20616 0.105534 0.948459 0.658401 1
0.293 8.43684e-25 -8.98059e-13 4.66294e-14 1.87079e-13 0.949324 0.211258 1.2027 0.104918 0.949324 0.657654 1
0.292 8.54535e-25 -9.0386e-13 4.64073e-14 1.88196e-13 0.95019 0.211204 1.19924 0.104303 0.95019 0.656904 1
0.291 8.66138e-25 -9.10064e-13 4.64073e-14 1.89124e-13 0.951055 0.21115 1.19578 0.103689 0.951055 0.656152 1
0.29 8.78157e-25 -9.1635e-13 4.68514e-14 1.9043e-13 0.951921 0.211094 1.19231 0.103074 0.951921 0.655398 1
0.289 8.90094e-25 -9.22637e-13 4.68514e-14 1.91416e-13 0.952788 0.211036 1.18885 0.102461 0.952788 0.654641 1
0.288 9.02451e-25 -9.29062e-13 4.70735e-14 1.92558e-13 0.953655 0.210978 1.18538 0.101847 0.953655 0.653882 1
0.287 9.14933e-25 -9.35474e-13 4.70735e-14 1.93921e-13 0.954522 0.210918 1.18191 0.101234 0.954522 0.653121 1
0.286 9.27969e-25 -9.4226e-13 4.70735e-14 1.94677e-13 0.955389 0.210858 1.17844 0.100622 0.955389 0.652357 1
0.285 9.40602e-25 -9.48727e-13 4.68514e-14 1.95764e-13 0.956256 0.210796 1.17497 0.10001 0.956256 0.651591 1
0.284 9.54354e-25 -9.55652e-13 4.72955e-14 1.97095e-13 0.957124 0.210733 1.1715 0.0993989 0.957124 0.650822 1
0.283 9.68142e-25 -9.62633e-13 4.72955e-14 1.981e-13 0.957993 0.210668 1.16803 0.098788 0.957993 0.650051 1
0.282 9.81706e-25 -9.69391e-13 4.72955e-14 1.99373e-13 0.958861 0.210603 1.16456 0.0981776 0.958861 0.649277 1
0.281 9.96557e-25 -9.7683e-13 4.75175e-14 2.00258e-13 0.95973 0.210536 1.16108 0.0975678 0.95973 0.648501 1
0.28 1.01125e-24 -9.84046e-13 4.75175e-14 2.01595e-13 0.960599 0.210468 1.1576 0.0969584 0.960599 0.647723 1
0.279 1.0264e-24 -9.91457e-13 4.77396e-14 2.02812e-13 0.961468 0.210399 1.15413 0.0963495 0.961468 0.646942 1
0.278 1.04114e-24 -9.98659e-13 4.75175e-14 2.03861e-13 0.962338 0.210328 1.15065 0.0957412 0.962338 0.646158 1
0.277 1.05738e-24 -1.0064e-12 4.84057e-14 2.0541e-13 0.963208 0.210256 1.14717 0.0951333 0.963208 0.645372 1
0.276 1.07365e-24 -1.01422e-12 4.84057e-14 2.06568e-13 0.964079 0.210183 1.14369 0.094526 0.964079 0.644584 1
0.275 1.09046e-24 -1.02221e-12 4.84057e-14 2.07854e-13 0.964949 0.210109 1.1402 0.0939192 0.964949 0.643792 1
0.274 1.10734e-24 -1.03019e-12 4.86278e-14 2.09012e-13 0.965821 0.210033 1.13672 0.0933129 0.965821 0.642999 1
0.273 1.12402e-24 -1.03802e-12 4.86278e-14 2.10179e-13 0.966692 0.209956 1.13323 0.0927071 0.966692 0.642202 1
0.272 1.1423e-24 -1.04657e-12 4.88498e-14 2.11216e-13 0.967564 0.209878 1.12975 0.0921018 0.967564 0.641403 1
0.271 1.16077e-24 -1.05506e-12 4.92939e-14 2.12575e-13 0.968436 0.209798 1.12626 0.0914971 0.968436 0.640601 1
0.27 1.17883e-24 -1.06336e-12 4.90719e-14 2.13749e-13 0.969308 0.209718 1.12277 0.0908929 0.969308 0.639797 1
0.269 1.19849e-24 -1.07231e-12 4.95159e-14 2.14925e-13 0.970181 0.209635 1.11928 0.0902892 0.970181 0.63899 1
0.268 1.21836e-24 -1.08122e-12 4.996e-14 2.16401e-13 0.971054 0.209552 1.11578 0.0896861 0.971054 0.63818 1
0.267 1.23826e-24 -1.09009e-12 5.01821e-14 2.17846e-13 0.971927 0.209467 1.11229 0.0890835 0.971927 0.637367 1
0.266 1.25865e-24 -1.09915e-12 5.01821e-14 2.19088e-13 0.972801 0.209381 1.1088 0.0884814 0.972801 0.636552 1
0.265 1.2802e-24 -1.10861e-12 5.06262e-14 2.20487e-13 0.973675 0.209293 1.1053 0.0878799 0.973675 0.635734 1
0.264 1.30123e-24 -1.11779e-12 5.10703e-14 2.2176e-13 0.974549 0.209204 1.1018 0.0872789 0.974549 0.634913 1
0.263 1.32339e-24 -1.1274e-12 5.10703e-14 2.23033e-13 0.975424 0.209114 1.0983 0.0866785 0.975424 0.63409 1
0.262 1.34658e-24 -1.13734e-12 5.15143e-14 2.24464e-13 0.976299 0.209022 1.0948 0.0860787 0.976299 0.633263 1
0.261 1.36986e-24 -1.14722e-12 5.17364e-14 2.25977e-13 0.977175 0.208929 1.0913 0.0854794 0.977175 0.632434 1
0.26 1.3944e-24 -1.1576e-12 5.24025e-14 2.27187e-13 0.97805 0.208834 1.0878 0.0848807 0.97805 0.631602 1
0.259 1.41925e-24 -1.16794e-12 5.28466e-14 2.28856e-13 0.978927 0.208738 1.08429 0.0842825 0.978927 0.630766 1
0.258 1.44425e-24 -1.17838e-12 5.28466e-14 2.29959e-13 0.979803 0.208641 1.08079 0.0836849 0.979803 0.629928 1
0.257 1.47061e-24 -1.18916e-12 5.32907e-14 2.31662e-13 0.98068 0.208542 1.07728 0.0830879 0.98068 0.629087 1
0.256 1.49754e-24 -1.2001e-12 5.39568e-14 2.33235e-13 0.981557 0.208442 1.07377 0.0824915 0.981557 0.628244 1
0.255 1.52476e-24 -1.21113e-12 5.41789e-14 2.34495e-13 0.982435 0.20834 1.07026 0.0818956 0.982435 0.627397 1
0.254 1.5527e-24 -1.22231e-12 5.44009e-14 2.3599e-13 0.983313 0.208237 1.06675 0.0813003 0.983313 0.626547 1
0.253 1.58136e-24 -1.23367e-12 5.4845e-14 2.37526e-13 0.984191 0.208132 1.06324 0.0807056 0.984191 0.625694 1
0.252 1.61125e-24 -1.24543e-12 5.52891e-14 2.38931e-13 0.98507 0.208026 1.05972 0.0801116 0.98507 0.624838 1
0.251 1.64157e-24 -1.25726e-12 5.55112e-14 2.40387e-13 0.985949 0.207918 1.0562 0.0795181 0.985949 0.623979 1
0.25 1.67327e-24 -1.26946e-12 5.59552e-14 2.42117e-13 0.986828 0.207809 1.05269 0.0789252 0.986828 0.623117 1
0.249 1.70509e-24 -1.28159e-12 5.66214e-14 2.43755e-13 0.987708 0.207698 1.04917 0.0783329 0.987708 0.622251 1
0.248 1.73884e-24 -1.29441e-12 5.68434e-14 2.45181e-13 0.988588 0.207586 1.04565 0.0777412 0.988588 0.621383 1
0.247 1.77295e-24 -1.30713e-12 5.77316e-14 2.47021e-13 0.989469 0.207472 1.04212 0.0771501 0.989469 0.620511 1
0.246 1.80785e-24 -1.32017e-12 5.79536e-14 2.48307e-13 0.99035 0.207357 1.0386 0.0765597 0.99035 0.619636 1
0.245 1.84439e-24 -1.3335e-12 5.88418e-14 2.50392e-13 0.991231 0.20724 1.03508 0.0759698 0.991231 0.618758 1
0.244 1.88162e-24 -1.34714e-12 5.90639e-14 2.51662e-13 0.992113 0.207122 1.03155 0.0753806 0.992113 0.617877 1
0.243 1.91982e-24 -1.36088e-12 5.973e-14 2.53463e-13 0.992995 0.207002 1.02802 0.074792 0.992995 0.616992 1
0.242 1.95918e-24 -1.37491e-12 6.03961e-14 2.55227e-13 0.993878 0.20688 1.02449 0.0742041 0.993878 0.616105 1
0.241 1.99995e-24 -1.38935e-12 6.08402e-14 2.56839e-13 0.99476 0.206757 1.02096 0.0736168 0.99476 0.615213 1
0.24 2.0415e-24 -1.40385e-12 6.15064e-14 2.587e-13 0.995644 0.206632 1.01742 0.0730301 0.995644 0.614319 1
0.239 2.08509e-24 -1.41893e-12 6.23945e-14 2.60426e-13 0.996528 0.206505 1.01389 0.0724441 0.996528 0.613421 1
0.238 2.12912e-24 -1.43399e-12 6.28386e-14 2.62372e-13 0.997412 0.206377 1.01035 0.0718587 0.997412 0.61252 1
0.237 2.17416e-24 -1.4493e-12 6.32827e-14 2.63986e-13 0.998296 0.206247 1.00681 0.071274 0.998296 0.611615 1
0.236 2.22262e-24 -1.46551e-12 6.43929e-14 2.66009e-13 0.999181 0.206115 1.00328 0.07069 0.999181 0.610706 1
0.235 2.2701e-24 -1.48127e-12 6.4837e-14 2.67814e-13 1.00007 0.205982 0.999734 0.0701066 1.00007 0.609795 1
0.234 2.32031e-24 -1.49775e-12 6.55032e-14 2.69761e-13 1.00095 0.205847 0.99619 0.0695239 1.00095 0.608879 1
0.233 2.37259e-24 -1.51472e-12 6.63913e-14 2.7167e-13 1.00184 0.20571 0.992645 0.0689418 1.00184 0.607961 1
0.232 2.42598e-24 -1.53191e-12 6.70575e-14 2.73365e-13 1.00273 0.205572 0.989099 0.0683605 1.00273 0.607038 1
0.231 2.48058e-24 -1.54922e-12 6.79456e-14 2.75469e-13 1.00361 0.205432 0.98555 0.0677798 1.00361 0.606112 1
0.23 2.53699e-24 -1.56695e-12 6.83897e-14 2.77432e-13 1.0045 0.20529 0.982 0.0671998 1.0045 0.605182 1
0.229 2.59592e-24 -1.58529e-12 6.92779e-14 2.79262e-13 1.00539 0.205146 0.978449 0.0666206 1.00539 0.604249 1
0.228 2.65636e-24 -1.60383e-12 6.99441e-14 2.81426e-13 1.00628 0.205001 0.974895 0.066042 1.00628 0.603312 1
0.227 2.71835e-24 -1.6227e-12 7.08322e-14 2.83149e-13 1.00717 0.204853 0.97134 0.0654641 1.00717 0.602371 1
0.226 2.78345e-24 -1.6421e-12 7.21645e-14 2.85907e-13 1.00805 0.204704 0.967783 0.0648869 1.00805 0.601426 1
0.225 2.84972e-24 -1.66182e-12 7.28306e-14 2.87671e-13 1.00894 0.204553 0.964224 0.0643105 1.00894 0.600478 1
0.224 2.91902e-24 -1.68211e-12 7.37188e-14 2.89966e-13 1.00983 0.204401 0.960663 0.0637348 1.00983 0.599525 1
0.223 2.99051e-24 -1.70283e-12 7.4607e-14 2.92076e-13 1.01072 0.204246 0.957101 0.0631598 1.01072 0.598569 1
0.222 3.06344e-24 -1.72369e-12 7.54952e-14 2.94334e-13 1.01162 0.204089 0.953536 0.0625855 1.01162 0.597609 1
0.221 3.13915e-24 -1.74515e-12 7.61613e-14 2.96334e-13 1.01251 0.203931 0.94997 0.062012 1.01251 0.596645 1
0.22 3.21819e-24 -1.76718e-12 7.70495e-14 2.98905e-13 1.0134 0.203771 0.946402 0.0614392 1.0134 0.595677 1
0.219 3.29961e-24 -1.78962e-12 7.83817e-14 3.01225e-13 1.01429 0.203608 0.942832 0.0608672 1.01429 0.594705 1
0.218 3.38466e-24 -1.81278e-12 7.9492e-14 3.03595e-13 1.01518 0.203444 0.93926 0.0602959 1.01518 0.593728 1
0.217 3.47244e-24 -1.83636e-12 8.06022e-14 3.06162e-13 1.01608 0.203278 0.935686 0.0597254 1.01608 0.592748 1
0.216 3.56345e-24 -1.86054e-12 8.17124e-14 3.08488e-13 1.01697 0.20311 0.932111 0.0591557 1.01697 0.591764 1
0.215 3.6558e-24 -1.88476e-12 8.26006e-14 3.10922e-13 1.01787 0.20294 0.928533 0.0585868 1.01787 0.590775 1
0.214 3.75259e-24 -1.90983e-12 8.37108e-14 3.13289e-13 1.01876 0.202768 0.924954 0.0580186 1.01876 0.589782 1
0.213 3.85492e-24 -1.9359e-12 8.52651e-14 3.16163e-13 1.01966 0.202594 0.921372 0.0574512 1.01966 0.588785 1
0.212 3.95829e-24 -1.962e-12 8.61533e-14 3.18476e-13 1.02055 0.202418 0.917788 0.0568846 1.02055 0.587784 1
0.211 4.06671e-24 -1.98892e-12 8.74856e-14 3.21348e-13 1.02145 0.202239 0.914203 0.0563189 1.02145 0.586778 1
0.21 4.17856e-24 -2.01639e-12 8.85958e-14 3.23831e-13 1.02235 0.202059 0.910615 0.0557539 1.02235 0.585768 1
0.209 4.29497e-24 -2.04457e-12 8.99281e-14 3.26541e-13 1.02324 0.201877 0.907026 0.0551897 1.02324 0.584753 1
0.208 4.4161e-24 -2.07345e-12 9.12603e-14 3.2949e-13 1.02414 0.201692 0.903434 0.0546264 1.02414 0.583734 1
0.207 4.54122e-24 -2.10294e-12 9.25926e-14 3.32121e-13 1.02504 0.201505 0.89984 0.0540639 1.02504 0.58271 1
0.206 4.67252e-24 -2.13337e-12 9.41469e-14 3.35249e-13 1.02594 0.201317 0.896244 0.0535023 1.02594 0.581682 1
0.205 4.80707e-24 -2.16419e-12 9.52571e-14 3.38073e-13 1.02684 0.201126 0.892646 0.0529415 1.02684 0.58065 1
0.204 4.94734e-24 -2.19585e-12 9.63674e-14 3.41039e-13 1.02774 0.200932 0.889046 0.0523815 1.02774 0.579612 1
0.203 5.09279e-24 -2.22822e-12 9.76996e-14 3.43883e-13 1.02864 0.200737 0.885444 0.0518224 1.02864 0.57857 1
0.202 5.24592e-24 -2.26177e-12 9.9476e-14 3.47035e-13 1.02954 0.200539 0.88184 0.0512642 1.02954 0.577523 1
0.201 5.40285e-24 -2.29564e-12 1.00808e-13 3.50301e-13 1.03044 0.20034 0.878233 0.0507069 1.03044 0.576472 1
0.2 5.56746e-24 -2.33068e-12 1.02585e-13 3.53385e-13 1.03134 0.200137 0.874624 0.0501504 1.03134 0.575415 1
0.199 5.73835e-24 -2.36652e-12 1.03917e-13 3.56534e-13 1.03225 0.199933 0.871013 0.0495948 1.03225 0.574354 1
0.198 5.91803e-24 -2.40358e-12 1.05915e-13 3.6004e-13 1.03315 0.199726 0.8674 0.0490402 1.03315 0.573287 1
0.197 6.1026e-24 -2.44113e-12 1.07248e-13 3.63291e-13 1.03405 0.199517 0.863784 0.0484864 1.03405 0.572216 1
0.196 6.29532e-24 -2.47972e-12 1.0858e-13 3.66735e-13 1.03496 0.199305 0.860166 0.0479336 1.03496 0.57114 1
0.195 6.49742e-24 -2.51948e-12 1.108e-13 3.70588e-13 1.03586 0.199092 0.856546 0.0473817 1.03586 0.570058 1
0.194 6.70728e-24 -2.56022e-12 1.12355e-13 3.7405e-13 1.03677 0.198875 0.852923 0.0468307 1.03677 0.568972 1
0.193 6.92529e-24 -2.60185e-12 1.14131e-13 3.77677e-13 1.03768 0.198656 0.849298 0.0462806 1.03768 0.56788 1
0.192 7.15428e-24 -2.64487e-12 1.16129e-13 3.81389e-13 1.03858 0.198435 0.845671 0.0457316 1.03858 0.566783 1
0.191 7.39124e-24 -2.68872e-12 1.17462e-13 3.84976e-13 1.03949 0.198211 0.842041 0.0451835 1.03949 0.56568 1
0.19 7.64032e-24 -2.73401e-12 1.19682e-13 3.88839e-13 1.0404 0.197985 0.838409 0.0446363 1.0404 0.564572 1
0.189 7.90174e-24 -2.78068e-12 1.21902e-13 3.93322e-13 1.04131 0.197757 0.834775 0.0440902 1.04131 0.563459 1
0.188 8.1721e-24 -2.82828e-12 1.23679e-13 3.97044e-13 1.04222 0.197525 0.831137 0.043545 1.04222 0.56234 1
0.187 8.4555e-24 -2.87731e-12 1.25677e-13 4.0099e-13 1.04313 0.197291 0.827498 0.0430008 1.04313 0.561216 1
0.186 8.75138e-24 -2.92761e-12 1.27676e-13 4.0519e-13 1.04404 0.197055 0.823856 0.0424577 1.04404 0.560086 1
0.185 9.06225e-24 -2.97951e-12 1.29896e-13 4.09787e-13 1.04495 0.196816 0.820211 0.0419156 1.04495 0.55895 1
0.184 9.38642e-24 -3.03276e-12 1.32117e-13 4.13911e-13 1.04586 0.196574 0.816564 0.0413745 1.04586 0.557809 1
0.183 9.72624e-24 -3.08755e-12 1.34337e-13 4.18591e-13 1.04677 0.196329 0.812914 0.0408344 1.04677 0.556662 1
0.182 1.00817e-23 -3.14388e-12 1.36557e-13 4.23211e-13 1.04768 0.196082 0.809261 0.0402954 1.04768 0.555508 1
0.181 1.04546e-23 -3.20195e-12 1.38556e-13 4.27728e-13 1.0486 0.195832 0.805606 0.0397575 1.0486 0.554349 1
0.18 1.08457e-23 -3.26165e-12 1.41442e-13 4.32836e-13 1.04951 0.195579 0.801948 0.0392207 1.04951 0.553184 1
0.179 1.12544e-23 -3.32302e-12 1.43219e-13 4.37543e-13 1.05043 0.195323 0.798288 0.0386849 1.05043 0.552013 1
0.178 1.16841e-23 -3.38625e-12 1.46105e-13 4.42782e-13 1.05134 0.195065 0.794624 0.0381503 1.05134 0.550836 1
0.177 1.21336e-23 -3.45125e-12 1.48326e-13 4.47764e-13 1.05226 0.194804 0.790958 0.0376167 1.05226 0.549652 1
0.176 1.26069e-23 -3.51835e-12 1.5099e-13 4.53062e-13 1.05318 0.194539 0.787289 0.0370843 1.05318 0.548462 1
0.175 1.3104e-23 -3.5875e-12 1.53433e-13 4.58581e-13 1.0541 0.194272 0.783617 0.036553 1.0541 0.547266 1
0.174 1.36249e-23 -3.65857e-12 1.56097e-13 4.64129e-13 1.05501 0.194002 0.779943 0.0360229 1.05501 0.546063 1
0.173 1.41751e-23 -3.73214e-12 1.59206e-13 4.69935e-13 1.05593 0.193729 0.776265 0.0354939 1.05593 0.544854 1
0.172 1.47509e-23 -3.80771e-12 1.61648e-13 4.75465e-13 1.05685 0.193452 0.772585 0.0349661 1.05685 0.543638 1
0.171 1.53598e-23 -3.88597e-12 1.64535e-13 4.81606e-13 1.05777 0.193173 0.768901 0.0344395 1.05777 0.542415 1
0.17 1.59981e-23 -3.96639e-12 1.67422e-13 4.877e-13 1.0587 0.19289 0.765215 0.0339141 1.0587 0.541185 1
0.169 1.66721e-23 -4.04954e-12 1.70752e-13 4.94157e-13 1.05962 0.192605 0.761525 0.0333899 1.05962 0.539949 1
0.168 1.73812e-23 -4.13528e-12 1.73639e-13 5.00559e-13 1.06054 0.192316 0.757833 0.032867 1.06054 0.538706 1
0.167 1.81289e-23 -4.2238e-12 1.76525e-13 5.07184e-13 1.06147 0.192024 0.754137 0.0323452 1.06147 0.537455 1
0.166 1.89169e-23 -4.31522e-12 1.7919e-13 5.13429e-13 1.06239 0.191729 0.750438 0.0318248 1.06239 0.536198 1
0.165 1.97484e-23 -4.40951e-12 1.82743e-13 5.2077e-13 1.06332 0.19143 0.746736 0.0313056 1.06332 0.534933 1
0.164 2.06283e-23 -4.50722e-12 1.86073e-13 5.2785e-13 1.06424 0.191128 0.743031 0.0307877 1.06424 0.533661 1
0.163 2.15561e-23 -4.60802e-12 1.89404e-13 5.35222e-13 1.06517 0.190823 0.739322 0.0302712 1.06517 0.532381 1
0.162 2.25386e-23 -4.7124e-12 1.92957e-13 5.42823e-13 1.0661 0.190514 0.73561 0.0297559 1.0661 0.531094 1
0.161 2.35757e-23 -4.82017e-12 1.96509e-13 5.50538e-13 1.06703 0.190202 0.731895 0.029242 1.06703 0.529799 1
0.16 2.46728e-23 -4.93161e-12 1.9984e-13 5.58609e-13 1.06796 0.189886 0.728176 0.0287294 1.06796 0.528497 1
0.159 2.58345e-23 -5.04697e-12 2.03393e-13 5.66827e-13 1.06889 0.189566 0.724454 0.0282182 1.06889 0.527186 1
0.158 2.70677e-23 -5.16658e-12 2.0739e-13 5.7544e-13 1.06982 0.189244 0.720729 0.0277084 1.06982 0.525868 1
0.157 2.83717e-23 -5.29021e-12 2.10942e-13 5.83851e-13 1.07075 0.188917 0.717 0.0272 1.07075 0.524542 1
0.156 2.97563e-23 -5.41836e-12 2.14717e-13 5.92935e-13 1.07168 0.188587 0.713267 0.0266931 1.07168 0.523207 1
0.155 3.1224e-23 -5.55104e-12 2.18492e-13 6.01904e-13 1.07262 0.188253 0.709531 0.0261875 1.07262 0.521865 1
0.154 3.27856e-23 -5.68873e-12 2.23155e-13 6.11687e-13 1.07355 0.187915 0.705791 0.0256835 1.07355 0.520514 1
0.153 3.44424e-23 -5.83131e-12 2.27374e-13 6.21642e-13 1.07449 0.187573 0.702048 0.0251809 1.07449 0.519154 1
0.152 3.62004e-23 -5.97899e-12 2.31148e-13 6.31358e-13 1.07542 0.187227 0.6983 0.0246798 1.07542 0.517786 1
0.151 3.80743e-23 -6.13244e-12 2.35589e-13 6.41867e-13 1.07636 0.186878 0.694549 0.0241802 1.07636 0.516409 1
0.15 4.00696e-23 -6.29174e-12 2.4003e-13 6.52701e-13 1.0773 0.186524 0.690794 0.0236822 1.0773 0.515023 1
0.149 4.21921e-23 -6.45695e-12 2.44027e-13 6.63594e-13 1.07824 0.186167 0.687036 0.0231858 1.07824 0.513628 1
0.148 4.44548e-23 -6.6285e-12 2.4869e-13 6.7525e-13 1.07918 0.185805 0.683273 0.0226909 1.07918 0.512224 1
0.147 4.68692e-23 -6.80683e-12 2.53575e-13 6.87032e-13 1.08012 0.185439 0.679506 0.0221976 1.08012 0.510811 1
0.146 4.94463e-23 -6.99217e-12 2.58238e-13 6.99334e-13 1.08107 0.185069 0.675735 0.021706 1.08107 0.509388 1
0.145 5.21951e-23 -7.1847e-12 2.62901e-13 7.11428e-13 1.08201 0.184695 0.67196 0.021216 1.08201 0.507955 1
0.144 5.51355e-23 -7.38505e-12 2.67564e-13 7.24528e-13 1.08295 0.184316 0.668181 0.0207277 1.08295 0.506514 1
0.143 5.8278e-23 -7.59335e-12 2.72671e-13 7.3806e-13 1.0839 0.183933 0.664397 0.020241 1.0839 0.505062 1
0.142 6.1641e-23 -7.81015e-12 2.77556e-13 7.52017e-13 1.08485 0.183545 0.66061 0.0197562 1.08485 0.5036 1
0.141 6.52424e-23 -8.03585e-12 2.82885e-13 7.66477e-13 1.0858 0.183153 0.656817 0.019273 1.0858 0.502128 1
0.14 6.91048e-23 -8.2711e-12 2.88214e-13 7.81398e-13 1.08674 0.182756 0.653021 0.0187916 1.08674 0.500646 1
0.139 7.32446e-23 -8.51608e-12 2.93543e-13 7.96746e-13 1.0877 0.182355 0.64922 0.0183121 1.0877 0.499153 1
0.138 7.76865e-23 -8.77137e-12 2.9865e-13 8.12622e-13 1.08865 0.181949 0.645414 0.0178343 1.08865 0.497649 1
0.137 8.24605e-23 -9.03772e-12 3.04201e-13 8.29197e-13 1.0896 0.181538 0.641604 0.0173584 1.0896 0.496135 1
0.136 8.75942e-23 -9.31567e-12 3.09974e-13 8.46372e-13 1.09055 0.181122 0.637789 0.0168844 1.09055 0.49461 1
0.135 9.31152e-23 -9.60565e-12 3.15747e-13 8.64275e-13 1.09151 0.180701 0.633969 0.0164123 1.09151 0.493074 1
0.134 9.90585e-23 -9.9084e-12 3.21521e-13 8.82483e-13 1.09246 0.180275 0.630145 0.0159422 1.09246 0.491526 1
0.133 1.05463e-22 -1.02246e-11 3.27516e-13 9.01935e-13 1.09342 0.179844 0.626315 0.015474 1.09342 0.489967 1
0.132 1.1237e-22 -1.05551e-11 3.33511e-13 9.21748e-13 1.09438 0.179408 0.622481 0.0150078 1.09438 0.488396 1
0.131 1.19826e-22 -1.09006e-11 3.39506e-13 9.42451e-13 1.09534 0.178966 0.618641 0.0145436 1.09534 0.486813 1
0.13 1.27883e-22 -1.1262e-11 3.45945e-13 9.64237e-13 1.0963 0.178519 0.614796 0.0140815 1.0963 0.485218 1
0.129 1.36588e-22 -1.16401e-11 3.51719e-13 9.86203e-13 1.09726 0.178067 0.610946 0.0136216 1.09726 0.483611 1
0.128 1.46013e-22 -1.2036e-11 3.5838e-13 1.0096e-12 1.09823 0.177609 0.607091 0.0131637 1.09823 0.481991 1
0.127 1.5622e-22 -1.24506e-11 3.64819e-13 1.03399e-12 1.09919 0.177146 0.60323 0.012708 1.09919 0.480358 1
0.126 1.67283e-22 -1.2885e-11 3.71037e-13 1.05897e-12 1.10016 0.176677 0.599364 0.0122546 1.10016 0.478713 1
0.125 1.79289e-22 -1.33405e-11 3.77698e-13 1.0852e-12 1.10113 0.176202 0.595492 0.0118033 1.10113 0.477054 1
0.124 1.92331e-22 -1.38183e-11 3.84359e-13 1.11251e-12 1.1021 0.175721 0.591614 0.0113544 1.1021 0.475382 1
0.123 2.06507e-22 -1.43196e-11 3.90799e-13 1.14127e-12 1.10307 0.175234 0.587731 0.0109077 1.10307 0.473696 1
0.122 2.21932e-22 -1.48459e-11 3.97904e-13 1.17104e-12 1.10404 0.174741 0.583841 0.0104634 1.10404 0.471997 1
0.121 2.38732e-22 -1.53988e-11 4.05009e-13 1.20219e-12 1.10501 0.174241 0.579946 0.0100216 1.10501 0.470283 1
0.12 2.57054e-22 -1.598e-11 4.11449e-13 1.23463e-12 1.10599 0.173736 0.576045 0.00958212 1.10599 0.468555 1
0.119 2.77043e-22 -1.65909e-11 4.18332e-13 1.26852e-12 1.10697 0.173224 0.572137 0.00914517 1.10697 0.466812 1
0.118 2.98888e-22 -1.72339e-11 4.25437e-13 1.30414e-12 1.10794 0.172705 0.568223 0.00871074 1.10794 0.465054 1
0.117 3.2277e-22 -1.79105e-11 4.32321e-13 1.34118e-12 1.10892 0.17218 0.564303 0.00827888 1.10892 0.463281 1
0.116 3.48922e-22 -1.86232e-11 4.39426e-13 1.3801e-12 1.10991 0.171648 0.560376 0.00784965 1.10991 0.461492 1
0.115 3.77572e-22 -1.93741e-11 4.4631e-13 1.42076e-12 1.11089 0.171109 0.556442 0.00742308 1.11089 0.459687 1
0.114 4.09006e-22 -2.01658e-11 4.53637e-13 1.46369e-12 1.11187 0.170563 0.552502 0.00699922 1.11187 0.457867 1
0.113 4.43523e-22 -2.10009e-11 4.60521e-13 1.50836e-12 1.11286 0.17001 0.548555 0.00657814 1.11286 0.45603 1
0.112 4.81473e-22 -2.18823e-11 4.67404e-13 1.55513e-12 1.11385 0.169449 0.5446 0.00615987 1.11385 0.454176 1
0.111 5.23236e-22 -2.28131e-11 4.73843e-13 1.60434e-12 1.11484 0.168881 0.540639 0.00574446 1.11484 0.452305 1
0.11 5.69258e-22 -2.37967e-11 4.81171e-13 1.65647e-12 1.11583 0.168306 0.53667 0.00533199 1.11583 0.450417 1
0.109 6.20021e-22 -2.48366e-11 4.8761e-13 1.71077e-12 1.11683 0.167722 0.532694 0.00492249 1.11683 0.448511 1
0.108 6.76086e-22 -2.59367e-11 4.94715e-13 1.7682e-12 1.11782 0.167131 0.52871 0.00451603 1.11782 0.446587 1
0.107 7.38057e-22 -2.7101e-11 5.00933e-13 1.82847e-12 1.11882 0.166532 0.524718 0.00411267 1.11882 0.444645 1
0.106 8.06658e-22 -2.83341e-11 5.07594e-13 1.89205e-12 1.11982 0.165925 0.520719 0.00371247 1.11982 0.442683 1
0.105 8.82674e-22 -2.96407e-11 5.13589e-13 1.95896e-12 1.12082 0.165309 0.516711 0.00331548 1.12082 0.440703 1
0.104 9.67019e-22 -3.10263e-11 5.20251e-13 2.02982e-12 1.12183 0.164685 0.512696 0.00292178 1.12183 0.438703 1
0.103 1.0607e-21 -3.24961e-11 5.26246e-13 2.10455e-12 1.12283 0.164052 0.508671 0.00253142 1.12283 0.436683 1
0.102 1.16489e-21 -3.40565e-11 5.32241e-13 2.18368e-12 1.12384 0.163411 0.504639 0.00214447 1.12384 0.434642 1
0.101 1.2809e-21 -3.57138e-11 5.38014e-13 2.26726e-12 1.12485 0.16276 0.500597 0.00176102 1.12485 0.432581 1
0.1 1.41022e-21 -3.7475e-11 5.43343e-13 2.35563e-12 1.12586 0.1621 0.496547 0.00138111 1.12586 0.430498 1
0.099 1.55455e-21 -3.93478e-11 5.48672e-13 2.44959e-12 1.12688 0.161431 0.492488 0.00100483 1.12688 0.428394 1
0.098 1.71585e-21 -4.13407e-11 5.54001e-13 2.54895e-12 1.1279 0.160752 0.488419 0.00063225 1.1279 0.426267 1
0.097 1.89632e-21 -4.34622e-11 5.5933e-13 2.65505e-12 1.12891 0.160064 0.484341 0.000263447 1.12891 0.424118 1
0.096 0 0 0 0 0 0 0 1e-50 0 0 0
