0.54 9.14173e-26 2.9643e-13 -5.89528e-14 -8.4466e-15 0.714945 0.129394 2.14022 0.223912 0.714945 0.486027 1
0.539 3.80049e-25 -6.10234e-13 4.13003e-14 7.71868e-14 0.715846 0.129428 2.13662 0.223353 0.715846 0.485523 1
0.538 3.77759e-25 -6.08597e-13 3.90799e-14 7.64307e-14 0.716747 0.129462 2.13301 0.222795 0.716747 0.485019 1
0.537 3.7571e-25 -6.0682e-13 3.79696e-14 7.77038e-14 0.717648 0.129496 2.12941 0.222238 0.717648 0.484515 1
0.536 3.73266e-25 -6.04766e-13 3.66374e-14 7.86206e-14 0.71855 0.129529 2.1258 0.22168 0.71855 0.48401 1
0.535 3.69748e-25 -6.02046e-13 3.39728e-14 7.83205e-14 0.719452 0.129561 2.12219 0.221123 0.719452 0.483505 1
0.534 3.68154e-25 -6.00603e-13 3.30846e-14 7.95974e-14 0.720354 0.129594 2.11858 0.220566 0.720354 0.483 1
0.533 3.663e-25 -5.99049e-13 3.15303e-14 8.02879e-14 0.721256 0.129626 2.11497 0.22001 0.721256 0.482494 1
0.532 3.64648e-25 -5.97411e-13 3.10862e-14 8.23506e-14 0.722159 0.129657 2.11136 0.219454 0.722159 0.481988 1
0.531 3.61027e-25 -5.94524e-13 2.86438e-14 8.21387e-14 0.723062 0.129689 2.10775 0.218898 0.723062 0.481482 1
0.53 3.59275e-25 -5.93248e-13 2.64233e-14 8.14503e-14 0.723964 0.129719 2.10414 0.218343 0.723964 0.480976 1
0.529 3.57061e-25 -5.9111e-13 2.55351e-14 8.36528e-14 0.724868 0.12975 2.10053 0.217788 0.724868 0.480469 1
0.528 3.55096e-25 -5.89334e-13 2.4647e-14 8.46966e-14 0.725771 0.12978 2.09692 0.217234 0.725771 0.479962 1
0.527 3.5343e-25 -5.87724e-13 2.37588e-14 8.62862e-14 0.726675 0.129809 2.0933 0.216679 0.726675 0.479455 1
0.526 3.51425e-25 -5.86114e-13 2.17604e-14 8.61458e-14 0.727578 0.129839 2.08969 0.216125 0.727578 0.478947 1
0.525 3.48308e-25 -5.837e-13 1.86517e-14 8.51722e-14 0.728482 0.129868 2.08607 0.215572 0.728482 0.47844 1
0.524 3.468e-25 -5.82256e-13 1.79856e-14 8.63389e-14 0.729387 0.129896 2.08245 0.215019 0.729387 0.477932 1
0.523 3.44114e-25 -5.79675e-13 1.68754e-14 8.83528e-14 0.730291 0.129924 2.07884 0.214466 0.730291 0.477423 1
0.522 3.43318e-25 -5.79065e-13 1.53211e-14 8.81325e-14 0.731196 0.129952 2.07522 0.213913 0.731196 0.476915 1
0.521 3.41605e-25 -5.77455e-13 1.39888e-14 8.91949e-14 0.732101 0.129979 2.0716 0.213361 0.732101 0.476406 1
0.52 3.39265e-25 -5.75262e-13 1.28786e-14 9.04012e-14 0.733006 0.130006 2.06798 0.21281 0.733006 0.475896 1
0.519 3.37148e-25 -5.73541e-13 1.04361e-14 8.99401e-14 0.733911 0.130033 2.06435 0.212258 0.733911 0.475387 1
0.518 3.36284e-25 -5.72292e-13 1.11022e-14 9.29624e-14 0.734817 0.130059 2.06073 0.211707 0.734817 0.474877 1
0.517 3.33716e-25 -5.70183e-13 8.21565e-15 9.24107e-14 0.735723 0.130084 2.05711 0.211156 0.735723 0.474367 1
0.516 3.32366e-25 -5.68795e-13 7.54952e-15 9.37057e-14 0.736629 0.13011 2.05348 0.210606 0.736629 0.473857 1
0.515 3.30426e-25 -5.67435e-13 4.44089e-15 9.1782e-14 0.737535 0.130135 2.04986 0.210056 0.737535 0.473346 1
0.514 3.28572e-25 -5.65548e-13 3.33067e-15 9.33635e-14 0.738441 0.130159 2.04623 0.209506 0.738441 0.472835 1
0.513 3.2703e-25 -5.63743e-13 3.33067e-15 9.59815e-14 0.739348 0.130183 2.04261 0.208957 0.739348 0.472324 1
0.512 3.25231e-25 -5.62161e-13 1.33227e-15 9.59384e-14 0.740255 0.130207 2.03898 0.208408 0.740255 0.471812 1
0.511 3.23483e-25 -5.60663e-13 -8.88178e-16 9.56013e-14 0.741162 0.13023 2.03535 0.20786 0.741162 0.4713 1
0.51 3.2242e-25 -5.59303e-13 -9.99201e-16 9.79784e-14 0.74207 0.130253 2.03172 0.207311 0.74207 0.470788 1
0.509 3.20941e-25 -5.57998e-13 -2.66454e-15 9.78367e-14 0.742977 0.130276 2.02809 0.206763 0.742977 0.470275 1
0.508 3.18679e-25 -5.55694e-13 -3.9968e-15 9.93328e-14 0.743885 0.130298 2.02446 0.206216 0.743885 0.469763 1
0.507 3.17993e-25 -5.54917e-13 -4.88498e-15 1.00181e-13 0.744793 0.13032 2.02083 0.205669 0.744793 0.469249 1
0.506 3.15645e-25 -5.52808e-13 -7.10543e-15 9.99895e-14 0.745701 0.130341 2.0172 0.205122 0.745701 0.468736 1
0.505 3.14411e-25 -5.51476e-13 -8.21565e-15 1.01087e-13 0.74661 0.130362 2.01356 0.204575 0.74661 0.468222 1
0.504 3.13905e-25 -5.50754e-13 -8.77076e-15 1.02462e-13 0.747518 0.130382 2.00993 0.204029 0.747518 0.467708 1
0.503 3.12372e-25 -5.49005e-13 -9.32587e-15 1.043e-13 0.748427 0.130402 2.00629 0.203483 0.748427 0.467194 1
0.502 3.11436e-25 -5.48062e-13 -1.08802e-14 1.04623e-13 0.749336 0.130422 2.00266 0.202938 0.749336 0.466679 1
0.501 3.09542e-25 -5.46396e-13 -1.32117e-14 1.04014e-13 0.750246 0.130441 1.99902 0.202393 0.750246 0.466164 1
0.5 3.08282e-25 -5.44842e-13 -1.37668e-14 1.06018e-13 0.751155 0.13046 1.99538 0.201848 0.751155 0.465649 1
0.499 3.06682e-25 -5.43482e-13 -1.63203e-14 1.05086e-13 0.752065 0.130479 1.99174 0.201304 0.752065 0.465133 1
0.498 3.05521e-25 -5.41844e-13 -1.59872e-14 1.08027e-13 0.752975 0.130497 1.9881 0.20076 0.752975 0.464617 1
0.497 3.04022e-25 -5.40568e-13 -1.85407e-14 1.07075e-13 0.753885 0.130514 1.98446 0.200216 0.753885 0.464101 1
0.496 3.0271e-25 -5.3918e-13 -2.0095e-14 1.07665e-13 0.754796 0.130532 1.98082 0.199673 0.754796 0.463584 1
0.495 3.02115e-25 -5.38514e-13 -2.13163e-14 1.07997e-13 0.755706 0.130548 1.97718 0.19913 0.755706 0.463067 1
0.494 3.00742e-25 -5.36599e-13 -2.09832e-14 1.11194e-13 0.756617 0.130565 1.97353 0.198587 0.756617 0.46255 1
0.493 2.9929e-25 -5.35461e-13 -2.38698e-14 1.09552e-13 0.757528 0.130581 1.96989 0.198045 0.757528 0.462033 1
0.492 2.97933e-25 -5.33906e-13 -2.498e-14 1.10692e-13 0.758439 0.130596 1.96624 0.197503 0.758439 0.461515 1
0.491 2.97028e-25 -5.32824e-13 -2.62013e-14 1.11538e-13 0.759351 0.130611 1.9626 0.196961 0.759351 0.460996 1
0.49 2.95819e-25 -5.3138e-13 -2.72005e-14 1.12755e-13 0.760263 0.130626 1.95895 0.19642 0.760263 0.460478 1
0.489 2.95508e-25 -5.30603e-13 -2.69784e-14 1.15064e-13 0.761175 0.13064 1.9553 0.195879 0.761175 0.459959 1
0.488 2.94009e-25 -5.29243e-13 -2.95319e-14 1.14186e-13 0.762087 0.130654 1.95165 0.195339 0.762087 0.45944 1
0.487 2.92873e-25 -5.27911e-13 -3.06422e-14 1.15081e-13 0.762999 0.130667 1.948 0.194799 0.762999 0.45892 1
0.486 2.92085e-25 -5.26912e-13 -3.18634e-14 1.15904e-13 0.763912 0.13068 1.94435 0.194259 0.763912 0.4584 1
0.485 2.9132e-25 -5.25885e-13 -3.26406e-14 1.17046e-13 0.764825 0.130693 1.9407 0.19372 0.764825 0.45788 1
0.484 2.90403e-25 -5.24913e-13 -3.44169e-14 1.16981e-13 0.765738 0.130705 1.93705 0.19318 0.765738 0.457359 1
0.483 2.88886e-25 -5.23082e-13 -3.54161e-14 1.18396e-13 0.766651 0.130717 1.9334 0.192642 0.766651 0.456838 1
0.482 2.87943e-25 -5.22166e-13 -3.76366e-14 1.17767e-13 0.767565 0.130728 1.92974 0.192103 0.767565 0.456317 1
0.481 2.877e-25 -5.215e-13 -3.77476e-14 1.19639e-13 0.768478 0.130739 1.92609 0.191565 0.768478 0.455795 1
0.48 2.86499e-25 -5.20084e-13 -3.91909e-14 1.20314e-13 0.769392 0.130749 1.92243 0.191028 0.769392 0.455273 1
0.479 2.85437e-25 -5.18946e-13 -4.13003e-14 1.20112e-13 0.770306 0.130759 1.91877 0.19049 0.770306 0.454751 1
0.478 2.84568e-25 -5.17864e-13 -4.22995e-14 1.20813e-13 0.771221 0.130769 1.91512 0.189953 0.771221 0.454228 1
0.477 2.83715e-25 -5.16476e-13 -4.25215e-14 1.23124e-13 0.772135 0.130778 1.91146 0.189417 0.772135 0.453705 1
0.476 2.83237e-25 -5.15893e-13 -4.41869e-14 1.23043e-13 0.77305 0.130787 1.9078 0.18888 0.77305 0.453182 1
0.475 2.82363e-25 -5.1481e-13 -4.54081e-14 1.23578e-13 0.773965 0.130795 1.90414 0.188344 0.773965 0.452658 1
0.474 2.81497e-25 -5.137e-13 -4.67404e-14 1.24197e-13 0.774881 0.130803 1.90048 0.187809 0.774881 0.452134 1
0.473 2.81103e-25 -5.13006e-13 -4.75175e-14 1.25177e-13 0.775796 0.13081 1.89682 0.187274 0.775796 0.451609 1
0.472 2.79757e-25 -5.11091e-13 -4.81837e-14 1.27362e-13 0.776712 0.130817 1.89315 0.186739 0.776712 0.451084 1
0.471 2.80249e-25 -5.11452e-13 -4.92939e-14 1.27419e-13 0.777628 0.130824 1.88949 0.186204 0.777628 0.450559 1
0.47 2.78971e-25 -5.09981e-13 -5.11813e-14 1.27559e-13 0.778544 0.13083 1.88582 0.18567 0.778544 0.450034 1
0.469 2.78701e-25 -5.0937e-13 -5.17364e-14 1.2871e-13 0.77946 0.130835 1.88216 0.185136 0.77946 0.449508 1
0.468 2.77609e-25 -5.08094e-13 -5.35127e-14 1.28788e-13 0.780377 0.13084 1.87849 0.184603 0.780377 0.448981 1
0.467 2.77057e-25 -5.0715e-13 -5.42899e-14 1.30034e-13 0.781294 0.130845 1.87483 0.18407 0.781294 0.448455 1
0.466 2.76531e-25 -5.06234e-13 -5.54001e-14 1.31108e-13 0.782211 0.130849 1.87116 0.183537 0.782211 0.447928 1
0.465 2.75786e-25 -5.05401e-13 -5.72875e-14 1.30665e-13 0.783128 0.130853 1.86749 0.183004 0.783128 0.4474 1
0.464 2.76131e-25 -5.05151e-13 -5.68434e-14 1.33123e-13 0.784045 0.130857 1.86382 0.182472 0.784045 0.446872 1
0.463 2.74756e-25 -5.03458e-13 -5.83977e-14 1.33697e-13 0.784963 0.13086 1.86015 0.181941 0.784963 0.446344 1
0.462 2.73966e-25 -5.02598e-13 -6.09512e-14 1.32838e-13 0.785881 0.130862 1.85648 0.181409 0.785881 0.445816 1
0.461 2.74175e-25 -5.02154e-13 -6.00631e-14 1.35681e-13 0.786799 0.130864 1.8528 0.180878 0.786799 0.445287 1
0.46 2.73725e-25 -5.01404e-13 -6.13953e-14 1.36196e-13 0.787717 0.130866 1.84913 0.180348 0.787717 0.444757 1
0.459 2.726e-25 -5.00017e-13 -6.35048e-14 1.36199e-13 0.788636 0.130867 1.84546 0.179817 0.788636 0.444228 1
0.458 2.72179e-25 -4.99184e-13 -6.40599e-14 1.37444e-13 0.789555 0.130868 1.84178 0.179288 0.789555 0.443698 1
0.457 2.71554e-25 -4.98157e-13 -6.52811e-14 1.38317e-13 0.790474 0.130868 1.83811 0.178758 0.790474 0.443167 1
0.456 2.70834e-25 -4.97102e-13 -6.68354e-14 1.38769e-13 0.791393 0.130868 1.83443 0.178229 0.791393 0.442636 1
0.455 2.7147e-25 -4.97463e-13 -6.72795e-14 1.3955e-13 0.792312 0.130867 1.83075 0.1777 0.792312 0.442105 1
0.454 2.70679e-25 -4.96353e-13 -6.90559e-14 1.39799e-13 0.793232 0.130866 1.82707 0.177171 0.793232 0.441573 1
0.453 2.69926e-25 -4.95104e-13 -6.9833e-14 1.41143e-13 0.794152 0.130864 1.82339 0.176643 0.794152 0.441041 1
0.452 2.69864e-25 -4.94799e-13 -7.12763e-14 1.41272e-13 0.795072 0.130862 1.81971 0.176115 0.795072 0.440509 1
0.451 2.6939e-25 -4.93827e-13 -7.18314e-14 1.42706e-13 0.795992 0.13086 1.81603 0.175588 0.795992 0.439976 1
0.45 2.69408e-25 -4.9355e-13 -7.32747e-14 1.42995e-13 0.796913 0.130857 1.81235 0.175061 0.796913 0.439443 1
0.449 2.69084e-25 -4.928e-13 -7.40519e-14 1.44042e-13 0.797834 0.130853 1.80866 0.174534 0.797834 0.438909 1
0.448 2.6891e-25 -4.92273e-13 -7.54952e-14 1.44491e-13 0.798755 0.130849 1.80498 0.174008 0.798755 0.438375 1
0.447 2.68231e-25 -4.90968e-13 -7.59393e-14 1.46335e-13 0.799676 0.130845 1.8013 0.173482 0.799676 0.437841 1
0.446 2.68369e-25 -4.9083e-13 -7.71605e-14 1.46634e-13 0.800597 0.13084 1.79761 0.172956 0.800597 0.437306 1
0.445 2.68218e-25 -4.90413e-13 -7.84928e-14 1.46805e-13 0.801519 0.130835 1.79392 0.172431 0.801519 0.436771 1
0.444 2.67964e-25 -4.89386e-13 -7.83817e-14 1.49402e-13 0.802441 0.130829 1.79024 0.171906 0.802441 0.436235 1
0.443 2.67804e-25 -4.89025e-13 -8.01581e-14 1.49107e-13 0.803363 0.130823 1.78655 0.171381 0.803363 0.435699 1
0.442 2.67362e-25 -4.8811e-13 -8.12683e-14 1.50023e-13 0.804285 0.130816 1.78286 0.170857 0.804285 0.435162 1
0.441 2.67134e-25 -4.87388e-13 -8.19345e-14 1.51242e-13 0.805208 0.130809 1.77917 0.170333 0.805208 0.434626 1
0.44 2.67429e-25 -4.87249e-13 -8.28226e-14 1.52178e-13 0.806131 0.130801 1.77548 0.169809 0.806131 0.434088 1
0.439 2.67286e-25 -4.86833e-13 -8.43769e-14 1.52187e-13 0.807054 0.130793 1.77179 0.169286 0.807054 0.43355 1
0.438 2.66818e-25 -4.86056e-13 -8.60423e-14 1.52201e-13 0.807977 0.130784 1.76809 0.168763 0.807977 0.433012 1
0.437 2.66458e-25 -4.85084e-13 -8.68194e-14 1.53666e-13 0.8089 0.130775 1.7644 0.168241 0.8089 0.432474 1
0.436 2.66885e-25 -4.85112e-13 -8.74856e-14 1.54589e-13 0.809824 0.130766 1.7607 0.167718 0.809824 0.431935 1
0.435 2.66588e-25 -4.84279e-13 -8.83738e-14 1.55728e-13 0.810748 0.130756 1.75701 0.167197 0.810748 0.431395 1
0.434 2.66158e-25 -4.83419e-13 -8.99281e-14 1.56133e-13 0.811672 0.130745 1.75331 0.166675 0.811672 0.430855 1
0.433 2.6653e-25 -4.83502e-13 -9.10383e-14 1.56422e-13 0.812596 0.130734 1.74961 0.166154 0.812596 0.430315 1
0.432 2.67067e-25 -4.83474e-13 -9.09273e-14 1.58278e-13 0.813521 0.130722 1.74592 0.165633 0.813521 0.429774 1
0.431 2.65927e-25 -4.82003e-13 -9.38138e-14 1.57476e-13 0.814446 0.13071 1.74222 0.165113 0.814446 0.429233 1
0.43 2.66328e-25 -4.81865e-13 -9.42579e-14 1.58901e-13 0.815371 0.130698 1.73852 0.164593 0.815371 0.428691 1
0.429 2.66678e-25 -4.81698e-13 -9.448e-14 1.60369e-13 0.816296 0.130685 1.73482 0.164073 0.816296 0.428149 1
0.428 2.67012e-25 -4.81531e-13 -9.4813e-14 1.61709e-13 0.817221 0.130672 1.73111 0.163554 0.817221 0.427607 1
0.427 2.66376e-25 -4.80532e-13 -9.67004e-14 1.61599e-13 0.818147 0.130658 1.72741 0.163035 0.818147 0.427064 1
0.426 2.66411e-25 -4.79977e-13 -9.79217e-14 1.62615e-13 0.819073 0.130643 1.72371 0.162517 0.819073 0.426521 1
0.425 2.66603e-25 -4.79783e-13 -9.9365e-14 1.62904e-13 0.819999 0.130628 1.72 0.161998 0.819999 0.425977 1
0.424 2.66914e-25 -4.79672e-13 -1.00031e-13 1.63776e-13 0.820925 0.130613 1.7163 0.16148 0.820925 0.425432 1
0.423 2.67019e-25 -4.79172e-13 -1.00697e-13 1.65144e-13 0.821852 0.130597 1.71259 0.160963 0.821852 0.424888 1
0.422 2.66721e-25 -4.78451e-13 -1.02029e-13 1.65516e-13 0.822779 0.13058 1.70889 0.160446 0.822779 0.424342 1
0.421 2.66976e-25 -4.78229e-13 -1.0314e-13 1.66241e-13 0.823706 0.130563 1.70518 0.159929 0.823706 0.423797 1
0.42 2.66936e-25 -4.77729e-13 -1.04583e-13 1.66654e-13 0.824633 0.130546 1.70147 0.159413 0.824633 0.423251 1
0.419 2.67695e-25 -4.77868e-13 -1.04361e-13 1.68661e-13 0.82556 0.130528 1.69776 0.158896 0.82556 0.422704 1
0.418 2.67424e-25 -4.77229e-13 -1.06359e-13 1.68416e-13 0.826488 0.13051 1.69405 0.158381 0.826488 0.422157 1
0.417 2.67909e-25 -4.77257e-13 -1.0747e-13 1.6907e-13 0.827416 0.130491 1.69034 0.157865 0.827416 0.421609 1
0.416 2.67891e-25 -4.76647e-13 -1.08358e-13 1.70169e-13 0.828344 0.130471 1.68662 0.15735 0.828344 0.421061 1
0.415 2.6882e-25 -4.76924e-13 -1.07803e-13 1.72458e-13 0.829272 0.130451 1.68291 0.156836 0.829272 0.420513 1
0.414 2.68444e-25 -4.7623e-13 -1.10134e-13 1.71813e-13 0.830201 0.130431 1.6792 0.156321 0.830201 0.419964 1
0.413 2.68797e-25 -4.76147e-13 -1.11355e-13 1.72282e-13 0.83113 0.13041 1.67548 0.155807 0.83113 0.419415 1
0.412 2.69634e-25 -4.76369e-13 -1.11355e-13 1.74087e-13 0.832059 0.130389 1.67177 0.155294 0.832059 0.418865 1
0.411 2.69473e-25 -4.75647e-13 -1.12244e-13 1.75026e-13 0.832988 0.130367 1.66805 0.154781 0.832988 0.418314 1
0.41 2.69785e-25 -4.75481e-13 -1.13687e-13 1.75437e-13 0.833917 0.130344 1.66433 0.154268 0.833917 0.417764 1
0.409 2.70244e-25 -4.75481e-13 -1.14464e-13 1.7624e-13 0.834847 0.130321 1.66061 0.153755 0.834847 0.417212 1
0.408 2.70215e-25 -4.74676e-13 -1.15352e-13 1.7774e-13 0.835777 0.130298 1.65689 0.153243 0.835777 0.41666 1
0.407 2.70307e-25 -4.74454e-13 -1.17129e-13 1.77431e-13 0.836707 0.130274 1.65317 0.152731 0.836707 0.416108 1
0.406 2.71003e-25 -4.74509e-13 -1.17684e-13 1.7887e-13 0.837637 0.130249 1.64945 0.15222 0.837637 0.415555 1
0.405 2.71473e-25 -4.74482e-13 -1.18017e-13 1.80035e-13 0.838568 0.130224 1.64573 0.151709 0.838568 0.415002 1
0.404 2.71706e-25 -4.74204e-13 -1.19571e-13 1.80385e-13 0.839499 0.130198 1.642 0.151198 0.839499 0.414448 1
0.403 2.72422e-25 -4.7426e-13 -1.19793e-13 1.8207e-13 0.84043 0.130172 1.63828 0.150688 0.84043 0.413894 1
0.402 2.72572e-25 -4.73899e-13 -1.20903e-13 1.82687e-13 0.841361 0.130145 1.63456 0.150178 0.841361 0.413339 1
0.401 2.73699e-25 -4.74537e-13 -1.21458e-13 1.83743e-13 0.842293 0.130118 1.63083 0.149668 0.842293 0.412784 1
0.4 2.73651e-25 -4.7401e-13 -1.22902e-13 1.84013e-13 0.843224 0.130091 1.6271 0.149159 0.843224 0.412228 1
0.399 2.737e-25 -4.73455e-13 -1.24678e-13 1.84379e-13 0.844156 0.130062 1.62338 0.14865 0.844156 0.411672 1
0.398 2.7461e-25 -4.73788e-13 -1.249e-13 1.85836e-13 0.845088 0.130034 1.61965 0.148141 0.845088 0.411115 1
0.397 2.74713e-25 -4.73399e-13 -1.26565e-13 1.85976e-13 0.846021 0.130004 1.61592 0.147633 0.846021 0.410558 1
0.396 2.74951e-25 -4.72844e-13 -1.27343e-13 1.87493e-13 0.846953 0.129975 1.61219 0.147125 0.846953 0.41 1
0.395 2.75588e-25 -4.72899e-13 -1.27898e-13 1.88671e-13 0.847886 0.129944 1.60845 0.146618 0.847886 0.409441 1
0.394 2.76738e-25 -4.7376e-13 -1.29341e-13 1.88574e-13 0.848819 0.129913 1.60472 0.146111 0.848819 0.408882 1
0.393 2.76994e-25 -4.73288e-13 -1.30229e-13 1.89823e-13 0.849753 0.129882 1.60099 0.145604 0.849753 0.408323 1
0.392 2.77916e-25 -4.73982e-13 -1.31228e-13 1.89832e-13 0.850686 0.12985 1.59726 0.145098 0.850686 0.407763 1
0.391 2.78166e-25 -4.73288e-13 -1.3145e-13 1.92054e-13 0.85162 0.129817 1.59352 0.144592 0.85162 0.407203 1
0.39 2.79238e-25 -4.73843e-13 -1.32117e-13 1.93018e-13 0.852554 0.129784 1.58978 0.144086 0.852554 0.406642 1
0.389 2.80194e-25 -4.74371e-13 -1.33227e-13 1.93435e-13 0.853488 0.129751 1.58605 0.143581 0.853488 0.40608 1
0.388 2.80187e-25 -4.73677e-13 -1.34226e-13 1.94425e-13 0.854423 0.129716 1.58231 0.143076 0.854423 0.405518 1
0.387 2.80698e-25 -4.73593e-13 -1.36113e-13 1.9463e-13 0.855357 0.129682 1.57857 0.142571 0.855357 0.404955 1
0.386 2.81563e-25 -4.73788e-13 -1.36002e-13 1.96447e-13 0.856292 0.129647 1.57483 0.142067 0.856292 0.404392 1
0.385 2.81735e-25 -4.7326e-13 -1.37335e-13 1.97227e-13 0.857227 0.129611 1.57109 0.141563 0.857227 0.403829 1
0.384 2.82687e-25 -4.73621e-13 -1.38001e-13 1.98307e-13 0.858163 0.129574 1.56735 0.14106 0.858163 0.403264 1
0.383 2.83318e-25 -4.73704e-13 -1.39222e-13 1.98844e-13 0.859098 0.129537 1.56361 0.140557 0.859098 0.402699 1
0.382 2.84322e-25 -4.74204e-13 -1.4011e-13 1.99553e-13 0.860034 0.1295 1.55986 0.140054 0.860034 0.402134 1
0.381 2.84581e-25 -4.7376e-13 -1.41664e-13 2.00159e-13 0.86097 0.129462 1.55612 0.139552 0.86097 0.401568 1
0.38 2.8556e-25 -4.74121e-13 -1.41887e-13 2.01587e-13 0.861906 0.129423 1.55238 0.13905 0.861906 0.401002 1
0.379 2.86211e-25 -4.74093e-13 -1.43219e-13 2.02325e-13 0.862843 0.129384 1.54863 0.138548 0.862843 0.400435 1
0.378 2.87567e-25 -4.75009e-13 -1.43885e-13 2.03053e-13 0.863779 0.129345 1.54488 0.138047 0.863779 0.399867 1
0.377 2.88004e-25 -4.74787e-13 -1.4444e-13 2.04251e-13 0.864716 0.129304 1.54113 0.137546 0.864716 0.399299 1
0.376 2.88445e-25 -4.74593e-13 -1.45661e-13 2.04914e-13 0.865654 0.129263 1.53739 0.137046 0.865654 0.39873 1
0.375 2.89484e-25 -4.74981e-13 -1.46771e-13 2.05755e-13 0.866591 0.129222 1.53364 0.136546 0.866591 0.398161 1
0.374 2.90594e-25 -4.75509e-13 -1.47882e-13 2.06439e-13 0.867529 0.12918 1.52989 0.136046 0.867529 0.397591 1
0.373 2.90582e-25 -4.7487e-13 -1.49325e-13 2.06838e-13 0.868466 0.129138 1.52613 0.135546 0.868466 0.39702 1
0.372 2.91905e-25 -4.75397e-13 -1.50213e-13 2.08177e-13 0.869405 0.129094 1.52238 0.135047 0.869405 0.396449 1
0.371 2.92838e-25 -4.75703e-13 -1.50324e-13 2.09638e-13 0.870343 0.129051 1.51863 0.134549 0.870343 0.395878 1
0.37 2.93937e-25 -4.7623e-13 -1.51545e-13 2.10179e-13 0.871281 0.129006 1.51487 0.13405 0.871281 0.395306 1
0.369 2.94935e-25 -4.76563e-13 -1.51879e-13 2.11555e-13 0.87222 0.128962 1.51112 0.133552 0.87222 0.394733 1
0.368 2.95531e-25 -4.76535e-13 -1.53433e-13 2.11905e-13 0.873159 0.128916 1.50736 0.133055 0.873159 0.394159 1
0.367 2.97279e-25 -4.77535e-13 -1.53433e-13 2.13771e-13 0.874099 0.12887 1.50361 0.132558 0.874099 0.393585 1
0.366 2.98018e-25 -4.77618e-13 -1.54099e-13 2.14832e-13 0.875038 0.128824 1.49985 0.132061 0.875038 0.393011 1
0.365 2.98858e-25 -4.77868e-13 -1.55986e-13 2.1487e-13 0.875978 0.128776 1.49609 0.131564 0.875978 0.392436 1
0.364 3.00479e-25 -4.78922e-13 -1.56541e-13 2.15888e-13 0.876918 0.128729 1.49233 0.131068 0.876918 0.39186 1
0.363 3.00773e-25 -4.78617e-13 -1.57652e-13 2.16436e-13 0.877858 0.12868 1.48857 0.130573 0.877858 0.391283 1
0.362 3.02198e-25 -4.79256e-13 -1.58429e-13 2.17743e-13 0.878798 0.128631 1.48481 0.130077 0.878798 0.390706 1
0.361 3.03199e-25 -4.79783e-13 -1.5965e-13 2.1799e-13 0.879739 0.128582 1.48104 0.129582 0.879739 0.390129 1
0.36 3.04102e-25 -4.79783e-13 -1.60316e-13 2.19566e-13 0.88068 0.128532 1.47728 0.129088 0.88068 0.38955 1
0.359 3.05072e-25 -4.80005e-13 -1.61537e-13 2.20392e-13 0.881621 0.128481 1.47352 0.128593 0.881621 0.388971 1
0.358 3.0584e-25 -4.80199e-13 -1.63092e-13 2.20566e-13 0.882562 0.12843 1.46975 0.1281 0.882562 0.388392 1
0.357 3.07749e-25 -4.8142e-13 -1.6287e-13 2.22389e-13 0.883504 0.128378 1.46598 0.127606 0.883504 0.387812 1
0.356 3.08912e-25 -4.81976e-13 -1.6398e-13 2.22984e-13 0.884446 0.128325 1.46222 0.127113 0.884446 0.387231 1
0.355 3.1004e-25 -4.82364e-13 -1.64979e-13 2.23934e-13 0.885388 0.128272 1.45845 0.12662 0.885388 0.386649 1
0.354 3.1111e-25 -4.82531e-13 -1.65756e-13 2.25386e-13 0.88633 0.128218 1.45468 0.126128 0.88633 0.386067 1
0.353 3.12211e-25 -4.82947e-13 -1.66533e-13 2.26362e-13 0.887273 0.128164 1.45091 0.125636 0.887273 0.385485 1
0.352 3.13599e-25 -4.83558e-13 -1.67089e-13 2.27712e-13 0.888215 0.128109 1.44714 0.125144 0.888215 0.384901 1
0.351 3.14228e-25 -4.83336e-13 -1.68532e-13 2.28499e-13 0.889158 0.128053 1.44337 0.124653 0.889158 0.384317 1
0.35 3.16192e-25 -4.84709e-13 -1.68976e-13 2.29555e-13 0.890102 0.127997 1.43959 0.124162 0.890102 0.383733 1
0.349 3.16764e-25 -4.84626e-13 -1.71307e-13 2.29249e-13 0.891045 0.12794 1.43582 0.123672 0.891045 0.383147 1
0.348 3.19032e-25 -4.86028e-13 -1.70863e-13 2.31548e-13 0.891989 0.127883 1.43205 0.123182 0.891989 0.382561 1
0.347 3.20132e-25 -4.86569e-13 -1.72751e-13 2.31386e-13 0.892933 0.127825 1.42827 0.122692 0.892933 0.381975 1
0.346 3.21199e-25 -4.86819e-13 -1.73639e-13 2.32498e-13 0.893877 0.127766 1.42449 0.122203 0.893877 0.381387 1
0.345 3.22566e-25 -4.87221e-13 -1.74194e-13 2.34175e-13 0.894821 0.127707 1.42072 0.121714 0.894821 0.380799 1
0.344 3.2371e-25 -4.87596e-13 -1.75082e-13 2.35173e-13 0.895766 0.127647 1.41694 0.121225 0.895766 0.380211 1
0.343 3.25064e-25 -4.88318e-13 -1.76748e-13 2.35308e-13 0.896711 0.127587 1.41316 0.120737 0.896711 0.379621 1
0.342 3.26962e-25 -4.89442e-13 -1.76081e-13 2.37494e-13 0.897656 0.127525 1.40938 0.120249 0.897656 0.379031 1
0.341 3.28462e-25 -4.90274e-13 -1.77525e-13 2.37862e-13 0.898601 0.127464 1.4056 0.119762 0.898601 0.378441 1
0.34 3.2919e-25 -4.90011e-13 -1.7919e-13 2.38685e-13 0.899547 0.127401 1.40181 0.119275 0.899547 0.377849 1
0.339 3.31451e-25 -4.9169e-13 -1.78968e-13 2.4013e-13 0.900493 0.127338 1.39803 0.118788 0.900493 0.377257 1
0.338 3.33253e-25 -4.92717e-13 -1.79745e-13 2.41195e-13 0.901439 0.127274 1.39424 0.118302 0.901439 0.376664 1
0.337 3.34757e-25 -4.93439e-13 -1.81299e-13 2.41673e-13 0.902385 0.12721 1.39046 0.117816 0.902385 0.376071 1
0.336 3.35832e-25 -4.93564e-13 -1.82299e-13 2.42886e-13 0.903332 0.127145 1.38667 0.117331 0.903332 0.375477 1
0.335 3.37705e-25 -4.94646e-13 -1.83409e-13 2.43704e-13 0.904278 0.127079 1.38289 0.116846 0.904278 0.374882 1
0.334 3.39441e-25 -4.9559e-13 -1.84075e-13 2.44844e-13 0.905226 0.127013 1.3791 0.116361 0.905226 0.374286 1
0.333 3.40905e-25 -4.962e-13 -1.8463e-13 2.46175e-13 0.906173 0.126946 1.37531 0.115876 0.906173 0.37369 1
0.332 3.4265e-25 -4.97047e-13 -1.85185e-13 2.4759e-13 0.90712 0.126878 1.37152 0.115393 0.90712 0.373093 1
0.331 3.44118e-25 -4.97727e-13 -1.86406e-13 2.48272e-13 0.908068 0.12681 1.36773 0.114909 0.908068 0.372495 1
0.33 3.45874e-25 -4.98629e-13 -1.87517e-13 2.49159e-13 0.909016 0.126741 1.36394 0.114426 0.909016 0.371897 1
0.329 3.47683e-25 -4.99545e-13 -1.88405e-13 2.50283e-13 0.909964 0.126672 1.36014 0.113943 0.909964 0.371297 1
0.328 3.49045e-25 -5.00058e-13 -1.89737e-13 2.5097e-13 0.910913 0.126601 1.35635 0.113461 0.910913 0.370697 1
0.327 3.50798e-25 -5.0096e-13 -1.91069e-13 2.51652e-13 0.911862 0.12653 1.35255 0.112979 0.911862 0.370097 1
0.326 3.5245e-25 -5.01738e-13 -1.92069e-13 2.52625e-13 0.912811 0.126459 1.34876 0.112497 0.912811 0.369495 1
0.325 3.55379e-25 -5.03944e-13 -1.91958e-13 2.5411e-13 0.91376 0.126387 1.34496 0.112016 0.91376 0.368893 1
0.324 3.56635e-25 -5.04208e-13 -1.92957e-13 2.55298e-13 0.914709 0.126314 1.34116 0.111535 0.914709 0.36829 1
0.323 3.58659e-25 -5.05235e-13 -1.93845e-13 2.56556e-13 0.915659 0.12624 1.33736 0.111054 0.915659 0.367686 1
0.322 3.60142e-25 -5.05915e-13 -1.95066e-13 2.57179e-13 0.916609 0.126166 1.33356 0.110574 0.916609 0.367082 1
0.321 3.61641e-25 -5.06511e-13 -1.96509e-13 2.5782e-13 0.917559 0.126091 1.32976 0.110095 0.917559 0.366476 1
0.32 3.63834e-25 -5.07788e-13 -1.97398e-13 2.58881e-13 0.91851 0.126015 1.32596 0.109615 0.91851 0.36587 1
0.319 3.66627e-25 -5.09648e-13 -1.97398e-13 2.60616e-13 0.91946 0.125939 1.32216 0.109136 0.91946 0.365264 1
0.318 3.67916e-25 -5.09953e-13 -1.98286e-13 2.61813e-13 0.920411 0.125862 1.31836 0.108658 0.920411 0.364656 1
0.317 3.70144e-25 -5.11299e-13 -1.99507e-13 2.62514e-13 0.921362 0.125784 1.31455 0.10818 0.921362 0.364048 1
0.316 3.72392e-25 -5.12604e-13 -1.99951e-13 2.63911e-13 0.922314 0.125706 1.31074 0.107702 0.922314 0.363438 1
0.315 3.74642e-25 -5.1395e-13 -2.01283e-13 2.64541e-13 0.923266 0.125627 1.30694 0.107225 0.923266 0.362829 1
0.314 3.76217e-25 -5.14297e-13 -2.02394e-13 2.65993e-13 0.924217 0.125547 1.30313 0.106748 0.924217 0.362218 1
0.313 3.79022e-25 -5.16157e-13 -2.02727e-13 2.67407e-13 0.92517 0.125466 1.29932 0.106271 0.92517 0.361606 1
0.312 3.80929e-25 -5.17225e-13 -2.04725e-13 2.67384e-13 0.926122 0.125385 1.29551 0.105795 0.926122 0.360994 1
0.311 3.83277e-25 -5.1846e-13 -2.04503e-13 2.69544e-13 0.927075 0.125303 1.2917 0.10532 0.927075 0.360381 1
0.31 3.84938e-25 -5.18877e-13 -2.06168e-13 2.70554e-13 0.928028 0.125221 1.28789 0.104844 0.928028 0.359767 1
0.309 3.8709e-25 -5.20237e-13 -2.07501e-13 2.70901e-13 0.928981 0.125137 1.28408 0.104369 0.928981 0.359152 1
0.308 3.89987e-25 -5.22082e-13 -2.07945e-13 2.72353e-13 0.929934 0.125053 1.28026 0.103895 0.929934 0.358536 1
0.307 3.92093e-25 -5.23179e-13 -2.09166e-13 2.73179e-13 0.930888 0.124969 1.27645 0.103421 0.930888 0.35792 1
0.306 3.9469e-25 -5.24664e-13 -2.09943e-13 2.74484e-13 0.931842 0.124883 1.27263 0.102947 0.931842 0.357302 1
0.305 3.97953e-25 -5.26995e-13 -2.10276e-13 2.75705e-13 0.932796 0.124797 1.26882 0.102474 0.932796 0.356684 1
0.304 3.99778e-25 -5.27536e-13 -2.1072e-13 2.77633e-13 0.93375 0.12471 1.265 0.102001 0.93375 0.356065 1
0.303 4.02144e-25 -5.28896e-13 -2.12164e-13 2.78207e-13 0.934705 0.124622 1.26118 0.101528 0.934705 0.355445 1
0.302 4.05193e-25 -5.30992e-13 -2.12941e-13 2.79099e-13 0.93566 0.124534 1.25736 0.101056 0.93566 0.354824 1
0.301 4.06901e-25 -5.31422e-13 -2.14717e-13 2.79979e-13 0.936615 0.124445 1.25354 0.100584 0.936615 0.354203 1
0.3 4.09717e-25 -5.32963e-13 -2.14717e-13 2.82071e-13 0.937571 0.124355 1.24972 0.100113 0.937571 0.35358 1
0.299 4.12142e-25 -5.34336e-13 -2.16271e-13 2.82582e-13 0.938526 0.124264 1.24589 0.0996423 0.938526 0.352957 1
0.298 4.15048e-25 -5.36057e-13 -2.16605e-13 2.84207e-13 0.939482 0.124173 1.24207 0.0991719 0.939482 0.352333 1
0.297 4.17945e-25 -5.37848e-13 -2.17382e-13 2.85324e-13 0.940439 0.124081 1.23825 0.0987018 0.940439 0.351708 1
0.296 4.20769e-25 -5.39693e-13 -2.18936e-13 2.85599e-13 0.941395 0.123988 1.23442 0.0982322 0.941395 0.351082 1
0.295 4.23307e-25 -5.4079e-13 -2.19824e-13 2.87282e-13 0.942352 0.123895 1.23059 0.0977629 0.942352 0.350455 1
0.294 4.26089e-25 -5.42372e-13 -2.20823e-13 2.88372e-13 0.943309 0.1238 1.22676 0.0972941 0.943309 0.349827 1
0.293 4.29135e-25 -5.44245e-13 -2.21267e-13 2.89781e-13 0.944266 0.123705 1.22294 0.0968257 0.944266 0.349198 1
0.292 4.3146e-25 -5.45231e-13 -2.226e-13 2.90917e-13 0.945224 0.123609 1.21911 0.0963577 0.945224 0.348569 1
0.291 4.34573e-25 -5.47146e-13 -2.24154e-13 2.91478e-13 0.946181 0.123513 1.21527 0.0958901 0.946181 0.347938 1
0.29 4.3778e-25 -5.49061e-13 -2.23821e-13 2.93626e-13 0.947139 0.123415 1.21144 0.095423 0.947139 0.347307 1
0.289 4.40612e-25 -5.50601e-13 -2.25597e-13 2.94204e-13 0.948098 0.123317 1.20761 0.0949562 0.948098 0.346674 1
0.288 4.43967e-25 -5.52627e-13 -2.26374e-13 2.95508e-13 0.949056 0.123218 1.20378 0.0944899 0.949056 0.346041 1
0.287 4.46828e-25 -5.54057e-13 -2.27041e-13 2.97157e-13 0.950015 0.123118 1.19994 0.094024 0.950015 0.345407 1
0.286 4.5011e-25 -5.56069e-13 -2.28151e-13 2.98067e-13 0.950974 0.123018 1.1961 0.0935585 0.950974 0.344771 1
0.285 4.53182e-25 -5.57859e-13 -2.28817e-13 2.99362e-13 0.951933 0.122917 1.19227 0.0930934 0.951933 0.344135 1
0.284 4.55443e-25 -5.58581e-13 -2.30704e-13 3.00342e-13 0.952893 0.122815 1.18843 0.0926288 0.952893 0.343498 1
0.283 4.60025e-25 -5.61814e-13 -2.30593e-13 3.0202e-13 0.953853 0.122712 1.18459 0.0921645 0.953853 0.34286 1
0.282 4.6282e-25 -5.63077e-13 -2.32592e-13 3.02762e-13 0.954813 0.122608 1.18075 0.0917007 0.954813 0.342221 1
0.281 4.66248e-25 -5.65062e-13 -2.3348e-13 3.0404e-13 0.955773 0.122504 1.17691 0.0912374 0.955773 0.341581 1
0.28 4.70207e-25 -5.67879e-13 -2.33924e-13 3.0496e-13 0.956734 0.122398 1.17306 0.0907744 0.956734 0.34094 1
0.279 4.73324e-25 -5.69336e-13 -2.34701e-13 3.0675e-13 0.957695 0.122292 1.16922 0.0903119 0.957695 0.340298 1
0.278 4.76607e-25 -5.71154e-13 -2.36478e-13 3.07357e-13 0.958656 0.122185 1.16538 0.0898498 0.958656 0.339655 1
0.277 4.81111e-25 -5.74013e-13 -2.36811e-13 3.09097e-13 0.959618 0.122078 1.16153 0.0893881 0.959618 0.339011 1
0.276 4.84344e-25 -5.75623e-13 -2.37699e-13 3.10648e-13 0.960579 0.121969 1.15768 0.0889268 0.960579 0.338366 1
0.275 4.88048e-25 -5.7776e-13 -2.38698e-13 3.11872e-13 0.961541 0.12186 1.15383 0.088466 0.961541 0.337719 1
0.274 4.91598e-25 -5.79772e-13 -2.39697e-13 3.13062e-13 0.962504 0.12175 1.14999 0.0880056 0.962504 0.337072 1
0.273 4.95647e-25 -5.82173e-13 -2.40585e-13 3.14389e-13 0.963466 0.121639 1.14614 0.0875457 0.963466 0.336424 1
0.272 4.99055e-25 -5.83894e-13 -2.41918e-13 3.15593e-13 0.964429 0.121527 1.14228 0.0870861 0.964429 0.335775 1
0.271 5.03531e-25 -5.86586e-13 -2.42362e-13 3.17346e-13 0.965392 0.121414 1.13843 0.0866271 0.965392 0.335125 1
0.27 5.07753e-25 -5.89348e-13 -2.43694e-13 3.1786e-13 0.966355 0.121301 1.13458 0.0861684 0.966355 0.334474 1
0.269 5.11627e-25 -5.91402e-13 -2.4436e-13 3.19623e-13 0.967319 0.121186 1.13072 0.0857102 0.967319 0.333821 1
0.268 5.15917e-25 -5.93928e-13 -2.4547e-13 3.20797e-13 0.968283 0.121071 1.12687 0.0852524 0.968283 0.333168 1
0.267 5.20014e-25 -5.96231e-13 -2.46136e-13 3.22396e-13 0.969247 0.120955 1.12301 0.0847951 0.969247 0.332513 1
0.266 5.24527e-25 -5.98924e-13 -2.47136e-13 3.23638e-13 0.970211 0.120838 1.11915 0.0843382 0.970211 0.331858 1
0.265 5.27812e-25 -6.00381e-13 -2.48468e-13 3.2499e-13 0.971176 0.120721 1.1153 0.0838817 0.971176 0.331201 1
0.264 5.33045e-25 -6.03712e-13 -2.49356e-13 3.26188e-13 0.972141 0.120602 1.11144 0.0834257 0.972141 0.330543 1
0.263 5.3643e-25 -6.05085e-13 -2.51688e-13 3.2704e-13 0.973106 0.120483 1.10757 0.0829701 0.973106 0.329884 1
0.262 5.41919e-25 -6.08652e-13 -2.51466e-13 3.28978e-13 0.974072 0.120362 1.10371 0.082515 0.974072 0.329224 1
0.261 5.46448e-25 -6.11136e-13 -2.52687e-13 3.30318e-13 0.975038 0.120241 1.09985 0.0820603 0.975038 0.328563 1
0.26 5.51091e-25 -6.13828e-13 -2.53353e-13 3.3184e-13 0.976004 0.120119 1.09598 0.0816061 0.976004 0.327901 1
0.259 5.55508e-25 -6.16202e-13 -2.55129e-13 3.32735e-13 0.97697 0.119996 1.09212 0.0811523 0.97697 0.327238 1
0.258 5.60859e-25 -6.19491e-13 -2.55573e-13 3.34324e-13 0.977937 0.119872 1.08825 0.080699 0.977937 0.326573 1
0.257 5.6554e-25 -6.21961e-13 -2.56795e-13 3.358e-13 0.978904 0.119747 1.08438 0.0802461 0.978904 0.325908 1
0.256 5.7036e-25 -6.24681e-13 -2.57683e-13 3.37244e-13 0.979871 0.119622 1.08052 0.0797937 0.979871 0.325241 1
0.255 5.7648e-25 -6.28456e-13 -2.58349e-13 3.38791e-13 0.980839 0.119495 1.07665 0.0793417 0.980839 0.324573 1
0.254 5.81286e-25 -6.31162e-13 -2.59681e-13 3.39833e-13 0.981806 0.119368 1.07277 0.0788902 0.981806 0.323903 1
0.253 5.86476e-25 -6.34076e-13 -2.60569e-13 3.41361e-13 0.982774 0.119239 1.0689 0.0784391 0.982774 0.323233 1
0.252 5.90783e-25 -6.36075e-13 -2.62013e-13 3.42844e-13 0.983743 0.11911 1.06503 0.0779885 0.983743 0.322562 1
0.251 5.96577e-25 -6.39377e-13 -2.63345e-13 3.44126e-13 0.984711 0.11898 1.06115 0.0775384 0.984711 0.321889 1
0.25 6.02502e-25 -6.42847e-13 -2.63789e-13 3.45927e-13 0.98568 0.118848 1.05728 0.0770887 0.98568 0.321215 1
0.249 6.08541e-25 -6.46497e-13 -2.64788e-13 3.47088e-13 0.98665 0.118716 1.0534 0.0766395 0.98665 0.32054 1
0.248 6.1355e-25 -6.48925e-13 -2.65898e-13 3.48919e-13 0.987619 0.118583 1.04952 0.0761907 0.987619 0.319863 1
0.247 6.19557e-25 -6.52367e-13 -2.66898e-13 3.50343e-13 0.988589 0.118449 1.04564 0.0757424 0.988589 0.319186 1
0.246 6.25716e-25 -6.56031e-13 -2.67786e-13 3.51611e-13 0.989559 0.118314 1.04176 0.0752946 0.989559 0.318507 1
0.245 6.31468e-25 -6.5889e-13 -2.69118e-13 3.53423e-13 0.99053 0.118179 1.03788 0.0748473 0.99053 0.317826 1
0.244 6.37157e-25 -6.61998e-13 -2.70228e-13 3.54812e-13 0.9915 0.118042 1.034 0.0744004 0.9915 0.317145 1
0.243 6.44784e-25 -6.66703e-13 -2.71116e-13 3.56072e-13 0.992471 0.117904 1.03012 0.073954 0.992471 0.316462 1
0.242 6.50471e-25 -6.69506e-13 -2.72005e-13 3.58115e-13 0.993443 0.117765 1.02623 0.073508 0.993443 0.315778 1
0.241 6.57132e-25 -6.73323e-13 -2.73004e-13 3.59496e-13 0.994414 0.117626 1.02234 0.0730626 0.994414 0.315093 1
0.24 6.63024e-25 -6.76431e-13 -2.74447e-13 3.60754e-13 0.995386 0.117485 1.01846 0.0726176 0.995386 0.314406 1
0.239 6.69622e-25 -6.80081e-13 -2.75557e-13 3.62188e-13 0.996358 0.117343 1.01457 0.0721731 0.996358 0.313718 1
0.238 6.76755e-25 -6.83911e-13 -2.76668e-13 3.63972e-13 0.997331 0.117201 1.01068 0.0717291 0.997331 0.313029 1
0.237 6.83422e-25 -6.87589e-13 -2.77778e-13 3.65354e-13 0.998303 0.117057 1.00679 0.0712855 0.998303 0.312339 1
0.236 6.90659e-25 -6.91516e-13 -2.78777e-13 3.6708e-13 0.999277 0.116912 1.00289 0.0708425 0.999277 0.311647 1
0.235 6.97996e-25 -6.95388e-13 -2.79998e-13 3.68826e-13 1.00025 0.116767 0.999 0.0703999 1.00025 0.310953 1
0.234 7.06042e-25 -6.99996e-13 -2.80442e-13 3.70675e-13 1.00122 0.11662 0.995106 0.0699578 1.00122 0.310259 1
0.233 7.12759e-25 -7.03534e-13 -2.82219e-13 3.71686e-13 1.0022 0.116472 0.99121 0.0695162 1.0022 0.309563 1
0.232 7.2049e-25 -7.07656e-13 -2.83329e-13 3.73414e-13 1.00317 0.116324 0.987312 0.0690751 1.00317 0.308865 1
0.231 7.28694e-25 -7.12014e-13 -2.83551e-13 3.75937e-13 1.00415 0.116174 0.983414 0.0686345 1.00415 0.308166 1
0.23 7.3606e-25 -7.15927e-13 -2.85549e-13 3.76789e-13 1.00512 0.116023 0.979514 0.0681944 1.00512 0.307466 1
0.229 7.44924e-25 -7.20798e-13 -2.86327e-13 3.78669e-13 1.0061 0.115872 0.975613 0.0677547 1.0061 0.306764 1
0.228 7.5285e-25 -7.25003e-13 -2.87215e-13 3.80431e-13 1.00707 0.115719 0.971711 0.0673156 1.00707 0.306061 1
0.227 7.6126e-25 -7.2925e-13 -2.88658e-13 3.82271e-13 1.00805 0.115565 0.967808 0.066877 1.00805 0.305357 1
0.226 7.70247e-25 -7.34232e-13 -2.89879e-13 3.83563e-13 1.00902 0.11541 0.963903 0.0664389 1.00902 0.304651 1
0.225 7.78128e-25 -7.38132e-13 -2.91211e-13 3.85337e-13 1.01 0.115254 0.959997 0.0660012 1.01 0.303943 1
0.224 7.8698e-25 -7.42698e-13 -2.92211e-13 3.87289e-13 1.01098 0.115097 0.95609 0.0655641 1.01098 0.303234 1
0.223 7.96727e-25 -7.47749e-13 -2.92211e-13 3.90143e-13 1.01195 0.114939 0.952181 0.0651275 1.01195 0.302524 1
0.222 8.06328e-25 -7.5305e-13 -2.9432e-13 3.90664e-13 1.01293 0.11478 0.948271 0.0646914 1.01293 0.301812 1
0.221 8.1587e-25 -7.58074e-13 -2.9543e-13 3.92319e-13 1.01391 0.114619 0.94436 0.0642559 1.01391 0.301098 1
0.22 8.25402e-25 -7.62973e-13 -2.96874e-13 3.93879e-13 1.01489 0.114458 0.940448 0.0638208 1.01489 0.300383 1
0.219 8.3461e-25 -7.67553e-13 -2.97651e-13 3.96076e-13 1.01587 0.114295 0.936534 0.0633863 1.01587 0.299667 1
0.218 8.44448e-25 -7.72479e-13 -2.98872e-13 3.97994e-13 1.01685 0.114132 0.932619 0.0629522 1.01685 0.298949 1
0.217 8.54203e-25 -7.77337e-13 -3.00759e-13 3.99368e-13 1.01782 0.113967 0.928703 0.0625187 1.01782 0.298229 1
0.216 8.65692e-25 -7.83311e-13 -3.01315e-13 4.01654e-13 1.0188 0.113801 0.924786 0.0620858 1.0188 0.297508 1
0.215 8.76716e-25 -7.88938e-13 -3.02647e-13 4.03357e-13 1.01978 0.113634 0.920867 0.0616533 1.01978 0.296785 1
0.214 8.86873e-25 -7.93858e-13 -3.04201e-13 4.05122e-13 1.02076 0.113466 0.916947 0.0612214 1.02076 0.29606 1
0.213 8.99172e-25 -8.00263e-13 -3.04645e-13 4.07361e-13 1.02174 0.113297 0.913025 0.06079 1.02174 0.295334 1
0.212 9.09176e-25 -8.0503e-13 -3.06866e-13 4.08578e-13 1.02272 0.113127 0.909102 0.0603591 1.02272 0.294606 1
0.211 9.21851e-25 -8.11469e-13 -3.07976e-13 4.10512e-13 1.02371 0.112955 0.905178 0.0599288 1.02371 0.293877 1
0.21 9.34779e-25 -8.18109e-13 -3.08087e-13 4.12988e-13 1.02469 0.112782 0.901252 0.059499 1.02469 0.293146 1
0.209 9.46495e-25 -8.23584e-13 -3.10307e-13 4.14624e-13 1.02567 0.112608 0.897326 0.0590698 1.02567 0.292413 1
0.208 9.59416e-25 -8.30148e-13 -3.11418e-13 4.16279e-13 1.02665 0.112433 0.893397 0.0586411 1.02665 0.291679 1
0.207 9.71097e-25 -8.35568e-13 -3.12417e-13 4.18712e-13 1.02763 0.112257 0.889468 0.0582129 1.02763 0.290942 1
0.206 9.8484e-25 -8.42146e-13 -3.1386e-13 4.20858e-13 1.02862 0.11208 0.885537 0.0577853 1.02862 0.290204 1
0.205 9.98839e-25 -8.49223e-13 -3.15303e-13 4.22187e-13 1.0296 0.111901 0.881604 0.0573583 1.0296 0.289465 1
0.204 1.01157e-24 -8.54997e-13 -3.16969e-13 4.24357e-13 1.03058 0.111721 0.877671 0.0569318 1.03058 0.288723 1
0.203 1.02593e-24 -8.61922e-13 -3.17968e-13 4.2652e-13 1.03157 0.11154 0.873735 0.0565059 1.03157 0.28798 1
0.202 1.04088e-24 -8.69034e-13 -3.18967e-13 4.28856e-13 1.03255 0.111358 0.869799 0.0560805 1.03255 0.287235 1
0.201 1.05583e-24 -8.76126e-13 -3.20632e-13 4.30612e-13 1.03353 0.111174 0.865861 0.0556557 1.03353 0.286488 1
0.2 1.07157e-24 -8.83675e-13 -3.20965e-13 4.3321e-13 1.03452 0.110989 0.861921 0.0552314 1.03452 0.28574 1
0.199 1.08609e-24 -8.90232e-13 -3.23297e-13 4.34803e-13 1.0355 0.110803 0.857981 0.0548077 1.0355 0.284989 1
0.198 1.10206e-24 -8.97664e-13 -3.25184e-13 4.36476e-13 1.03649 0.110616 0.854038 0.0543846 1.03649 0.284237 1
0.197 1.11843e-24 -9.05297e-13 -3.25739e-13 4.39045e-13 1.03748 0.110427 0.850095 0.0539621 1.03748 0.283483 1
0.196 1.13636e-24 -9.13575e-13 -3.27072e-13 4.41321e-13 1.03846 0.110237 0.84615 0.0535401 1.03846 0.282727 1
0.195 1.15249e-24 -9.20736e-13 -3.28515e-13 4.43635e-13 1.03945 0.110046 0.842203 0.0531188 1.03945 0.281969 1
0.194 1.16961e-24 -9.28514e-13 -3.30846e-13 4.44989e-13 1.04044 0.109853 0.838255 0.052698 1.04044 0.281209 1
0.193 1.18794e-24 -9.36778e-13 -3.31735e-13 4.47591e-13 1.04142 0.10966 0.834306 0.0522778 1.04142 0.280447 1
0.192 1.20752e-24 -9.45639e-13 -3.33067e-13 4.49839e-13 1.04241 0.109464 0.830355 0.0518582 1.04241 0.279683 1
0.191 1.22523e-24 -9.53224e-13 -3.34621e-13 4.52358e-13 1.0434 0.109268 0.826402 0.0514392 1.0434 0.278917 1
0.19 1.24575e-24 -9.6248e-13 -3.35509e-13 4.54775e-13 1.04439 0.10907 0.822448 0.0510208 1.04439 0.278149 1
0.189 1.26562e-24 -9.71036e-13 -3.37064e-13 4.57273e-13 1.04538 0.108871 0.818493 0.0506029 1.04538 0.27738 1
0.188 1.28582e-24 -9.79855e-13 -3.38951e-13 4.59146e-13 1.04637 0.108671 0.814536 0.0501857 1.04637 0.276608 1
0.187 1.30833e-24 -9.89674e-13 -3.39617e-13 4.62102e-13 1.04736 0.108469 0.810577 0.0497691 1.04736 0.275834 1
0.186 1.32923e-24 -9.98569e-13 -3.40727e-13 4.64749e-13 1.04835 0.108265 0.806617 0.0493532 1.04835 0.275058 1
0.185 1.35109e-24 -1.00781e-12 -3.42504e-13 4.67011e-13 1.04934 0.108061 0.802656 0.0489378 1.04934 0.274279 1
0.184 1.37437e-24 -1.01745e-12 -3.44502e-13 4.69553e-13 1.05033 0.107855 0.798692 0.048523 1.05033 0.273499 1
0.183 1.39859e-24 -1.02785e-12 -3.45501e-13 4.71958e-13 1.05132 0.107647 0.794728 0.0481089 1.05132 0.272717 1
0.182 1.42212e-24 -1.03761e-12 -3.48055e-13 4.73653e-13 1.05231 0.107438 0.790761 0.0476954 1.05231 0.271932 1
0.181 1.44801e-24 -1.04838e-12 -3.48943e-13 4.76588e-13 1.0533 0.107228 0.786794 0.0472826 1.0533 0.271145 1
0.18 1.47414e-24 -1.059e-12 -3.5083e-13 4.7914e-13 1.05429 0.107016 0.782824 0.0468703 1.05429 0.270356 1
0.179 1.49973e-24 -1.0693e-12 -3.51497e-13 4.82458e-13 1.05529 0.106803 0.778853 0.0464588 1.05529 0.269565 1
0.178 1.52757e-24 -1.08051e-12 -3.53606e-13 4.84798e-13 1.05628 0.106588 0.77488 0.0460478 1.05628 0.268771 1
0.177 1.55548e-24 -1.09154e-12 -3.55271e-13 4.87642e-13 1.05727 0.106372 0.770906 0.0456375 1.05727 0.267975 1
0.176 1.58387e-24 -1.10289e-12 -3.57048e-13 4.89924e-13 1.05827 0.106154 0.76693 0.0452279 1.05827 0.267177 1
0.175 1.61446e-24 -1.11496e-12 -3.59046e-13 4.92349e-13 1.05926 0.105935 0.762953 0.0448189 1.05926 0.266377 1
0.174 1.64634e-24 -1.1274e-12 -3.60045e-13 4.95664e-13 1.06026 0.105714 0.758974 0.0444106 1.06026 0.265574 1
0.173 1.67649e-24 -1.13888e-12 -3.62044e-13 4.98365e-13 1.06125 0.105492 0.754993 0.0440029 1.06125 0.264768 1
0.172 1.70993e-24 -1.15171e-12 -3.63376e-13 5.01444e-13 1.06225 0.105268 0.75101 0.0435959 1.06225 0.263961 1
0.171 1.74359e-24 -1.16441e-12 -3.65374e-13 5.04224e-13 1.06324 0.105042 0.747026 0.0431896 1.06324 0.263151 1
0.17 1.77885e-24 -1.17779e-12 -3.67262e-13 5.06741e-13 1.06424 0.104815 0.74304 0.042784 1.06424 0.262338 1
0.169 1.81482e-24 -1.19116e-12 -3.68816e-13 5.09839e-13 1.06524 0.104587 0.739052 0.0423791 1.06524 0.261523 1
0.168 1.85364e-24 -1.20559e-12 -3.70148e-13 5.13012e-13 1.06623 0.104357 0.735063 0.0419748 1.06623 0.260705 1
0.167 1.8907e-24 -1.219e-12 -3.72813e-13 5.15497e-13 1.06723 0.104125 0.731072 0.0415713 1.06723 0.259885 1
0.166 1.93132e-24 -1.23365e-12 -3.73923e-13 5.19246e-13 1.06823 0.103891 0.727079 0.0411684 1.06823 0.259062 1
0.165 1.97185e-24 -1.24816e-12 -3.75699e-13 5.22295e-13 1.06923 0.103656 0.723084 0.0407663 1.06923 0.258237 1
0.164 2.01434e-24 -1.2632e-12 -3.78475e-13 5.24811e-13 1.07023 0.10342 0.719088 0.0403648 1.07023 0.257409 1
0.163 2.05966e-24 -1.27916e-12 -3.79474e-13 5.2858e-13 1.07123 0.103181 0.71509 0.0399641 1.07123 0.256578 1
0.162 2.1047e-24 -1.29488e-12 -3.81584e-13 5.31396e-13 1.07223 0.102941 0.71109 0.0395641 1.07223 0.255745 1
0.161 2.15309e-24 -1.3114e-12 -3.83027e-13 5.35357e-13 1.07323 0.102699 0.707088 0.0391649 1.07323 0.254909 1
0.16 2.20073e-24 -1.32751e-12 -3.84914e-13 5.38786e-13 1.07423 0.102456 0.703084 0.0387663 1.07423 0.25407 1
0.159 2.25258e-24 -1.34512e-12 -3.87579e-13 5.41311e-13 1.07523 0.10221 0.699079 0.0383685 1.07523 0.253228 1
0.158 2.30372e-24 -1.36191e-12 -3.89577e-13 5.45114e-13 1.07623 0.101963 0.695071 0.0379715 1.07623 0.252384 1
0.157 2.35903e-24 -1.38006e-12 -3.91687e-13 5.48688e-13 1.07723 0.101714 0.691062 0.0375752 1.07723 0.251536 1
0.156 2.41535e-24 -1.3984e-12 -3.93241e-13 5.52431e-13 1.07824 0.101464 0.687051 0.0371797 1.07824 0.250686 1
0.155 2.47421e-24 -1.41737e-12 -3.95795e-13 5.55546e-13 1.07924 0.101211 0.683038 0.0367849 1.07924 0.249833 1
0.154 2.53608e-24 -1.43695e-12 -3.97016e-13 5.60034e-13 1.08024 0.100957 0.679023 0.0363909 1.08024 0.248976 1
0.153 2.59847e-24 -1.45645e-12 -4.00013e-13 5.63207e-13 1.08125 0.100701 0.675006 0.0359977 1.08125 0.248117 1
0.152 2.66368e-24 -1.4767e-12 -4.02123e-13 5.66864e-13 1.08225 0.100443 0.670987 0.0356053 1.08225 0.247255 1
0.151 2.73381e-24 -1.49816e-12 -4.03788e-13 5.7122e-13 1.08326 0.100183 0.666966 0.0352137 1.08326 0.246389 1
0.15 2.804e-24 -1.51939e-12 -4.06453e-13 5.74679e-13 1.08426 0.0999212 0.662943 0.0348229 1.08426 0.245521 1
0.149 2.87731e-24 -1.54116e-12 -4.09006e-13 5.78671e-13 1.08527 0.0996574 0.658918 0.0344328 1.08527 0.244649 1
0.148 2.95541e-24 -1.56426e-12 -4.11116e-13 5.82662e-13 1.08628 0.0993917 0.654891 0.0340436 1.08628 0.243774 1
0.147 3.03499e-24 -1.58722e-12 -4.13225e-13 5.87329e-13 1.08728 0.0991241 0.650862 0.0336552 1.08728 0.242896 1
0.146 3.11865e-24 -1.61127e-12 -4.1589e-13 5.91169e-13 1.08829 0.0988544 0.646831 0.0332677 1.08829 0.242015 1
0.145 3.20619e-24 -1.63612e-12 -4.17888e-13 5.95539e-13 1.0893 0.0985828 0.642798 0.032881 1.0893 0.24113 1
0.144 3.2972e-24 -1.66147e-12 -4.20886e-13 5.99649e-13 1.09031 0.0983091 0.638762 0.0324951 1.09031 0.240242 1
0.143 3.39324e-24 -1.68802e-12 -4.23328e-13 6.03845e-13 1.09132 0.0980333 0.634725 0.0321101 1.09132 0.23935 1
0.142 3.49079e-24 -1.71435e-12 -4.26326e-13 6.08304e-13 1.09233 0.0977555 0.630685 0.031726 1.09233 0.238455 1
0.141 3.59447e-24 -1.74203e-12 -4.28879e-13 6.13074e-13 1.09334 0.0974755 0.626643 0.0313427 1.09334 0.237556 1
0.14 3.70106e-24 -1.76999e-12 -4.31655e-13 6.17964e-13 1.09435 0.0971935 0.622599 0.0309603 1.09435 0.236654 1
0.139 3.81631e-24 -1.80011e-12 -4.33209e-13 6.23109e-13 1.09536 0.0969092 0.618553 0.0305788 1.09536 0.235748 1
0.138 3.93244e-24 -1.82968e-12 -4.36651e-13 6.27723e-13 1.09637 0.0966228 0.614505 0.0301982 1.09637 0.234839 1
0.137 4.05692e-24 -1.86106e-12 -4.39759e-13 6.32458e-13 1.09739 0.0963342 0.610454 0.0298185 1.09739 0.233925 1
0.136 4.18464e-24 -1.89266e-12 -4.42757e-13 6.3753e-13 1.0984 0.0960434 0.606401 0.0294397 1.0984 0.233008 1
0.135 4.3225e-24 -1.92639e-12 -4.45755e-13 6.42505e-13 1.09941 0.0957503 0.602345 0.0290619 1.09941 0.232088 1
0.134 4.46372e-24 -1.96029e-12 -4.47642e-13 6.48531e-13 1.10043 0.0954549 0.598288 0.028685 1.10043 0.231163 1
0.133 4.61262e-24 -1.99538e-12 -4.51306e-13 6.53753e-13 1.10144 0.0951573 0.594227 0.028309 1.10144 0.230234 1
0.132 4.77018e-24 -2.03202e-12 -4.54414e-13 6.59217e-13 1.10246 0.0948572 0.590165 0.027934 1.10246 0.229301 1
0.131 4.93163e-24 -2.06881e-12 -4.57856e-13 6.64838e-13 1.10347 0.0945548 0.5861 0.02756 1.10347 0.228365 1
0.13 5.10598e-24 -2.10795e-12 -4.61409e-13 6.70534e-13 1.10449 0.09425 0.582033 0.0271869 1.10449 0.227424 1
0.129 5.28605e-24 -2.14768e-12 -4.64406e-13 6.76642e-13 1.10551 0.0939428 0.577963 0.0268149 1.10551 0.226479 1
0.128 5.4775e-24 -2.18924e-12 -4.6807e-13 6.82373e-13 1.10653 0.0936331 0.57389 0.0264438 1.10653 0.225529 1
0.127 5.67683e-24 -2.23164e-12 -4.7129e-13 6.88831e-13 1.10755 0.0933209 0.569815 0.0260738 1.10755 0.224576 1
0.126 5.88951e-24 -2.27607e-12 -4.74842e-13 6.95364e-13 1.10857 0.0930062 0.565738 0.0257048 1.10857 0.223618 1
0.125 6.11229e-24 -2.32185e-12 -4.78173e-13 7.01874e-13 1.10959 0.0926889 0.561658 0.0253369 1.10959 0.222655 1
0.124 6.3481e-24 -2.3693e-12 -4.8217e-13 7.08541e-13 1.11061 0.092369 0.557575 0.02497 1.11061 0.221688 1
0.123 6.59671e-24 -2.41853e-12 -4.86722e-13 7.1451e-13 1.11163 0.0920465 0.55349 0.0246041 1.11163 0.220717 1
0.122 6.85898e-24 -2.46925e-12 -4.90052e-13 7.22237e-13 1.11265 0.0917213 0.549401 0.0242394 1.11265 0.21974 1
0.121 7.13643e-24 -2.52192e-12 -4.93272e-13 7.30077e-13 1.11367 0.0913934 0.545311 0.0238758 1.11367 0.218759 1
0.12 7.42993e-24 -2.57659e-12 -4.97602e-13 7.37234e-13 1.1147 0.0910628 0.541217 0.0235132 1.1147 0.217773 1
0.119 7.74083e-24 -2.63332e-12 -5.0282e-13 7.44061e-13 1.11572 0.0907294 0.53712 0.0231518 1.11572 0.216782 1
0.118 8.07071e-24 -2.69218e-12 -5.05818e-13 7.53001e-13 1.11674 0.0903931 0.533021 0.0227915 1.11674 0.215787 1
0.117 8.41691e-24 -2.75277e-12 -5.11813e-13 7.59756e-13 1.11777 0.090054 0.528919 0.0224324 1.11777 0.214786 1
0.116 8.79065e-24 -2.81672e-12 -5.15366e-13 7.68845e-13 1.1188 0.089712 0.524814 0.0220745 1.1188 0.21378 1
0.115 9.18317e-24 -2.8824e-12 -5.19917e-13 7.77595e-13 1.11982 0.089367 0.520706 0.0217177 1.11982 0.212768 1
0.114 9.60132e-24 -2.95093e-12 -5.25358e-13 7.85715e-13 1.12085 0.0890191 0.516595 0.0213622 1.12085 0.211752 1
0.113 1.00461e-23 -3.02211e-12 -5.30465e-13 7.94711e-13 1.12188 0.0886681 0.51248 0.0210079 1.12188 0.21073 1
0.112 1.05193e-23 -3.09613e-12 -5.35239e-13 8.04221e-13 1.12291 0.088314 0.508363 0.0206548 1.12291 0.209702 1
0.111 1.10243e-23 -3.17326e-12 -5.40457e-13 8.14002e-13 1.12394 0.0879567 0.504243 0.020303 1.12394 0.208669 1
0.11 1.15613e-23 -3.25338e-12 -5.46119e-13 8.23749e-13 1.12497 0.0875963 0.500119 0.0199524 1.12497 0.20763 1
0.109 1.21353e-23 -3.33701e-12 -5.52225e-13 8.33473e-13 1.126 0.0872326 0.495992 0.0196032 1.126 0.206585 1
0.108 1.27503e-23 -3.42433e-12 -5.57332e-13 8.44735e-13 1.12703 0.0868657 0.491862 0.0192553 1.12703 0.205534 1
0.107 1.34098e-23 -3.51576e-12 -5.63105e-13 8.55642e-13 1.12807 0.0864954 0.487728 0.0189087 1.12807 0.204477 1
0.106 1.41124e-23 -3.61061e-12 -5.69433e-13 8.66973e-13 1.1291 0.0861216 0.483591 0.0185635 1.1291 0.203414 1
0.105 1.48676e-23 -3.70997e-12 -5.75762e-13 8.78751e-13 1.13014 0.0857445 0.479451 0.0182197 1.13014 0.202345 1
0.104 1.56774e-23 -3.81387e-12 -5.83089e-13 8.89836e-13 1.13117 0.0853638 0.475307 0.0178772 1.13117 0.201269 1
0.103 1.65454e-23 -3.92204e-12 -5.89306e-13 9.0318e-13 1.13221 0.0849795 0.471159 0.0175362 1.13221 0.200186 1
0.102 1.74789e-23 -4.03533e-12 -5.96079e-13 9.16356e-13 1.13325 0.0845916 0.467008 0.0171967 1.13325 0.199097 1
0.101 1.84838e-23 -4.15405e-12 -6.04405e-13 9.28683e-13 1.13429 0.0841999 0.462853 0.0168586 1.13429 0.198001 1
0.1 1.9572e-23 -4.2788e-12 -6.10845e-13 9.43808e-13 1.13533 0.0838045 0.458695 0.0165221 1.13533 0.196899 1
0.099 2.07419e-23 -4.40916e-12 -6.18727e-13 9.58303e-13 1.13637 0.0834053 0.454532 0.016187 1.13637 0.195789 1
0.098 2.20041e-23 -4.54571e-12 -6.2772e-13 9.72887e-13 1.13741 0.0830021 0.450366 0.0158536 1.13741 0.194671 1
0.097 2.33753e-23 -4.68974e-12 -6.36269e-13 9.88332e-13 1.13845 0.0825949 0.446196 0.0155217 1.13845 0.193547 1
0.096 2.48582e-23 -4.84078e-12 -6.45262e-13 1.00434e-12 1.13949 0.0821837 0.442022 0.0151914 1.13949 0.192415 1
0.095 2.64623e-23 -4.99903e-12 -6.53033e-13 1.0225e-12 1.14054 0.0817683 0.437843 0.0148628 1.14054 0.191275 1
0.094 2.82077e-23 -5.166e-12 -6.62914e-13 1.03956e-12 1.14158 0.0813487 0.43366 0.0145358 1.14158 0.190127 1
0.093 3.01087e-23 -5.34196e-12 -6.72462e-13 1.05831e-12 1.14263 0.0809248 0.429474 0.0142106 1.14263 0.188971 1
0.092 3.21709e-23 -5.52657e-12 -6.82787e-13 1.07781e-12 1.14368 0.0804965 0.425282 0.0138871 1.14368 0.187807 1
0.091 3.4418e-23 -5.72114e-12 -6.93778e-13 1.09785e-12 1.14473 0.0800637 0.421087 0.0135654 1.14473 0.186634 1
0.09 3.68807e-23 -5.9272e-12 -7.04548e-13 1.11921e-12 1.14578 0.0796263 0.416886 0.0132455 1.14578 0.185453 1
0.089 3.95672e-23 -6.14432e-12 -7.16649e-13 1.14059e-12 1.14683 0.0791842 0.412681 0.0129274 1.14683 0.184263 1
0.088 4.2517e-23 -6.37427e-12 -7.28528e-13 1.16403e-12 1.14788 0.0787374 0.408472 0.0126113 1.14788 0.183064 1
0.087 4.57475e-23 -6.61704e-12 -7.41296e-13 1.18856e-12 1.14894 0.0782856 0.404257 0.012297 1.14894 0.181855 1
0.086 4.92935e-23 -6.87387e-12 -7.5373e-13 1.21461e-12 1.14999 0.0778289 0.400038 0.0119848 1.14999 0.180637 1
0.085 5.32006e-23 -7.14634e-12 -7.67497e-13 1.24151e-12 1.15105 0.0773671 0.395814 0.0116745 1.15105 0.17941 1
0.084 5.75012e-23 -7.43496e-12 -7.8304e-13 1.2686e-12 1.1521 0.0769001 0.391584 0.0113663 1.1521 0.178172 1
0.083 6.22607e-23 -7.74197e-12 -7.97695e-13 1.29858e-12 1.15316 0.0764277 0.387349 0.0110602 1.15316 0.176924 1
0.082 6.75168e-23 -8.06755e-12 -8.12794e-13 1.33071e-12 1.15422 0.0759498 0.383109 0.0107563 1.15422 0.175666 1
0.081 7.33457e-23 -8.41418e-12 -8.29115e-13 1.36378e-12 1.15528 0.0754664 0.378864 0.0104546 1.15528 0.174397 1
0.08 7.98208e-23 -8.78336e-12 -8.46101e-13 1.39911e-12 1.15635 0.0749773 0.374612 0.0101551 1.15635 0.173117 1
0.079 8.70155e-23 -9.17637e-12 -8.63531e-13 1.43668e-12 1.15741 0.0744823 0.370355 0.00985795 1.15741 0.171825 1
0.078 9.50508e-23 -9.59655e-12 -8.8185e-13 1.47627e-12 1.15848 0.0739813 0.366092 0.00956316 1.15848 0.170522 1
0.077 1.04012e-22 -1.00446e-11 -9.01834e-13 1.51817e-12 1.15954 0.0734741 0.361823 0.00927079 1.15954 0.169207 1
0.076 1.14049e-22 -1.05241e-11 -9.21152e-13 1.56345e-12 1.16061 0.0729606 0.357548 0.00898091 1.16061 0.16788 1
0.075 1.25288e-22 -1.10365e-11 -9.43134e-13 1.61078e-12 1.16168 0.0724406 0.353266 0.00869358 1.16168 0.16654 1
0.074 1.37939e-22 -1.15864e-11 -9.64784e-13 1.66202e-12 1.16276 0.071914 0.348978 0.00840886 1.16276 0.165187 1
0.073 1.52192e-22 -1.21767e-11 -9.87876e-13 1.71614e-12 1.16383 0.0713805 0.344683 0.00812684 1.16383 0.163821 1
0.072 1.68288e-22 -1.28107e-11 -1.01186e-12 1.7745e-12 1.1649 0.0708401 0.340381 0.00784756 1.1649 0.162441 1
0.071 1.865e-22 -1.34925e-11 -1.03595e-12 1.83779e-12 1.16598 0.0702924 0.336072 0.00757113 1.16598 0.161047 1
0.07 2.07164e-22 -1.4227e-11 -1.06148e-12 1.90542e-12 1.16706 0.0697373 0.331756 0.0072976 1.16706 0.159638 1
0.069 2.30674e-22 -1.50192e-11 -1.08746e-12 1.97848e-12 1.16814 0.0691746 0.327432 0.00702707 1.16814 0.158215 1
0.068 2.57478e-22 -1.58746e-11 -1.11522e-12 2.05668e-12 1.16922 0.0686041 0.323101 0.00675961 1.16922 0.156776 1
0.067 2.88129e-22 -1.67998e-11 -1.14253e-12 2.14256e-12 1.17031 0.0680254 0.318762 0.00649533 1.17031 0.15532 1
0.066 3.23247e-22 -1.78012e-11 -1.17173e-12 2.23458e-12 1.1714 0.0674385 0.314414 0.00623431 1.1714 0.153849 1
0.065 3.6364e-22 -1.88876e-11 -1.19871e-12 2.33674e-12 1.17249 0.0668431 0.310058 0.00597665 1.17249 0.15236 1
0.064 4.10182e-22 -2.00671e-11 -1.22791e-12 2.44646e-12 1.17358 0.0662388 0.305694 0.00572245 1.17358 0.150854 1
0.063 4.64e-22 -2.13502e-11 -1.25455e-12 2.56845e-12 1.17467 0.0656254 0.30132 0.00547183 1.17467 0.14933 1
0.062 5.26372e-22 -2.27471e-11 -1.28186e-12 2.70146e-12 1.17577 0.0650026 0.296938 0.00522488 1.17577 0.147787 1
0.061 5.98916e-22 -2.42713e-11 -1.3064e-12 2.84873e-12 1.17686 0.0643702 0.292546 0.00498173 1.17686 0.146224 1
0.06 6.83523e-22 -2.59362e-11 -1.3286e-12 3.01151e-12 1.17796 0.0637277 0.288144 0.00474251 1.17796 0.144642 1
0.059 7.82482e-22 -2.77574e-11 -1.3467e-12 3.19282e-12 1.17907 0.063075 0.283732 0.00450733 1.17907 0.143039 1
0.058 8.9866e-22 -2.97537e-11 -1.35802e-12 3.39629e-12 1.18017 0.0624116 0.279309 0.00427634 1.18017 0.141414 1
0.057 1.03543e-21 -3.19444e-11 -1.36302e-12 3.62279e-12 1.18128 0.0617371 0.274876 0.00404966 1.18128 0.139767 1
0.056 1.19693e-21 -3.43518e-11 -1.35747e-12 3.879e-12 1.18239 0.0610513 0.270431 0.00382746 1.18239 0.138098 1
0.055 1.3883e-21 -3.70018e-11 -1.3386e-12 4.16801e-12 1.18351 0.0603537 0.265975 0.00360987 1.18351 0.136404 1
0.054 1.61577e-21 -3.99232e-11 -1.3024e-12 4.49652e-12 1.18462 0.0596439 0.261507 0.00339706 1.18462 0.134686 1
0.053 1.88704e-21 -4.31482e-11 -1.24334e-12 4.87169e-12 1.18574 0.0589215 0.257027 0.0031892 1.18574 0.132942 1
0.052 2.21156e-21 -4.67131e-11 -1.1553e-12 5.3016e-12 1.18687 0.0581861 0.252534 0.00298644 1.18687 0.131172 1
0.051 2.60111e-21 -5.066e-11 -1.02873e-12 5.79737e-12 1.18799 0.0574372 0.248028 0.00278898 1.18799 0.129374 1
0.05 3.0701e-21 -5.50344e-11 -8.5365e-13 6.37106e-12 1.18912 0.0566743 0.243508 0.002597 1.18912 0.127548 1
0.049 3.63654e-21 -5.98884e-11 -6.17284e-13 7.03815e-12 1.19026 0.0558969 0.238973 0.00241067 1.19026 0.125693 1
0.048 4.32261e-21 -6.52796e-11 -3.03757e-13 7.81638e-12 1.19139 0.0551046 0.234424 0.00223022 1.19139 0.123807 1
0.047 5.15609e-21 -7.12735e-11 1.07248e-13 8.7273e-12 1.19253 0.0542968 0.22986 0.00205582 1.19253 0.12189 1
0.046 6.17118e-21 -7.79412e-11 6.37712e-13 9.79551e-12 1.19368 0.053473 0.225281 0.00188768 1.19368 0.119939 1
0.045 7.41044e-21 -8.53617e-11 1.31406e-12 1.10495e-11 1.19483 0.0526327 0.220685 0.00172602 1.19483 0.117955 1
0.044 8.92631e-21 -9.36211e-11 2.16405e-12 1.25191e-11 1.19598 0.0517753 0.216072 0.00157104 1.19598 0.115937 1
0.043 2.31538e-27 -4.79898e-14 -1.66533e-15 3.09626e-15 1.19714 0.0509003 0.211443 0.00142294 1.19714 0.113882 1
0.042 2.97943e-27 -5.44367e-14 -2.55351e-15 3.09024e-15 1.1983 0.0500071 0.206795 0.00128193 1.1983 0.11179 1
0.041 2.83161e-25 -5.30895e-13 -2.06501e-14 2.97517e-14 1.19947 0.0490953 0.20213 0.0011482 1.19947 0.10966 1
0.04 3.8998e-25 -6.23089e-13 -2.39808e-14 3.41466e-14 1.20064 0.0481644 0.197445 0.00102194 1.20064 0.10749 1
0.039 5.37374e-25 -7.31486e-13 -2.75335e-14 3.92918e-14 1.20181 0.0472139 0.192742 0.000903309 1.20181 0.105281 1
0.038 7.40202e-25 -8.58556e-13 -3.21965e-14 4.52319e-14 1.203 0.0462434 0.188019 0.000792466 1.203 0.103031 1
0.037 2.44717e-26 -1.5613e-13 -5.21805e-15 8.23464e-15 1.20418 0.0452525 0.183276 0.000689526 1.20418 0.100739 1
0.036 3.57784e-26 -1.88803e-13 -6.88338e-15 9.18147e-15 1.20537 0.0442411 0.178514 0.000594578 1.20537 0.0984058 1
0.035 5.23086e-26 -2.28297e-13 -8.21565e-15 1.10354e-14 1.20657 0.043209 0.173731 0.000507665 1.20657 0.0960301 1
0.034 7.56336e-26 -2.74531e-13 -9.54792e-15 1.32445e-14 1.20777 0.0421561 0.168928 0.000428782 1.20777 0.0936122 1
0.033 1.0801e-25 -3.28082e-13 -1.11022e-14 1.57655e-14 1.20897 0.0410825 0.164105 0.000357866 1.20897 0.0911524 1
0.032 1.51999e-25 -3.89224e-13 -1.38778e-14 1.76303e-14 1.21018 0.0399886 0.159263 0.000294787 1.21018 0.0886516 1
0.031 9.26548e-21 -9.60455e-11 -8.93174e-13 6.32044e-12 1.2114 0.0388747 0.154402 0.000239342 1.2114 0.0861108 1
0.03 3.60497e-26 -1.8957e-13 -6.55032e-15 8.35467e-15 1.21262 0.0377415 0.149522 0.000191252 1.21262 0.0835315 1
0.029 2.28564e-21 -4.77214e-11 -7.48401e-13 2.78391e-12 1.21384 0.0365899 0.144625 0.000150155 1.21384 0.0809158 1
0.028 2.95758e-21 -5.42783e-11 -5.88418e-13 3.33038e-12 1.21507 0.0354209 0.139711 0.000115613 1.21507 0.0782658 1
0.027 3.72551e-21 -6.0907e-11 -3.13638e-13 3.96847e-12 1.2163 0.0342357 0.134782 8.71137e-05 1.2163 0.0755846 1
0.026 6.33557e-22 -2.51296e-11 -4.30544e-13 1.3697e-12 1.21754 0.0330356 0.12984 6.40812e-05 1.21754 0.072875 1
0.025 7.65656e-22 -2.76231e-11 -3.63598e-13 1.5765e-12 1.21878 0.0318223 0.124885 4.58929e-05 1.21878 0.0701406 1
0.024 8.96615e-22 -2.98883e-11 -2.56239e-13 1.79996e-12 1.22002 0.0305972 0.11992 3.18972e-05 1.22002 0.0673849 1
0.023 2.08092e-23 -4.55539e-12 -1.12244e-13 2.12079e-13 1.22126 0.029362 0.114946 2.14364e-05 1.22126 0.0646114 1
0.022 5.08814e-23 -7.12255e-12 -1.2923e-13 3.66034e-13 1.22251 0.0281182 0.109965 1.38695e-05 1.22251 0.0618235 1
0.021 1.18521e-23 -3.43792e-12 -7.64944e-14 1.64037e-13 1.22376 0.0268672 0.104979 8.59508e-06 1.22376 0.0590246 1
0.02 2.53993e-24 -1.59162e-12 -4.06342e-14 7.09434e-14 1.225 0.0256105 0.0999873 5.07034e-06 1.225 0.0562176 1
0.019 1.46004e-25 -3.81613e-13 -1.18794e-14 1.52902e-14 1.22625 0.0243491 0.0949929 2.82603e-06 1.22625 0.053405 1
0.018 4.56397e-21 -6.72348e-11 2.24065e-12 6.19864e-12 1.2275 0.023084 0.0899963 1.47464e-06 1.2275 0.0505889 1
0.017 8.45905e-22 -2.90054e-11 2.95985e-13 2.1219e-12 1.22875 0.0218159 0.0849982 7.12241e-07 1.22875 0.0477709 1
0.016 1.05235e-24 -1.0245e-12 -2.4647e-14 4.63821e-14 1.23 0.0205455 0.0799992 3.13911e-07 1.23 0.0449523 1
0.015 6.4043e-21 -7.92448e-11 5.59441e-12 9.65735e-12 1.23125 0.019273 0.0749997 1.2398e-07 1.23125 0.0421338 1
0.014 1.29683e-21 -3.58157e-11 1.43041e-12 3.46676e-12 1.2325 0.0179988 0.0699999 4.28664e-08 1.2325 0.0393161 1
0.013 2.41994e-22 -1.55066e-11 2.65787e-13 1.21168e-12 1.23375 0.0167229 0.065 1.25837e-08 1.23375 0.0364995 1
0.012 8.73976e-22 -2.93418e-11 1.64513e-12 3.21345e-12 1.235 0.0154455 0.06 3.01082e-09 1.235 0.033684 1
0.011 1.93989e-21 -4.34255e-11 4.10827e-12 6.10196e-12 1.23625 0.0141666 0.055 5.55313e-10 1.23625 0.0308699 1
0.01 3.62126e-23 -6.0005e-12 7.9714e-14 4.47463e-13 1.2375 0.0128861 0.05 7.30243e-11 1.2375 0.028057 1
0.009 1.3734e-21 -3.62136e-11 4.83613e-12 6.21184e-12 1.23875 0.0116042 0.045 6.11648e-12 1.23875 0.0252454 1
0.008 5.03417e-23 -7.04945e-12 3.44835e-13 7.26627e-13 1.24 0.0103208 0.04 2.75537e-13 1.24 0.0224352 1
0.007 2.18561e-23 -4.6435e-12 2.38698e-13 4.86883e-13 1.24125 0.0090359 0.035 5.11757e-15 1.24125 0.0196262 1
0.006 1.28301e-23 -3.55527e-12 2.0095e-13 3.86948e-13 1.2425 0.00774951 0.03 2.51627e-17 1.2425 0.0168186 1
0.005 8.01785e-23 -8.62003e-12 1.59361e-12 1.82593e-12 1.24375 0.00646163 0.025 1.47553e-20 1.24375 0.0140122 1
0.004 9.14007e-24 -2.94982e-12 4.13003e-13 5.17766e-13 1.245 0.00517227 0.02 2.09414e-25 1.245 0.0112072 1
0.003 5.61879e-25 -7.3885e-13 7.17204e-14 1.04096e-13 1.24625 0.00388143 0.015 1.74101e-33 1.24625 0.00840346 1
0.002 4.41444e-22 -1.33628e-11 1.22309e-11 1.06436e-11 1.2475 0.0025891 0.01 1.2021e-49 1.2475 0.00560102 1
0.001 3.43209e-07 -0.000495891 -0.000197654 0.000241317 1.24819 0.00253446 0.00623973 1e-50 1.24782 0.00548171 1
