1 7.42731e-23 -6.47449e-12 5.62439e-12 -8.48705e-13 0.378527 0.120205 3.48589 0.605643 0.378527 0.943519 1
0.999 7.27536e-23 -6.40876e-12 5.56533e-12 -8.41706e-13 0.379298 0.120431 3.48281 0.604877 0.379298 0.943354 1
0.998 7.13201e-23 -6.3467e-12 5.50848e-12 -8.34333e-13 0.38007 0.120656 3.47972 0.604112 0.38007 0.943189 1
0.997 6.98777e-23 -6.28297e-12 5.45142e-12 -8.27008e-13 0.380842 0.120882 3.47663 0.603347 0.380842 0.943023 1
0.996 6.84888e-23 -6.22113e-12 5.39568e-12 -8.20271e-13 0.381614 0.121108 3.47354 0.602582 0.381614 0.942858 1
0.995 6.70902e-23 -6.15819e-12 5.33906e-12 -8.13238e-13 0.382386 0.121333 3.47046 0.601817 0.382386 0.942691 1
0.994 6.57656e-23 -6.09812e-12 5.28466e-12 -8.06783e-13 0.383158 0.121559 3.46737 0.601053 0.383158 0.942525 1
0.993 6.44511e-23 -6.03784e-12 5.23026e-12 -7.9998e-13 0.38393 0.121784 3.46428 0.600288 0.38393 0.942359 1
0.992 6.31711e-23 -5.97855e-12 5.17675e-12 -7.93295e-13 0.384702 0.122009 3.46119 0.599523 0.384702 0.942192 1
0.991 6.19033e-23 -5.91915e-12 5.12324e-12 -7.8699e-13 0.385474 0.122234 3.4581 0.598759 0.385474 0.942025 1
0.99 6.06853e-23 -5.86164e-12 5.07128e-12 -7.80121e-13 0.386247 0.122459 3.45501 0.597995 0.386247 0.941858 1
0.989 5.94894e-23 -5.80458e-12 5.01976e-12 -7.73496e-13 0.387019 0.122684 3.45192 0.59723 0.387019 0.94169 1
0.988 5.83085e-23 -5.74751e-12 4.96847e-12 -7.67424e-13 0.387791 0.122909 3.44883 0.596466 0.387791 0.941522 1
0.987 5.71542e-23 -5.69123e-12 4.91784e-12 -7.60913e-13 0.388564 0.123134 3.44574 0.595702 0.388564 0.941354 1
0.986 5.60489e-23 -5.63705e-12 4.86855e-12 -7.54838e-13 0.389336 0.123359 3.44265 0.594938 0.389336 0.941186 1
0.985 5.49346e-23 -5.58154e-12 4.81881e-12 -7.48424e-13 0.390109 0.123583 3.43956 0.594174 0.390109 0.941018 1
0.984 5.38463e-23 -5.52691e-12 4.76952e-12 -7.42487e-13 0.390882 0.123808 3.43647 0.59341 0.390882 0.940849 1
0.983 5.28131e-23 -5.47462e-12 4.72222e-12 -7.3636e-13 0.391654 0.124032 3.43338 0.592647 0.391654 0.94068 1
0.982 5.17744e-23 -5.42133e-12 4.67448e-12 -7.29908e-13 0.392427 0.124256 3.43029 0.591883 0.392427 0.940511 1
0.981 5.07875e-23 -5.37048e-12 4.6283e-12 -7.24095e-13 0.3932 0.124481 3.4272 0.59112 0.3932 0.940341 1
0.98 4.97832e-23 -5.31786e-12 4.58122e-12 -7.18313e-13 0.393973 0.124705 3.42411 0.590357 0.393973 0.940172 1
0.979 4.88313e-23 -5.26779e-12 4.53593e-12 -7.12101e-13 0.394746 0.124929 3.42102 0.589593 0.394746 0.940002 1
0.978 4.78896e-23 -5.21772e-12 4.49063e-12 -7.06585e-13 0.395519 0.125153 3.41792 0.58883 0.395519 0.939831 1
0.977 4.69427e-23 -5.16664e-12 4.44489e-12 -7.01044e-13 0.396292 0.125376 3.41483 0.588067 0.396292 0.939661 1
0.976 4.60535e-23 -5.11846e-12 4.40137e-12 -6.94852e-13 0.397065 0.1256 3.41174 0.587304 0.397065 0.93949 1
0.975 4.51722e-23 -5.07028e-12 4.35763e-12 -6.89625e-13 0.397838 0.125824 3.40865 0.586541 0.397838 0.939319 1
0.974 4.42963e-23 -5.02165e-12 4.3141e-12 -6.83965e-13 0.398612 0.126047 3.40555 0.585779 0.398612 0.939148 1
0.973 4.34475e-23 -4.97413e-12 4.27147e-12 -6.78265e-13 0.399385 0.126271 3.40246 0.585016 0.399385 0.938977 1
0.972 4.25959e-23 -4.92584e-12 4.2284e-12 -6.72841e-13 0.400158 0.126494 3.39937 0.584254 0.400158 0.938805 1
0.971 4.18008e-23 -4.88076e-12 4.18732e-12 -6.67311e-13 0.400932 0.126717 3.39627 0.583491 0.400932 0.938633 1
0.97 4.10138e-23 -4.83558e-12 4.14646e-12 -6.6173e-13 0.401706 0.12694 3.39318 0.582729 0.401706 0.938461 1
0.969 4.02226e-23 -4.78928e-12 4.10538e-12 -6.56661e-13 0.402479 0.127164 3.39008 0.581967 0.402479 0.938289 1
0.968 3.9468e-23 -4.74532e-12 4.06519e-12 -6.51305e-13 0.403253 0.127386 3.38699 0.581205 0.403253 0.938116 1
0.967 3.87041e-23 -4.6998e-12 4.02478e-12 -6.45914e-13 0.404027 0.127609 3.38389 0.580443 0.404027 0.937943 1
0.966 3.7992e-23 -4.6575e-12 3.98614e-12 -6.40638e-13 0.4048 0.127832 3.3808 0.579681 0.4048 0.93777 1
0.965 3.725e-23 -4.61231e-12 3.94618e-12 -6.35848e-13 0.405574 0.128055 3.3777 0.578919 0.405574 0.937597 1
0.964 3.65607e-23 -4.57046e-12 3.90821e-12 -6.30559e-13 0.406348 0.128277 3.37461 0.578157 0.406348 0.937423 1
0.963 3.58685e-23 -4.52771e-12 3.87002e-12 -6.2555e-13 0.407122 0.1285 3.37151 0.577396 0.407122 0.937249 1
0.962 3.52057e-23 -4.48674e-12 3.83271e-12 -6.20633e-13 0.407896 0.128722 3.36841 0.576634 0.407896 0.937075 1
0.961 3.45449e-23 -4.44511e-12 3.79563e-12 -6.15671e-13 0.40867 0.128944 3.36532 0.575873 0.40867 0.9369 1
0.96 3.38899e-23 -4.40359e-12 3.75833e-12 -6.1101e-13 0.409445 0.129166 3.36222 0.575111 0.409445 0.936726 1
0.959 3.32525e-23 -4.36262e-12 3.72191e-12 -6.06104e-13 0.410219 0.129388 3.35912 0.57435 0.410219 0.936551 1
0.958 3.26322e-23 -4.32276e-12 3.68572e-12 -6.01158e-13 0.410993 0.12961 3.35603 0.573589 0.410993 0.936376 1
0.957 3.20295e-23 -4.28335e-12 3.65064e-12 -5.96067e-13 0.411768 0.129832 3.35293 0.572828 0.411768 0.9362 1
0.956 3.1429e-23 -4.24383e-12 3.61511e-12 -5.91565e-13 0.412542 0.130054 3.34983 0.572067 0.412542 0.936025 1
0.955 3.08594e-23 -4.20619e-12 3.58091e-12 -5.8691e-13 0.413317 0.130276 3.34673 0.571307 0.413317 0.935849 1
0.954 3.02785e-23 -4.16711e-12 3.54605e-12 -5.8239e-13 0.414091 0.130497 3.34363 0.570546 0.414091 0.935673 1
0.953 2.9721e-23 -4.12914e-12 3.51252e-12 -5.77364e-13 0.414866 0.130719 3.34054 0.569786 0.414866 0.935496 1
0.952 2.91812e-23 -4.09262e-12 3.47899e-12 -5.72991e-13 0.415641 0.13094 3.33744 0.569025 0.415641 0.93532 1
0.951 2.86418e-23 -4.0552e-12 3.44591e-12 -5.68226e-13 0.416415 0.131161 3.33434 0.568265 0.416415 0.935143 1
0.95 2.81034e-23 -4.01756e-12 3.41238e-12 -5.64091e-13 0.41719 0.131382 3.33124 0.567505 0.41719 0.934965 1
0.949 2.7602e-23 -3.9827e-12 3.38041e-12 -5.59434e-13 0.417965 0.131603 3.32814 0.566744 0.417965 0.934788 1
0.948 2.70876e-23 -3.94595e-12 3.34799e-12 -5.54969e-13 0.41874 0.131824 3.32504 0.565984 0.41874 0.93461 1
0.947 2.65964e-23 -3.91076e-12 3.31646e-12 -5.50858e-13 0.419515 0.132045 3.32194 0.565225 0.419515 0.934432 1
0.946 2.61155e-23 -3.87634e-12 3.28493e-12 -5.46585e-13 0.42029 0.132266 3.31884 0.564465 0.42029 0.934254 1
0.945 2.56313e-23 -3.84071e-12 3.25362e-12 -5.42475e-13 0.421066 0.132486 3.31574 0.563705 0.421066 0.934076 1
0.944 2.51617e-23 -3.80607e-12 3.22276e-12 -5.37927e-13 0.421841 0.132707 3.31264 0.562945 0.421841 0.933897 1
0.943 2.47019e-23 -3.77187e-12 3.19211e-12 -5.34119e-13 0.422616 0.132927 3.30954 0.562186 0.422616 0.933718 1
0.942 2.42664e-23 -3.73945e-12 3.16258e-12 -5.30039e-13 0.423392 0.133148 3.30643 0.561427 0.423392 0.933539 1
0.941 2.38301e-23 -3.70648e-12 3.13305e-12 -5.2542e-13 0.424167 0.133368 3.30333 0.560667 0.424167 0.93336 1
0.94 2.34118e-23 -3.67462e-12 3.10441e-12 -5.21204e-13 0.424943 0.133588 3.30023 0.559908 0.424943 0.93318 1
0.939 2.29863e-23 -3.64198e-12 3.07487e-12 -5.17208e-13 0.425718 0.133808 3.29713 0.559149 0.425718 0.933 1
0.938 2.2566e-23 -3.60911e-12 3.04579e-12 -5.13328e-13 0.426494 0.134028 3.29402 0.55839 0.426494 0.93282 1
0.937 2.21597e-23 -3.57714e-12 3.01736e-12 -5.09214e-13 0.42727 0.134247 3.29092 0.557631 0.42727 0.932639 1
0.936 2.17619e-23 -3.54561e-12 2.98916e-12 -5.05405e-13 0.428045 0.134467 3.28782 0.556872 0.428045 0.932458 1
0.935 2.13676e-23 -3.51408e-12 2.96096e-12 -5.01492e-13 0.428821 0.134687 3.28472 0.556114 0.428821 0.932277 1
0.934 2.09898e-23 -3.48366e-12 2.93365e-12 -4.97595e-13 0.429597 0.134906 3.28161 0.555355 0.429597 0.932096 1
0.933 2.06031e-23 -3.45202e-12 2.90568e-12 -4.93696e-13 0.430373 0.135125 3.27851 0.554597 0.430373 0.931915 1
0.932 2.02513e-23 -3.42326e-12 2.8797e-12 -4.89844e-13 0.431149 0.135345 3.2754 0.553839 0.431149 0.931733 1
0.931 1.98952e-23 -3.39395e-12 2.85305e-12 -4.86233e-13 0.431925 0.135564 3.2723 0.55308 0.431925 0.931551 1
0.93 1.95381e-23 -3.36386e-12 2.82663e-12 -4.82335e-13 0.432701 0.135783 3.26919 0.552322 0.432701 0.931368 1
0.929 1.92007e-23 -3.33567e-12 2.80087e-12 -4.78658e-13 0.433478 0.136002 3.26609 0.551564 0.433478 0.931186 1
0.928 1.8851e-23 -3.30569e-12 2.77445e-12 -4.75237e-13 0.434254 0.13622 3.26298 0.550806 0.434254 0.931003 1
0.927 1.85228e-23 -3.2776e-12 2.74913e-12 -4.71548e-13 0.43503 0.136439 3.25988 0.550048 0.43503 0.93082 1
0.926 1.81975e-23 -3.2494e-12 2.72404e-12 -4.67459e-13 0.435807 0.136658 3.25677 0.549291 0.435807 0.930637 1
0.925 1.78782e-23 -3.22153e-12 2.69895e-12 -4.64259e-13 0.436583 0.136876 3.25367 0.548533 0.436583 0.930453 1
0.924 1.7565e-23 -3.19389e-12 2.67431e-12 -4.60642e-13 0.43736 0.137094 3.25056 0.547776 0.43736 0.930269 1
0.923 1.72512e-23 -3.16591e-12 2.64944e-12 -4.56846e-13 0.438136 0.137313 3.24745 0.547018 0.438136 0.930085 1
0.922 1.69547e-23 -3.13927e-12 2.62568e-12 -4.53345e-13 0.438913 0.137531 3.24435 0.546261 0.438913 0.929901 1
0.921 1.66599e-23 -3.11262e-12 2.6017e-12 -4.5013e-13 0.43969 0.137749 3.24124 0.545504 0.43969 0.929716 1
0.92 1.63574e-23 -3.08475e-12 2.57727e-12 -4.46532e-13 0.440467 0.137967 3.23813 0.544747 0.440467 0.929531 1
0.919 1.60766e-23 -3.059e-12 2.55396e-12 -4.43241e-13 0.441244 0.138184 3.23503 0.54399 0.441244 0.929346 1
0.918 1.58163e-23 -3.03513e-12 2.53197e-12 -4.3979e-13 0.442021 0.138402 3.23192 0.543233 0.442021 0.929161 1
0.917 1.55378e-23 -3.00882e-12 2.50888e-12 -4.36227e-13 0.442798 0.13862 3.22881 0.542476 0.442798 0.928975 1
0.916 1.52743e-23 -2.98406e-12 2.48646e-12 -4.32723e-13 0.443575 0.138837 3.2257 0.54172 0.443575 0.928789 1
0.915 1.50034e-23 -2.95797e-12 2.46358e-12 -4.29672e-13 0.444352 0.139055 3.22259 0.540963 0.444352 0.928603 1
0.914 1.47391e-23 -2.93243e-12 2.44094e-12 -4.26345e-13 0.445129 0.139272 3.21948 0.540207 0.445129 0.928416 1
0.913 1.44857e-23 -2.90779e-12 2.41895e-12 -4.23237e-13 0.445907 0.139489 3.21637 0.53945 0.445907 0.928229 1
0.912 1.4247e-23 -2.88458e-12 2.39786e-12 -4.20019e-13 0.446684 0.139706 3.21326 0.538694 0.446684 0.928042 1
0.911 1.40029e-23 -2.86049e-12 2.37632e-12 -4.16612e-13 0.447461 0.139923 3.21015 0.537938 0.447461 0.927855 1
0.91 1.37611e-23 -2.8364e-12 2.35478e-12 -4.13399e-13 0.448239 0.14014 3.20704 0.537182 0.448239 0.927668 1
0.909 1.35135e-23 -2.81108e-12 2.33302e-12 -4.10247e-13 0.449016 0.140356 3.20393 0.536426 0.449016 0.92748 1
0.908 1.32966e-23 -2.78955e-12 2.31282e-12 -4.07299e-13 0.449794 0.140573 3.20082 0.535671 0.449794 0.927292 1
0.907 1.30615e-23 -2.76534e-12 2.2915e-12 -4.0429e-13 0.450572 0.140789 3.19771 0.534915 0.450572 0.927103 1
0.906 1.28463e-23 -2.74314e-12 2.27174e-12 -4.00912e-13 0.45135 0.141006 3.1946 0.534159 0.45135 0.926915 1
0.905 1.26194e-23 -2.71927e-12 2.25087e-12 -3.98169e-13 0.452127 0.141222 3.19149 0.533404 0.452127 0.926726 1
0.904 1.24212e-23 -2.69895e-12 2.23177e-12 -3.95005e-13 0.452905 0.141438 3.18838 0.532649 0.452905 0.926537 1
0.903 1.22056e-23 -2.67597e-12 2.21156e-12 -3.92078e-13 0.453683 0.141654 3.18527 0.531893 0.453683 0.926347 1
0.902 1.19999e-23 -2.65399e-12 2.19202e-12 -3.88964e-13 0.454461 0.14187 3.18215 0.531138 0.454461 0.926158 1
0.901 1.17885e-23 -2.6309e-12 2.17204e-12 -3.86135e-13 0.45524 0.142085 3.17904 0.530383 0.45524 0.925968 1
0.9 1.1592e-23 -2.60958e-12 2.15294e-12 -3.83298e-13 0.456018 0.142301 3.17593 0.529628 0.456018 0.925777 1
0.899 1.14031e-23 -2.58904e-12 2.13429e-12 -3.8042e-13 0.456796 0.142517 3.17282 0.528874 0.456796 0.925587 1
0.898 1.12081e-23 -2.56739e-12 2.1152e-12 -3.77494e-13 0.457574 0.142732 3.1697 0.528119 0.457574 0.925396 1
0.897 1.10232e-23 -2.54685e-12 2.09677e-12 -3.74635e-13 0.458353 0.142947 3.16659 0.527364 0.458353 0.925205 1
0.896 1.08342e-23 -2.52554e-12 2.07789e-12 -3.7176e-13 0.459131 0.143162 3.16348 0.52661 0.459131 0.925014 1
0.895 1.0655e-23 -2.50533e-12 2.05969e-12 -3.68854e-13 0.45991 0.143377 3.16036 0.525855 0.45991 0.924822 1
0.894 1.04823e-23 -2.48568e-12 2.04192e-12 -3.66385e-13 0.460688 0.143592 3.15725 0.525101 0.460688 0.924631 1
0.893 1.03037e-23 -2.46481e-12 2.02394e-12 -3.63409e-13 0.461467 0.143807 3.15413 0.524347 0.461467 0.924438 1
0.892 1.01348e-23 -2.44538e-12 2.00617e-12 -3.60893e-13 0.462246 0.144022 3.15102 0.523593 0.462246 0.924246 1
0.891 9.97036e-24 -2.42606e-12 1.98908e-12 -3.5801e-13 0.463024 0.144236 3.1479 0.522839 0.463024 0.924053 1
0.89 9.80675e-24 -2.40685e-12 1.97176e-12 -3.54946e-13 0.463803 0.144451 3.14479 0.522085 0.463803 0.92386 1
0.889 9.64624e-24 -2.38776e-12 1.95466e-12 -3.52376e-13 0.464582 0.144665 3.14167 0.521332 0.464582 0.923667 1
0.888 9.48188e-24 -2.36788e-12 1.93712e-12 -3.50115e-13 0.465361 0.144879 3.13856 0.520578 0.465361 0.923474 1
0.887 9.33401e-24 -2.35023e-12 1.92091e-12 -3.47181e-13 0.46614 0.145093 3.13544 0.519824 0.46614 0.92328 1
0.886 9.16889e-24 -2.32969e-12 1.90337e-12 -3.44415e-13 0.466919 0.145307 3.13232 0.519071 0.466919 0.923086 1
0.885 9.02479e-24 -2.31204e-12 1.88738e-12 -3.42147e-13 0.467699 0.145521 3.12921 0.518318 0.467699 0.922892 1
0.884 8.87187e-24 -2.29283e-12 1.87073e-12 -3.39367e-13 0.468478 0.145735 3.12609 0.517565 0.468478 0.922697 1
0.883 8.73968e-24 -2.27673e-12 1.8554e-12 -3.37102e-13 0.469257 0.145949 3.12297 0.516812 0.469257 0.922502 1
0.882 8.59334e-24 -2.25808e-12 1.8392e-12 -3.34316e-13 0.470037 0.146162 3.11985 0.516059 0.470037 0.922307 1
0.881 8.45008e-24 -2.23976e-12 1.82299e-12 -3.32056e-13 0.470816 0.146375 3.11674 0.515306 0.470816 0.922112 1
0.88 8.3095e-24 -2.22167e-12 1.807e-12 -3.29318e-13 0.471596 0.146589 3.11362 0.514553 0.471596 0.921916 1
0.879 8.17918e-24 -2.20501e-12 1.79168e-12 -3.27081e-13 0.472375 0.146802 3.1105 0.5138 0.472375 0.92172 1
0.878 8.04353e-24 -2.18714e-12 1.77613e-12 -3.24495e-13 0.473155 0.147015 3.10738 0.513048 0.473155 0.921524 1
0.877 7.9128e-24 -2.16993e-12 1.76081e-12 -3.22073e-13 0.473935 0.147228 3.10426 0.512296 0.473935 0.921328 1
0.876 7.78676e-24 -2.15306e-12 1.74616e-12 -3.19446e-13 0.474715 0.14744 3.10114 0.511543 0.474715 0.921131 1
0.875 7.66257e-24 -2.13662e-12 1.73106e-12 -3.17555e-13 0.475494 0.147653 3.09802 0.510791 0.475494 0.920934 1
0.874 7.53509e-24 -2.1193e-12 1.71596e-12 -3.14834e-13 0.476274 0.147865 3.0949 0.510039 0.476274 0.920736 1
0.873 7.42199e-24 -2.10421e-12 1.70197e-12 -3.1241e-13 0.477054 0.148078 3.09178 0.509287 0.477054 0.920539 1
0.872 7.29753e-24 -2.08689e-12 1.68709e-12 -3.1008e-13 0.477834 0.14829 3.08866 0.508535 0.477834 0.920341 1
0.871 7.18113e-24 -2.0709e-12 1.67266e-12 -3.07742e-13 0.478615 0.148502 3.08554 0.507783 0.478615 0.920143 1
0.87 7.07047e-24 -2.05569e-12 1.65867e-12 -3.05638e-13 0.479395 0.148714 3.08242 0.507032 0.479395 0.919944 1
0.869 6.94927e-24 -2.03826e-12 1.64402e-12 -3.0328e-13 0.480175 0.148926 3.0793 0.50628 0.480175 0.919746 1
0.868 6.84402e-24 -2.0236e-12 1.63047e-12 -3.01007e-13 0.480956 0.149138 3.07618 0.505529 0.480956 0.919547 1
0.867 6.73474e-24 -2.00795e-12 1.61671e-12 -2.98556e-13 0.481736 0.149349 3.07306 0.504778 0.481736 0.919347 1
0.866 6.62805e-24 -1.99252e-12 1.60316e-12 -2.9631e-13 0.482516 0.149561 3.06993 0.504026 0.482516 0.919148 1
0.865 6.52114e-24 -1.97697e-12 1.5894e-12 -2.94163e-13 0.483297 0.149772 3.06681 0.503275 0.483297 0.918948 1
0.864 6.42079e-24 -1.96254e-12 1.57607e-12 -2.91915e-13 0.484078 0.149983 3.06369 0.502524 0.484078 0.918748 1
0.863 6.31635e-24 -1.947e-12 1.56253e-12 -2.89917e-13 0.484858 0.150195 3.06057 0.501773 0.484858 0.918548 1
0.862 6.21731e-24 -1.93234e-12 1.54943e-12 -2.87464e-13 0.485639 0.150406 3.05744 0.501023 0.485639 0.918347 1
0.861 6.12314e-24 -1.91835e-12 1.53677e-12 -2.85285e-13 0.48642 0.150616 3.05432 0.500272 0.48642 0.918146 1
0.86 6.02411e-24 -1.90337e-12 1.52345e-12 -2.83568e-13 0.487201 0.150827 3.0512 0.499522 0.487201 0.917945 1
0.859 5.92804e-24 -1.88866e-12 1.51057e-12 -2.81418e-13 0.487982 0.151038 3.04807 0.498771 0.487982 0.917743 1
0.858 5.83905e-24 -1.87511e-12 1.49836e-12 -2.79174e-13 0.488763 0.151248 3.04495 0.498021 0.488763 0.917541 1
0.857 5.74751e-24 -1.8609e-12 1.48592e-12 -2.76748e-13 0.489544 0.151459 3.04182 0.497271 0.489544 0.917339 1
0.856 5.65762e-24 -1.84702e-12 1.47327e-12 -2.74974e-13 0.490325 0.151669 3.0387 0.496521 0.490325 0.917137 1
0.855 5.56979e-24 -1.8332e-12 1.46105e-12 -2.72925e-13 0.491107 0.151879 3.03557 0.495771 0.491107 0.916934 1
0.854 5.48622e-24 -1.82004e-12 1.44929e-12 -2.70606e-13 0.491888 0.152089 3.03245 0.495021 0.491888 0.916731 1
0.853 5.39545e-24 -1.8055e-12 1.43641e-12 -2.68992e-13 0.492669 0.152299 3.02932 0.494271 0.492669 0.916528 1
0.852 5.31397e-24 -1.7924e-12 1.42486e-12 -2.66541e-13 0.493451 0.152508 3.0262 0.493521 0.493451 0.916324 1
0.851 5.23006e-24 -1.77869e-12 1.41287e-12 -2.64817e-13 0.494232 0.152718 3.02307 0.492772 0.494232 0.916121 1
0.85 5.14646e-24 -1.76509e-12 1.40066e-12 -2.62829e-13 0.495014 0.152927 3.01994 0.492022 0.495014 0.915917 1
0.849 5.07337e-24 -1.75326e-12 1.38978e-12 -2.60689e-13 0.495796 0.153136 3.01682 0.491273 0.495796 0.915712 1
0.848 4.99174e-24 -1.73966e-12 1.37779e-12 -2.58875e-13 0.496578 0.153346 3.01369 0.490524 0.496578 0.915508 1
0.847 4.91927e-24 -1.72751e-12 1.36713e-12 -2.56798e-13 0.497359 0.153555 3.01056 0.489775 0.497359 0.915303 1
0.846 4.83979e-24 -1.71402e-12 1.35536e-12 -2.5481e-13 0.498141 0.153764 3.00744 0.489026 0.498141 0.915097 1
0.845 4.7626e-24 -1.70081e-12 1.34381e-12 -2.53019e-13 0.498923 0.153972 3.00431 0.488277 0.498923 0.914892 1
0.844 4.69378e-24 -1.6892e-12 1.33316e-12 -2.51135e-13 0.499705 0.154181 3.00118 0.487528 0.499705 0.914686 1
0.843 4.62113e-24 -1.67666e-12 1.32205e-12 -2.49244e-13 0.500487 0.154389 2.99805 0.48678 0.500487 0.91448 1
0.842 4.55259e-24 -1.66483e-12 1.3114e-12 -2.47293e-13 0.50127 0.154598 2.99492 0.486031 0.50127 0.914274 1
0.841 4.47936e-24 -1.65196e-12 1.30007e-12 -2.45396e-13 0.502052 0.154806 2.99179 0.485283 0.502052 0.914067 1
0.84 4.41477e-24 -1.64063e-12 1.28986e-12 -2.43653e-13 0.502834 0.155014 2.98866 0.484535 0.502834 0.91386 1
0.839 4.34444e-24 -1.62814e-12 1.27875e-12 -2.41609e-13 0.503616 0.155222 2.98553 0.483786 0.503616 0.913653 1
0.838 4.28228e-24 -1.6171e-12 1.26876e-12 -2.3984e-13 0.504399 0.15543 2.9824 0.483038 0.504399 0.913445 1
0.837 4.21363e-24 -1.60444e-12 1.2581e-12 -2.3786e-13 0.505181 0.155638 2.97927 0.48229 0.505181 0.913237 1
0.836 4.15566e-24 -1.59422e-12 1.24833e-12 -2.36161e-13 0.505964 0.155845 2.97614 0.481543 0.505964 0.913029 1
0.835 4.09462e-24 -1.58312e-12 1.23834e-12 -2.34196e-13 0.506747 0.156052 2.97301 0.480795 0.506747 0.912821 1
0.834 4.02592e-24 -1.57024e-12 1.22724e-12 -2.32661e-13 0.50753 0.15626 2.96988 0.480047 0.50753 0.912612 1
0.833 3.96757e-24 -1.55947e-12 1.21747e-12 -2.31022e-13 0.508312 0.156467 2.96675 0.4793 0.508312 0.912403 1
0.832 3.91007e-24 -1.54887e-12 1.2077e-12 -2.29172e-13 0.509095 0.156674 2.96362 0.478552 0.509095 0.912194 1
0.831 3.85507e-24 -1.53844e-12 1.1986e-12 -2.27265e-13 0.509878 0.156881 2.96049 0.477805 0.509878 0.911984 1
0.83 3.7923e-24 -1.52622e-12 1.18838e-12 -2.25138e-13 0.510661 0.157087 2.95736 0.477058 0.510661 0.911774 1
0.829 3.73789e-24 -1.51612e-12 1.17861e-12 -2.23925e-13 0.511444 0.157294 2.95422 0.476311 0.511444 0.911564 1
0.828 3.67814e-24 -1.50419e-12 1.16884e-12 -2.222e-13 0.512227 0.157501 2.95109 0.475564 0.512227 0.911353 1
0.827 3.62321e-24 -1.49353e-12 1.15929e-12 -2.20492e-13 0.513011 0.157707 2.94796 0.474817 0.513011 0.911143 1
0.826 3.57429e-24 -1.48415e-12 1.15064e-12 -2.18258e-13 0.513794 0.157913 2.94482 0.47407 0.513794 0.910932 1
0.825 3.52205e-24 -1.47404e-12 1.14109e-12 -2.17176e-13 0.514577 0.158119 2.94169 0.473324 0.514577 0.91072 1
0.824 3.47035e-24 -1.46361e-12 1.13221e-12 -2.1521e-13 0.515361 0.158325 2.93856 0.472577 0.515361 0.910509 1
0.823 3.41722e-24 -1.45295e-12 1.12266e-12 -2.14019e-13 0.516144 0.158531 2.93542 0.471831 0.516144 0.910297 1
0.822 3.36573e-24 -1.44235e-12 1.11378e-12 -2.11816e-13 0.516928 0.158736 2.93229 0.471085 0.516928 0.910084 1
0.821 3.31922e-24 -1.43308e-12 1.10512e-12 -2.1031e-13 0.517712 0.158942 2.92915 0.470339 0.517712 0.909872 1
0.82 3.2702e-24 -1.42314e-12 1.09601e-12 -2.08888e-13 0.518495 0.159147 2.92602 0.469593 0.518495 0.909659 1
0.819 3.22081e-24 -1.41293e-12 1.08691e-12 -2.07551e-13 0.519279 0.159352 2.92288 0.468847 0.519279 0.909446 1
0.818 3.17285e-24 -1.40282e-12 1.07825e-12 -2.05716e-13 0.520063 0.159557 2.91975 0.468101 0.520063 0.909232 1
0.817 3.12561e-24 -1.393e-12 1.06937e-12 -2.04025e-13 0.520847 0.159762 2.91661 0.467355 0.520847 0.909019 1
0.816 3.08142e-24 -1.38362e-12 1.06115e-12 -2.02455e-13 0.521631 0.159967 2.91348 0.46661 0.521631 0.908804 1
0.815 3.0336e-24 -1.37346e-12 1.05205e-12 -2.01029e-13 0.522415 0.160172 2.91034 0.465864 0.522415 0.90859 1
0.814 2.99087e-24 -1.36424e-12 1.04405e-12 -1.99159e-13 0.523199 0.160376 2.9072 0.465119 0.523199 0.908375 1
0.813 2.94587e-24 -1.35447e-12 1.03539e-12 -1.98075e-13 0.523984 0.16058 2.90407 0.464374 0.523984 0.908161 1
0.812 2.90208e-24 -1.34509e-12 1.02673e-12 -1.96552e-13 0.524768 0.160785 2.90093 0.463629 0.524768 0.907945 1
0.811 2.86229e-24 -1.33643e-12 1.01896e-12 -1.94825e-13 0.525552 0.160989 2.89779 0.462884 0.525552 0.90773 1
0.81 2.82212e-24 -1.32749e-12 1.01119e-12 -1.93323e-13 0.526337 0.161192 2.89465 0.462139 0.526337 0.907514 1
0.809 2.77748e-24 -1.31745e-12 1.00253e-12 -1.91681e-13 0.527121 0.161396 2.89151 0.461394 0.527121 0.907298 1
0.808 2.7409e-24 -1.30945e-12 9.94982e-13 -1.9039e-13 0.527906 0.1616 2.88838 0.460649 0.527906 0.907081 1
0.807 2.70177e-24 -1.30063e-12 9.8721e-13 -1.8857e-13 0.528691 0.161803 2.88524 0.459905 0.528691 0.906864 1
0.806 2.66276e-24 -1.29197e-12 9.78995e-13 -1.87493e-13 0.529475 0.162007 2.8821 0.45916 0.529475 0.906647 1
0.805 2.62483e-24 -1.2832e-12 9.71445e-13 -1.85839e-13 0.53026 0.16221 2.87896 0.458416 0.53026 0.90643 1
0.804 2.58651e-24 -1.27415e-12 9.63896e-13 -1.84281e-13 0.531045 0.162413 2.87582 0.457672 0.531045 0.906212 1
0.803 2.55011e-24 -1.26604e-12 9.55902e-13 -1.83023e-13 0.53183 0.162616 2.87268 0.456928 0.53183 0.905994 1
0.802 2.51345e-24 -1.25727e-12 9.48575e-13 -1.81456e-13 0.532615 0.162818 2.86954 0.456184 0.532615 0.905776 1
0.801 2.47791e-24 -1.24889e-12 9.41247e-13 -1.79562e-13 0.5334 0.163021 2.8664 0.45544 0.5334 0.905557 1
0.8 2.43938e-24 -1.23956e-12 9.33253e-13 -1.78608e-13 0.534185 0.163223 2.86326 0.454696 0.534185 0.905338 1
0.799 2.40855e-24 -1.23263e-12 9.26148e-13 -1.77302e-13 0.534971 0.163426 2.86012 0.453953 0.534971 0.905119 1
0.798 2.37115e-24 -1.22341e-12 9.18376e-13 -1.76062e-13 0.535756 0.163628 2.85698 0.453209 0.535756 0.9049 1
0.797 2.34048e-24 -1.21608e-12 9.11715e-13 -1.74343e-13 0.536541 0.16383 2.85383 0.452466 0.536541 0.90468 1
0.796 2.30462e-24 -1.20731e-12 9.03944e-13 -1.72917e-13 0.537327 0.164032 2.85069 0.451723 0.537327 0.90446 1
0.795 2.27257e-24 -1.19948e-12 8.96838e-13 -1.71713e-13 0.538112 0.164233 2.84755 0.45098 0.538112 0.904239 1
0.794 2.23924e-24 -1.19121e-12 8.89511e-13 -1.70366e-13 0.538898 0.164435 2.84441 0.450237 0.538898 0.904019 1
0.793 2.20932e-24 -1.18361e-12 8.83071e-13 -1.69043e-13 0.539684 0.164636 2.84127 0.449494 0.539684 0.903797 1
0.792 2.17735e-24 -1.17545e-12 8.76188e-13 -1.67232e-13 0.540469 0.164837 2.83812 0.448751 0.540469 0.903576 1
0.791 2.14601e-24 -1.16768e-12 8.68861e-13 -1.66202e-13 0.541255 0.165039 2.83498 0.448008 0.541255 0.903354 1
0.79 2.11941e-24 -1.16118e-12 8.62421e-13 -1.65221e-13 0.542041 0.165239 2.83184 0.447266 0.542041 0.903132 1
0.789 2.08953e-24 -1.15347e-12 8.5576e-13 -1.63455e-13 0.542827 0.16544 2.82869 0.446523 0.542827 0.90291 1
0.788 2.05922e-24 -1.14558e-12 8.48877e-13 -1.6206e-13 0.543613 0.165641 2.82555 0.445781 0.543613 0.902687 1
0.787 2.03047e-24 -1.13809e-12 8.42215e-13 -1.60911e-13 0.544399 0.165841 2.8224 0.445039 0.544399 0.902465 1
0.786 2.00424e-24 -1.13132e-12 8.35998e-13 -1.59587e-13 0.545185 0.166042 2.81926 0.444297 0.545185 0.902241 1
0.785 1.97519e-24 -1.12355e-12 8.29337e-13 -1.58223e-13 0.545972 0.166242 2.81611 0.443555 0.545972 0.902018 1
0.784 1.94615e-24 -1.11583e-12 8.22453e-13 -1.56987e-13 0.546758 0.166442 2.81297 0.442813 0.546758 0.901794 1
0.783 1.91901e-24 -1.10856e-12 8.16014e-13 -1.5565e-13 0.547545 0.166642 2.80982 0.442071 0.547545 0.90157 1
0.782 1.89298e-24 -1.10167e-12 8.09575e-13 -1.54541e-13 0.548331 0.166841 2.80668 0.44133 0.548331 0.901345 1
0.781 1.86654e-24 -1.0944e-12 8.03357e-13 -1.53109e-13 0.549118 0.167041 2.80353 0.440588 0.549118 0.90112 1
0.78 1.84337e-24 -1.08819e-12 7.97584e-13 -1.51927e-13 0.549904 0.16724 2.80038 0.439847 0.549904 0.900895 1
0.779 1.81809e-24 -1.08141e-12 7.91145e-13 -1.50747e-13 0.550691 0.16744 2.79724 0.439105 0.550691 0.90067 1
0.778 1.79007e-24 -1.07347e-12 7.84484e-13 -1.49352e-13 0.551478 0.167639 2.79409 0.438364 0.551478 0.900444 1
0.777 1.76834e-24 -1.06753e-12 7.78932e-13 -1.48226e-13 0.552265 0.167838 2.79094 0.437623 0.552265 0.900218 1
0.776 1.74241e-24 -1.06021e-12 7.72493e-13 -1.47045e-13 0.553052 0.168036 2.78779 0.436882 0.553052 0.899992 1
0.775 1.71728e-24 -1.05299e-12 7.66276e-13 -1.46e-13 0.553839 0.168235 2.78465 0.436142 0.553839 0.899765 1
0.774 1.69587e-24 -1.04705e-12 7.60725e-13 -1.44413e-13 0.554626 0.168433 2.7815 0.435401 0.554626 0.899538 1
0.773 1.67481e-24 -1.04117e-12 7.55174e-13 -1.43168e-13 0.555413 0.168632 2.77835 0.43466 0.555413 0.89931 1
0.772 1.65007e-24 -1.0339e-12 7.48956e-13 -1.42123e-13 0.5562 0.16883 2.7752 0.43392 0.5562 0.899083 1
0.771 1.6273e-24 -1.02718e-12 7.43183e-13 -1.40993e-13 0.556987 0.169028 2.77205 0.43318 0.556987 0.898855 1
0.77 1.6059e-24 -1.02107e-12 7.3741e-13 -1.3978e-13 0.557775 0.169226 2.7689 0.43244 0.557775 0.898626 1
0.769 1.58242e-24 -1.01402e-12 7.31415e-13 -1.38606e-13 0.558562 0.169423 2.76575 0.431699 0.558562 0.898398 1
0.768 1.56102e-24 -1.00786e-12 7.2542e-13 -1.37848e-13 0.55935 0.169621 2.7626 0.430959 0.55935 0.898169 1
0.767 1.54011e-24 -1.00153e-12 7.20091e-13 -1.36079e-13 0.560137 0.169818 2.75945 0.43022 0.560137 0.89794 1
0.766 1.51911e-24 -9.95259e-13 7.14317e-13 -1.35362e-13 0.560925 0.170015 2.7563 0.42948 0.560925 0.89771 1
0.765 1.49922e-24 -9.89264e-13 7.08988e-13 -1.33838e-13 0.561713 0.170212 2.75315 0.42874 0.561713 0.89748 1
0.764 1.47701e-24 -9.82436e-13 7.02993e-13 -1.32794e-13 0.562501 0.170409 2.75 0.428001 0.562501 0.89725 1
0.763 1.46074e-24 -9.77607e-13 6.9833e-13 -1.3176e-13 0.563288 0.170606 2.74685 0.427262 0.563288 0.897019 1
0.762 1.4428e-24 -9.72111e-13 6.93445e-13 -1.30141e-13 0.564076 0.170803 2.74369 0.426522 0.564076 0.896788 1
0.761 1.41995e-24 -9.64839e-13 6.87228e-13 -1.29413e-13 0.564864 0.170999 2.74054 0.425783 0.564864 0.896557 1
0.76 1.40263e-24 -9.5951e-13 6.82343e-13 -1.27985e-13 0.565653 0.171195 2.73739 0.425044 0.565653 0.896326 1
0.759 1.38265e-24 -9.53126e-13 6.76792e-13 -1.27097e-13 0.566441 0.171391 2.73424 0.424305 0.566441 0.896094 1
0.758 1.36424e-24 -9.47353e-13 6.71463e-13 -1.26096e-13 0.567229 0.171587 2.73108 0.423567 0.567229 0.895861 1
0.757 1.34822e-24 -9.42357e-13 6.668e-13 -1.24732e-13 0.568017 0.171783 2.72793 0.422828 0.568017 0.895629 1
0.756 1.3307e-24 -9.36806e-13 6.61693e-13 -1.23525e-13 0.568806 0.171978 2.72478 0.422089 0.568806 0.895396 1
0.755 1.31309e-24 -9.31255e-13 6.56364e-13 -1.22648e-13 0.569594 0.172174 2.72162 0.421351 0.569594 0.895163 1
0.754 1.29743e-24 -9.26093e-13 6.51923e-13 -1.21562e-13 0.570383 0.172369 2.71847 0.420613 0.570383 0.894929 1
0.753 1.2778e-24 -9.19653e-13 6.4615e-13 -1.20526e-13 0.571172 0.172564 2.71531 0.419875 0.571172 0.894696 1
0.752 1.26038e-24 -9.13714e-13 6.41265e-13 -1.19508e-13 0.57196 0.172759 2.71216 0.419137 0.57196 0.894461 1
0.751 1.24453e-24 -9.08607e-13 6.3638e-13 -1.1826e-13 0.572749 0.172954 2.709 0.418399 0.572749 0.894227 1
0.75 1.22989e-24 -9.03777e-13 6.31939e-13 -1.17173e-13 0.573538 0.173148 2.70585 0.417661 0.573538 0.893992 1
0.749 1.21064e-24 -8.97116e-13 6.26388e-13 -1.16038e-13 0.574327 0.173343 2.70269 0.416923 0.574327 0.893757 1
0.748 1.19672e-24 -8.92564e-13 6.21947e-13 -1.15046e-13 0.575116 0.173537 2.69954 0.416186 0.575116 0.893521 1
0.747 1.18159e-24 -8.87568e-13 6.17062e-13 -1.14226e-13 0.575905 0.173731 2.69638 0.415448 0.575905 0.893286 1
0.746 1.16528e-24 -8.8185e-13 6.12177e-13 -1.13407e-13 0.576694 0.173925 2.69322 0.414711 0.576694 0.893049 1
0.745 1.15226e-24 -8.77576e-13 6.07958e-13 -1.11818e-13 0.577484 0.174119 2.69007 0.413974 0.577484 0.892813 1
0.744 1.13607e-24 -8.71803e-13 6.03073e-13 -1.11035e-13 0.578273 0.174312 2.68691 0.413237 0.578273 0.892576 1
0.743 1.12073e-24 -8.66474e-13 5.98188e-13 -1.10126e-13 0.579062 0.174506 2.68375 0.4125 0.579062 0.892339 1
0.742 1.10627e-24 -8.61311e-13 5.93747e-13 -1.08994e-13 0.579852 0.174699 2.68059 0.411763 0.579852 0.892102 1
0.741 1.09206e-24 -8.5626e-13 5.89306e-13 -1.07699e-13 0.580641 0.174892 2.67743 0.411026 0.580641 0.891864 1
0.74 1.07964e-24 -8.51985e-13 5.85088e-13 -1.06924e-13 0.581431 0.175085 2.67428 0.41029 0.581431 0.891626 1
0.739 1.06473e-24 -8.46545e-13 5.80425e-13 -1.05844e-13 0.582221 0.175278 2.67112 0.409553 0.582221 0.891387 1
0.738 1.05091e-24 -8.4166e-13 5.75762e-13 -1.04949e-13 0.58301 0.17547 2.66796 0.408817 0.58301 0.891148 1
0.737 1.03693e-24 -8.36498e-13 5.71321e-13 -1.03911e-13 0.5838 0.175662 2.6648 0.408081 0.5838 0.890909 1
0.736 1.02583e-24 -8.32556e-13 5.67546e-13 -1.02796e-13 0.58459 0.175855 2.66164 0.407344 0.58459 0.89067 1
0.735 1.0112e-24 -8.27172e-13 5.62661e-13 -1.02001e-13 0.58538 0.176047 2.65848 0.406608 0.58538 0.89043 1
0.734 9.98059e-25 -8.22176e-13 5.58442e-13 -1.01134e-13 0.58617 0.176239 2.65532 0.405873 0.58617 0.89019 1
0.733 9.85672e-25 -8.17624e-13 5.54223e-13 -1.00001e-13 0.586961 0.17643 2.65216 0.405137 0.586961 0.889949 1
0.732 9.73468e-25 -8.13127e-13 5.50004e-13 -9.8931e-14 0.587751 0.176622 2.649 0.404401 0.587751 0.889708 1
0.731 9.60556e-25 -8.08242e-13 5.45564e-13 -9.82885e-14 0.588541 0.176813 2.64584 0.403666 0.588541 0.889467 1
0.73 9.47811e-25 -8.03302e-13 5.41345e-13 -9.72794e-14 0.589332 0.177004 2.64267 0.40293 0.589332 0.889225 1
0.729 9.3549e-25 -7.98583e-13 5.37126e-13 -9.61763e-14 0.590122 0.177195 2.63951 0.402195 0.590122 0.888984 1
0.728 9.24323e-25 -7.94365e-13 5.33129e-13 -9.52959e-14 0.590913 0.177386 2.63635 0.40146 0.590913 0.888741 1
0.727 9.12303e-25 -7.89702e-13 5.2891e-13 -9.44895e-14 0.591703 0.177577 2.63319 0.400725 0.591703 0.888499 1
0.726 9.00781e-25 -7.85205e-13 5.24913e-13 -9.32697e-14 0.592494 0.177767 2.63002 0.39999 0.592494 0.888256 1
0.725 8.89808e-25 -7.81097e-13 5.20695e-13 -9.25834e-14 0.593285 0.177957 2.62686 0.399256 0.593285 0.888013 1
0.724 8.79325e-25 -7.76879e-13 5.17142e-13 -9.13719e-14 0.594076 0.178147 2.6237 0.398521 0.594076 0.887769 1
0.723 8.66604e-25 -7.71716e-13 5.12701e-13 -9.05348e-14 0.594866 0.178337 2.62053 0.397786 0.594866 0.887525 1
0.722 8.57927e-25 -7.68385e-13 5.0937e-13 -8.97384e-14 0.595658 0.178527 2.61737 0.397052 0.595658 0.887281 1
0.721 8.46623e-25 -7.63778e-13 5.05374e-13 -8.86779e-14 0.596449 0.178717 2.61421 0.396318 0.596449 0.887036 1
0.72 8.35568e-25 -7.59393e-13 5.01155e-13 -8.79496e-14 0.59724 0.178906 2.61104 0.395584 0.59724 0.886791 1
0.719 8.25364e-25 -7.55118e-13 4.97602e-13 -8.69041e-14 0.598031 0.179095 2.60788 0.39485 0.598031 0.886546 1
0.718 8.16344e-25 -7.51454e-13 4.94271e-13 -8.57656e-14 0.598822 0.179284 2.60471 0.394116 0.598822 0.8863 1
0.717 8.05035e-25 -7.46903e-13 4.8983e-13 -8.5075e-14 0.599614 0.179473 2.60154 0.393382 0.599614 0.886054 1
0.716 7.96081e-25 -7.43183e-13 4.865e-13 -8.41267e-14 0.600405 0.179662 2.59838 0.392648 0.600405 0.885808 1
0.715 7.84803e-25 -7.38298e-13 4.82503e-13 -8.31236e-14 0.601197 0.17985 2.59521 0.391915 0.601197 0.885561 1
0.714 7.75903e-25 -7.34801e-13 4.78728e-13 -8.24024e-14 0.601988 0.180039 2.59205 0.391182 0.601988 0.885314 1
0.713 7.66158e-25 -7.30582e-13 4.75175e-13 -8.13377e-14 0.60278 0.180227 2.58888 0.390448 0.60278 0.885067 1
0.712 7.56892e-25 -7.26752e-13 4.71401e-13 -8.0656e-14 0.603572 0.180415 2.58571 0.389715 0.603572 0.884819 1
0.711 7.48719e-25 -7.23255e-13 4.68292e-13 -7.95246e-14 0.604364 0.180603 2.58254 0.388982 0.604364 0.884571 1
0.71 7.39137e-25 -7.19147e-13 4.64517e-13 -7.86668e-14 0.605156 0.18079 2.57938 0.388249 0.605156 0.884322 1
0.709 7.2865e-25 -7.14484e-13 4.60521e-13 -7.79943e-14 0.605948 0.180978 2.57621 0.387516 0.605948 0.884073 1
0.708 7.20967e-25 -7.1132e-13 4.5719e-13 -7.72584e-14 0.60674 0.181165 2.57304 0.386784 0.60674 0.883824 1
0.707 7.11154e-25 -7.06935e-13 4.53415e-13 -7.62396e-14 0.607532 0.181352 2.56987 0.386051 0.607532 0.883575 1
0.706 7.0412e-25 -7.03881e-13 4.50529e-13 -7.54632e-14 0.608324 0.181539 2.5667 0.385319 0.608324 0.883325 1
0.705 6.95172e-25 -6.99885e-13 4.46976e-13 -7.44703e-14 0.609117 0.181725 2.56353 0.384587 0.609117 0.883075 1
0.704 6.86465e-25 -6.95999e-13 4.43423e-13 -7.36657e-14 0.609909 0.181912 2.56036 0.383855 0.609909 0.882824 1
0.703 6.78229e-25 -6.92391e-13 4.3987e-13 -7.30634e-14 0.610702 0.182098 2.55719 0.383123 0.610702 0.882573 1
0.702 6.70546e-25 -6.88893e-13 4.36762e-13 -7.21904e-14 0.611494 0.182284 2.55402 0.382391 0.611494 0.882322 1
0.701 6.63264e-25 -6.85674e-13 4.33653e-13 -7.11362e-14 0.612287 0.18247 2.55085 0.381659 0.612287 0.88207 1
0.7 6.53803e-25 -6.81233e-13 4.29878e-13 -7.02089e-14 0.61308 0.182656 2.54768 0.380927 0.61308 0.881818 1
0.699 6.47631e-25 -6.78568e-13 4.26992e-13 -6.96731e-14 0.613872 0.182841 2.54451 0.380196 0.613872 0.881566 1
0.698 6.39955e-25 -6.7496e-13 4.23883e-13 -6.86052e-14 0.614665 0.183027 2.54134 0.379464 0.614665 0.881313 1
0.697 6.31874e-25 -6.71241e-13 4.2033e-13 -6.80578e-14 0.615458 0.183212 2.53817 0.378733 0.615458 0.88106 1
0.696 6.24547e-25 -6.67799e-13 4.17222e-13 -6.72084e-14 0.616251 0.183397 2.53499 0.378002 0.616251 0.880806 1
0.695 6.17401e-25 -6.64468e-13 4.14113e-13 -6.62755e-14 0.617044 0.183582 2.53182 0.377271 0.617044 0.880553 1
0.694 6.09372e-25 -6.60694e-13 4.1056e-13 -6.55455e-14 0.617838 0.183766 2.52865 0.37654 0.617838 0.880298 1
0.693 6.01955e-25 -6.57085e-13 4.07452e-13 -6.46236e-14 0.618631 0.183951 2.52548 0.37581 0.618631 0.880044 1
0.692 5.93698e-25 -6.53144e-13 4.03677e-13 -6.4385e-14 0.619424 0.184135 2.5223 0.375079 0.619424 0.879789 1
0.691 5.88847e-25 -6.50924e-13 4.01457e-13 -6.30706e-14 0.620218 0.184319 2.51913 0.374348 0.620218 0.879534 1
0.69 5.80731e-25 -6.46927e-13 3.97904e-13 -6.23654e-14 0.621011 0.184503 2.51595 0.373618 0.621011 0.879278 1
0.689 5.75677e-25 -6.44595e-13 3.95461e-13 -6.15171e-14 0.621805 0.184687 2.51278 0.372888 0.621805 0.879022 1
0.688 5.68398e-25 -6.40932e-13 3.92353e-13 -6.05326e-14 0.622599 0.18487 2.50961 0.372158 0.622599 0.878766 1
0.687 5.60885e-25 -6.37157e-13 3.89022e-13 -5.98109e-14 0.623392 0.185053 2.50643 0.371428 0.623392 0.878509 1
0.686 5.54247e-25 -6.33882e-13 3.85914e-13 -5.92562e-14 0.624186 0.185236 2.50326 0.370698 0.624186 0.878252 1
0.685 5.4906e-25 -6.31495e-13 3.83249e-13 -5.82624e-14 0.62498 0.185419 2.50008 0.369968 0.62498 0.877995 1
0.684 5.41039e-25 -6.27332e-13 3.79696e-13 -5.76585e-14 0.625774 0.185602 2.4969 0.369239 0.625774 0.877737 1
0.683 5.36337e-25 -6.25e-13 3.77476e-13 -5.6783e-14 0.626568 0.185784 2.49373 0.368509 0.626568 0.877479 1
0.682 5.29398e-25 -6.21503e-13 3.74145e-13 -5.61043e-14 0.627362 0.185967 2.49055 0.36778 0.627362 0.87722 1
0.681 5.23876e-25 -6.18616e-13 3.71703e-13 -5.50208e-14 0.628157 0.186149 2.48737 0.367051 0.628157 0.876961 1
0.68 5.17322e-25 -6.1523e-13 3.68594e-13 -5.43398e-14 0.628951 0.186331 2.4842 0.366322 0.628951 0.876702 1
0.679 5.11254e-25 -6.12066e-13 3.65707e-13 -5.37314e-14 0.629745 0.186512 2.48102 0.365593 0.629745 0.876442 1
0.678 5.0624e-25 -6.09512e-13 3.63265e-13 -5.26569e-14 0.63054 0.186694 2.47784 0.364864 0.63054 0.876182 1
0.677 5.00285e-25 -6.06404e-13 3.60378e-13 -5.18372e-14 0.631334 0.186875 2.47466 0.364135 0.631334 0.875922 1
0.676 4.94112e-25 -6.03184e-13 3.5727e-13 -5.13755e-14 0.632129 0.187056 2.47148 0.363406 0.632129 0.875661 1
0.675 4.87956e-25 -5.99965e-13 3.54161e-13 -5.06778e-14 0.632924 0.187237 2.4683 0.362678 0.632924 0.8754 1
0.674 4.8361e-25 -5.97855e-13 3.51719e-13 -4.97283e-14 0.633719 0.187418 2.46513 0.36195 0.633719 0.875138 1
0.673 4.77907e-25 -5.94691e-13 3.49054e-13 -4.9101e-14 0.634513 0.187598 2.46195 0.361222 0.634513 0.874876 1
0.672 4.71353e-25 -5.91027e-13 3.45945e-13 -4.85963e-14 0.635308 0.187779 2.45877 0.360494 0.635308 0.874614 1
0.671 4.66705e-25 -5.88585e-13 3.43503e-13 -4.77406e-14 0.636104 0.187959 2.45559 0.359766 0.636104 0.874351 1
0.67 4.61475e-25 -5.85754e-13 3.40838e-13 -4.68708e-14 0.636899 0.188139 2.45241 0.359038 0.636899 0.874088 1
0.669 4.55219e-25 -5.82256e-13 3.3773e-13 -4.62102e-14 0.637694 0.188319 2.44922 0.35831 0.637694 0.873825 1
0.668 4.50805e-25 -5.79814e-13 3.35509e-13 -4.53211e-14 0.638489 0.188498 2.44604 0.357583 0.638489 0.873561 1
0.667 4.46199e-25 -5.77316e-13 3.33067e-13 -4.44075e-14 0.639285 0.188677 2.44286 0.356855 0.639285 0.873297 1
0.666 4.40864e-25 -5.74374e-13 3.3018e-13 -4.40366e-14 0.64008 0.188856 2.43968 0.356128 0.64008 0.873032 1
0.665 4.3718e-25 -5.72375e-13 3.28182e-13 -4.31654e-14 0.640876 0.189035 2.4365 0.355401 0.640876 0.872767 1
0.664 4.32283e-25 -5.69655e-13 3.25517e-13 -4.2594e-14 0.641671 0.189214 2.43332 0.354674 0.641671 0.872502 1
0.663 4.26771e-25 -5.66491e-13 3.22631e-13 -4.20473e-14 0.642467 0.189393 2.43013 0.353947 0.642467 0.872236 1
0.662 4.21724e-25 -5.63605e-13 3.19966e-13 -4.11733e-14 0.643263 0.189571 2.42695 0.35322 0.643263 0.87197 1
0.661 4.18066e-25 -5.6144e-13 3.1819e-13 -4.0081e-14 0.644059 0.189749 2.42377 0.352494 0.644059 0.871704 1
0.66 4.13278e-25 -5.58831e-13 3.15303e-13 -3.96252e-14 0.644854 0.189927 2.42058 0.351767 0.644854 0.871437 1
0.659 4.08409e-25 -5.56e-13 3.12639e-13 -3.91226e-14 0.64565 0.190104 2.4174 0.351041 0.64565 0.87117 1
0.658 4.03561e-25 -5.53169e-13 3.09974e-13 -3.8485e-14 0.646447 0.190282 2.41421 0.350315 0.646447 0.870902 1
0.657 3.99504e-25 -5.50782e-13 3.07754e-13 -3.78302e-14 0.647243 0.190459 2.41103 0.349588 0.647243 0.870634 1
0.656 3.95313e-25 -5.48284e-13 3.05533e-13 -3.67107e-14 0.648039 0.190636 2.40784 0.348863 0.648039 0.870366 1
0.655 3.90915e-25 -5.45786e-13 3.02869e-13 -3.61008e-14 0.648835 0.190813 2.40466 0.348137 0.648835 0.870097 1
0.654 3.8669e-25 -5.43177e-13 3.00648e-13 -3.54906e-14 0.649632 0.19099 2.40147 0.347411 0.649632 0.869828 1
0.653 3.82711e-25 -5.40901e-13 2.98206e-13 -3.47984e-14 0.650428 0.191166 2.39829 0.346685 0.650428 0.869558 1
0.652 3.78586e-25 -5.38458e-13 2.95763e-13 -3.42444e-14 0.651225 0.191342 2.3951 0.34596 0.651225 0.869289 1
0.651 3.74288e-25 -5.35849e-13 2.93321e-13 -3.34101e-14 0.652022 0.191518 2.39191 0.345235 0.652022 0.869018 1
0.65 3.70508e-25 -5.33573e-13 2.911e-13 -3.2679e-14 0.652818 0.191694 2.38873 0.34451 0.652818 0.868748 1
0.649 3.66995e-25 -5.31408e-13 2.89102e-13 -3.19343e-14 0.653615 0.19187 2.38554 0.343784 0.653615 0.868476 1
0.648 3.62255e-25 -5.28411e-13 2.86438e-13 -3.14827e-14 0.654412 0.192045 2.38235 0.34306 0.654412 0.868205 1
0.647 3.59365e-25 -5.26801e-13 2.84439e-13 -3.06685e-14 0.655209 0.19222 2.37916 0.342335 0.655209 0.867933 1
0.646 3.55857e-25 -5.2458e-13 2.82441e-13 -3.0001e-14 0.656006 0.192395 2.37597 0.34161 0.656006 0.867661 1
0.645 3.51471e-25 -5.21749e-13 2.79998e-13 -2.91497e-14 0.656804 0.19257 2.37279 0.340886 0.656804 0.867388 1
0.644 3.47887e-25 -5.1964e-13 2.77556e-13 -2.87052e-14 0.657601 0.192745 2.3696 0.340161 0.657601 0.867115 1
0.643 3.4403e-25 -5.17142e-13 2.75335e-13 -2.80198e-14 0.658398 0.192919 2.36641 0.339437 0.658398 0.866842 1
0.642 3.40306e-25 -5.14755e-13 2.73115e-13 -2.72316e-14 0.659196 0.193093 2.36322 0.338713 0.659196 0.866568 1
0.641 3.38289e-25 -5.13645e-13 2.71561e-13 -2.66956e-14 0.659993 0.193267 2.36003 0.337989 0.659993 0.866294 1
0.64 3.32993e-25 -5.10036e-13 2.68674e-13 -2.58949e-14 0.660791 0.193441 2.35684 0.337265 0.660791 0.866019 1
0.639 3.30655e-25 -5.08704e-13 2.66898e-13 -2.53125e-14 0.661588 0.193614 2.35365 0.336541 0.661588 0.865744 1
0.638 3.26053e-25 -5.05596e-13 2.64233e-13 -2.4642e-14 0.662386 0.193787 2.35046 0.335818 0.662386 0.865468 1
0.637 3.2307e-25 -5.03708e-13 2.62235e-13 -2.40954e-14 0.663184 0.19396 2.34726 0.335094 0.663184 0.865193 1
0.636 3.19983e-25 -5.0171e-13 2.60236e-13 -2.33875e-14 0.663982 0.194133 2.34407 0.334371 0.663982 0.864916 1
0.635 3.16801e-25 -4.996e-13 2.58238e-13 -2.26722e-14 0.66478 0.194306 2.34088 0.333648 0.66478 0.86464 1
0.634 3.13634e-25 -4.97491e-13 2.56239e-13 -2.18721e-14 0.665578 0.194478 2.33769 0.332925 0.665578 0.864363 1
0.633 3.1e-25 -4.94993e-13 2.54019e-13 -2.13637e-14 0.666376 0.19465 2.33449 0.332202 0.666376 0.864085 1
0.632 3.07483e-25 -4.93383e-13 2.52243e-13 -2.07371e-14 0.667175 0.194822 2.3313 0.331479 0.667175 0.863807 1
0.631 3.04323e-25 -4.91329e-13 2.50022e-13 -2.01796e-14 0.667973 0.194994 2.32811 0.330757 0.667973 0.863529 1
0.63 3.01125e-25 -4.8922e-13 2.47802e-13 -1.95862e-14 0.668771 0.195165 2.32491 0.330034 0.668771 0.863251 1
0.629 2.97889e-25 -4.86944e-13 2.45803e-13 -1.88572e-14 0.66957 0.195336 2.32172 0.329312 0.66957 0.862971 1
0.628 2.94571e-25 -4.84668e-13 2.43583e-13 -1.83029e-14 0.670368 0.195508 2.31853 0.32859 0.670368 0.862692 1
0.627 2.92182e-25 -4.83114e-13 2.41807e-13 -1.76855e-14 0.671167 0.195678 2.31533 0.327867 0.671167 0.862412 1
0.626 2.8932e-25 -4.81171e-13 2.39808e-13 -1.69431e-14 0.671966 0.195849 2.31214 0.327146 0.671966 0.862132 1
0.625 2.87163e-25 -4.79616e-13 2.38476e-13 -1.615e-14 0.672765 0.196019 2.30894 0.326424 0.672765 0.861851 1
0.624 2.83817e-25 -4.7734e-13 2.36033e-13 -1.58574e-14 0.673564 0.196189 2.30574 0.325702 0.673564 0.86157 1
0.623 2.81062e-25 -4.75453e-13 2.34035e-13 -1.52882e-14 0.674363 0.196359 2.30255 0.32498 0.674363 0.861289 1
0.622 2.78156e-25 -4.73288e-13 2.32259e-13 -1.44889e-14 0.675162 0.196529 2.29935 0.324259 0.675162 0.861007 1
0.621 2.75376e-25 -4.71345e-13 2.3026e-13 -1.37988e-14 0.675961 0.196699 2.29616 0.323538 0.675961 0.860724 1
0.62 2.72408e-25 -4.6918e-13 2.28262e-13 -1.31931e-14 0.67676 0.196868 2.29296 0.322817 0.67676 0.860442 1
0.619 2.69605e-25 -4.67182e-13 2.26263e-13 -1.22676e-14 0.67756 0.197037 2.28976 0.322096 0.67756 0.860158 1
0.618 2.6709e-25 -4.6535e-13 2.24487e-13 -1.20249e-14 0.678359 0.197206 2.28656 0.321375 0.678359 0.859875 1
0.617 2.64632e-25 -4.63685e-13 2.22489e-13 -1.13049e-14 0.679159 0.197374 2.28336 0.320654 0.679159 0.859591 1
0.616 2.6183e-25 -4.6152e-13 2.20712e-13 -1.07407e-14 0.679958 0.197542 2.28017 0.319933 0.679958 0.859306 1
0.615 2.5955e-25 -4.5991e-13 2.18936e-13 -1.00139e-14 0.680758 0.197711 2.27697 0.319213 0.680758 0.859022 1
0.614 2.56981e-25 -4.57967e-13 2.1716e-13 -9.42007e-15 0.681558 0.197878 2.27377 0.318493 0.681558 0.858736 1
0.613 2.54583e-25 -4.56302e-13 2.15161e-13 -8.81787e-15 0.682358 0.198046 2.27057 0.317773 0.682358 0.858451 1
0.612 2.52186e-25 -4.54414e-13 2.13607e-13 -8.08613e-15 0.683158 0.198214 2.26737 0.317053 0.683158 0.858165 1
0.611 2.49374e-25 -4.5236e-13 2.11386e-13 -7.75712e-15 0.683958 0.198381 2.26417 0.316333 0.683958 0.857878 1
0.61 2.47556e-25 -4.51084e-13 2.09832e-13 -7.07869e-15 0.684758 0.198548 2.26097 0.315613 0.684758 0.857591 1
0.609 2.45646e-25 -4.49696e-13 2.08278e-13 -6.34864e-15 0.685558 0.198714 2.25777 0.314893 0.685558 0.857304 1
0.608 2.43017e-25 -4.47697e-13 2.06279e-13 -5.74787e-15 0.686359 0.198881 2.25457 0.314174 0.686359 0.857016 1
0.607 2.40785e-25 -4.45921e-13 2.04725e-13 -5.15995e-15 0.687159 0.199047 2.25136 0.313454 0.687159 0.856728 1
0.606 2.38275e-25 -4.43923e-13 2.02949e-13 -4.43562e-15 0.687959 0.199213 2.24816 0.312735 0.687959 0.856439 1
0.605 2.36462e-25 -4.4259e-13 2.01394e-13 -4.00592e-15 0.68876 0.199379 2.24496 0.312016 0.68876 0.85615 1
0.604 2.34087e-25 -4.40814e-13 1.99396e-13 -3.28488e-15 0.689561 0.199544 2.24176 0.311297 0.689561 0.855861 1
0.603 2.3201e-25 -4.3926e-13 1.9762e-13 -2.79839e-15 0.690361 0.19971 2.23855 0.310578 0.690361 0.855571 1
0.602 2.30217e-25 -4.37816e-13 1.96287e-13 -2.23266e-15 0.691162 0.199875 2.23535 0.30986 0.691162 0.855281 1
0.601 2.27881e-25 -4.3604e-13 1.94289e-13 -1.43654e-15 0.691963 0.20004 2.23215 0.309141 0.691963 0.85499 1
0.6 2.25599e-25 -4.34208e-13 1.92513e-13 -1.11122e-15 0.692764 0.200204 2.22894 0.308423 0.692764 0.854699 1
0.599 2.22969e-25 -4.32154e-13 1.90292e-13 -7.96652e-16 0.693565 0.200369 2.22574 0.307705 0.693565 0.854407 1
0.598 2.21409e-25 -4.30933e-13 1.8896e-13 1.02933e-16 0.694367 0.200533 2.22253 0.306986 0.694367 0.854115 1
0.597 2.19392e-25 -4.29268e-13 1.87406e-13 4.1042e-16 0.695168 0.200697 2.21933 0.306269 0.695168 0.853823 1
0.596 2.1798e-25 -4.28102e-13 1.86295e-13 1.49411e-15 0.695969 0.20086 2.21612 0.305551 0.695969 0.85353 1
0.595 2.16124e-25 -4.26603e-13 1.84741e-13 2.11669e-15 0.696771 0.201024 2.21292 0.304833 0.696771 0.853237 1
0.594 2.14338e-25 -4.25271e-13 1.82965e-13 2.55688e-15 0.697572 0.201187 2.20971 0.304115 0.697572 0.852943 1
0.593 2.1263e-25 -4.23828e-13 1.81632e-13 3.14178e-15 0.698374 0.20135 2.2065 0.303398 0.698374 0.852649 1
0.592 2.09943e-25 -4.21496e-13 1.79634e-13 3.90505e-15 0.699176 0.201513 2.2033 0.302681 0.699176 0.852354 1
0.591 2.08143e-25 -4.20108e-13 1.77858e-13 4.32491e-15 0.699977 0.201675 2.20009 0.301964 0.699977 0.852059 1
0.59 2.0603e-25 -4.18332e-13 1.76081e-13 4.82942e-15 0.700779 0.201837 2.19688 0.301247 0.700779 0.851764 1
0.589 2.04857e-25 -4.17388e-13 1.74971e-13 5.38515e-15 0.701581 0.201999 2.19368 0.30053 0.701581 0.851468 1
0.588 2.03303e-25 -4.16167e-13 1.73417e-13 5.89154e-15 0.702383 0.202161 2.19047 0.299813 0.702383 0.851171 1
0.587 2.01267e-25 -4.14446e-13 1.7164e-13 6.36718e-15 0.703185 0.202322 2.18726 0.299097 0.703185 0.850875 1
0.586 2.00022e-25 -4.13392e-13 1.7053e-13 6.9726e-15 0.703988 0.202484 2.18405 0.29838 0.703988 0.850577 1
0.585 1.981e-25 -4.11782e-13 1.68754e-13 7.6162e-15 0.70479 0.202645 2.18084 0.297664 0.70479 0.85028 1
0.584 1.95951e-25 -4.09783e-13 1.672e-13 8.51805e-15 0.705592 0.202805 2.17763 0.296948 0.705592 0.849981 1
0.583 1.94837e-25 -4.08951e-13 1.65867e-13 9.17782e-15 0.706395 0.202966 2.17442 0.296232 0.706395 0.849683 1
0.582 1.92899e-25 -4.07285e-13 1.64091e-13 9.57009e-15 0.707197 0.203126 2.17121 0.295516 0.707197 0.849384 1
0.581 1.91019e-25 -4.05675e-13 1.62315e-13 1.00112e-14 0.708 0.203286 2.168 0.2948 0.708 0.849084 1
0.58 1.89729e-25 -4.0451e-13 1.61204e-13 1.06842e-14 0.708803 0.203446 2.16479 0.294085 0.708803 0.848785 1
0.579 1.88103e-25 -4.03011e-13 1.59872e-13 1.12383e-14 0.709606 0.203605 2.16158 0.293369 0.709606 0.848484 1
0.578 1.86591e-25 -4.01734e-13 1.58318e-13 1.16504e-14 0.710409 0.203764 2.15836 0.292654 0.710409 0.848183 1
0.577 1.84537e-25 -3.99847e-13 1.56541e-13 1.24159e-14 0.711212 0.203923 2.15515 0.291939 0.711212 0.847882 1
0.576 1.83714e-25 -3.99236e-13 1.55431e-13 1.28687e-14 0.712015 0.204082 2.15194 0.291224 0.712015 0.84758 1
0.575 1.82141e-25 -3.97848e-13 1.53877e-13 1.34142e-14 0.712818 0.204241 2.14873 0.290509 0.712818 0.847278 1
0.574 1.80659e-25 -3.96572e-13 1.52323e-13 1.37e-14 0.713621 0.204399 2.14551 0.289794 0.713621 0.846976 1
0.573 1.79051e-25 -3.95017e-13 1.5099e-13 1.46198e-14 0.714425 0.204557 2.1423 0.28908 0.714425 0.846673 1
0.572 1.77738e-25 -3.93852e-13 1.49658e-13 1.48823e-14 0.715228 0.204714 2.13909 0.288365 0.715228 0.846369 1
0.571 1.76234e-25 -3.92408e-13 1.48326e-13 1.57927e-14 0.716032 0.204872 2.13587 0.287651 0.716032 0.846065 1
0.57 1.75312e-25 -3.91631e-13 1.47216e-13 1.62813e-14 0.716836 0.205029 2.13266 0.286937 0.716836 0.845761 1
0.569 1.73744e-25 -3.90188e-13 1.45661e-13 1.67353e-14 0.717639 0.205186 2.12944 0.286223 0.717639 0.845456 1
0.568 1.7156e-25 -3.88189e-13 1.43441e-13 1.71502e-14 0.718443 0.205343 2.12623 0.285509 0.718443 0.845151 1
0.567 1.7073e-25 -3.87412e-13 1.42553e-13 1.79006e-14 0.719247 0.205499 2.12301 0.284796 0.719247 0.844845 1
0.566 1.69833e-25 -3.86635e-13 1.41442e-13 1.84489e-14 0.720051 0.205655 2.1198 0.284082 0.720051 0.844539 1
0.565 1.68384e-25 -3.85303e-13 1.39888e-13 1.88849e-14 0.720855 0.205811 2.11658 0.283369 0.720855 0.844232 1
0.564 1.67033e-25 -3.83915e-13 1.38778e-13 1.95631e-14 0.72166 0.205967 2.11336 0.282655 0.72166 0.843925 1
0.563 1.65577e-25 -3.82638e-13 1.37002e-13 1.98861e-14 0.722464 0.206122 2.11014 0.281942 0.722464 0.843617 1
0.562 1.64325e-25 -3.81362e-13 1.35891e-13 2.0544e-14 0.723268 0.206277 2.10693 0.281229 0.723268 0.843309 1
0.561 1.63498e-25 -3.8064e-13 1.34781e-13 2.11034e-14 0.724073 0.206432 2.10371 0.280516 0.724073 0.843 1
0.56 1.62298e-25 -3.79585e-13 1.33227e-13 2.15319e-14 0.724877 0.206587 2.10049 0.279804 0.724877 0.842691 1
0.559 1.60858e-25 -3.78197e-13 1.31672e-13 2.20596e-14 0.725682 0.206741 2.09727 0.279091 0.725682 0.842382 1
0.558 1.59988e-25 -3.77309e-13 1.30784e-13 2.28298e-14 0.726487 0.206895 2.09405 0.278379 0.726487 0.842072 1
0.557 1.5858e-25 -3.75866e-13 1.29452e-13 2.33882e-14 0.727292 0.207049 2.09083 0.277667 0.727292 0.841761 1
0.556 1.57513e-25 -3.74867e-13 1.2812e-13 2.39371e-14 0.728097 0.207203 2.08761 0.276955 0.728097 0.841451 1
0.555 1.56521e-25 -3.73868e-13 1.2701e-13 2.47508e-14 0.728902 0.207356 2.08439 0.276243 0.728902 0.841139 1
0.554 1.55227e-25 -3.72646e-13 1.25455e-13 2.49497e-14 0.729707 0.207509 2.08117 0.275531 0.729707 0.840827 1
0.553 1.53836e-25 -3.71203e-13 1.24123e-13 2.52621e-14 0.730512 0.207662 2.07795 0.274819 0.730512 0.840515 1
0.552 1.52714e-25 -3.70093e-13 1.22791e-13 2.58458e-14 0.731317 0.207814 2.07473 0.274108 0.731317 0.840202 1
0.551 1.52126e-25 -3.69538e-13 1.21902e-13 2.65973e-14 0.732123 0.207967 2.07151 0.273396 0.732123 0.839889 1
0.55 1.50705e-25 -3.68094e-13 1.20348e-13 2.69741e-14 0.732928 0.208119 2.06829 0.272685 0.732928 0.839575 1
0.549 1.50199e-25 -3.6765e-13 1.1946e-13 2.75956e-14 0.733734 0.20827 2.06506 0.271974 0.733734 0.839261 1
0.548 1.48849e-25 -3.66263e-13 1.17906e-13 2.82642e-14 0.734539 0.208422 2.06184 0.271263 0.734539 0.838947 1
0.547 1.47809e-25 -3.65152e-13 1.16795e-13 2.88403e-14 0.735345 0.208573 2.05862 0.270552 0.735345 0.838631 1
0.546 1.46669e-25 -3.63987e-13 1.15463e-13 2.91714e-14 0.736151 0.208724 2.0554 0.269842 0.736151 0.838316 1
0.545 1.45653e-25 -3.62876e-13 1.14353e-13 2.99489e-14 0.736957 0.208874 2.05217 0.269131 0.736957 0.838 1
0.544 1.44603e-25 -3.61822e-13 1.13021e-13 3.02427e-14 0.737763 0.209025 2.04895 0.268421 0.737763 0.837683 1
0.543 1.43572e-25 -3.60767e-13 1.11688e-13 3.07316e-14 0.738569 0.209175 2.04572 0.267711 0.738569 0.837366 1
0.542 1.43095e-25 -3.60323e-13 1.108e-13 3.14029e-14 0.739376 0.209324 2.0425 0.267001 0.739376 0.837048 1
0.541 1.41989e-25 -3.59157e-13 1.09468e-13 3.18043e-14 0.740182 0.209474 2.03927 0.266291 0.740182 0.83673 1
0.54 1.40796e-25 -3.57769e-13 1.08358e-13 3.24939e-14 0.740988 0.209623 2.03605 0.265581 0.740988 0.836412 1
0.539 1.40156e-25 -3.57159e-13 1.07248e-13 3.30467e-14 0.741795 0.209772 2.03282 0.264872 0.741795 0.836093 1
0.538 1.39191e-25 -3.56104e-13 1.06137e-13 3.34042e-14 0.742601 0.209921 2.02959 0.264162 0.742601 0.835773 1
0.537 1.38431e-25 -3.55382e-13 1.04805e-13 3.3919e-14 0.743408 0.210069 2.02637 0.263453 0.743408 0.835453 1
0.536 1.37887e-25 -3.54827e-13 1.03917e-13 3.44373e-14 0.744215 0.210217 2.02314 0.262744 0.744215 0.835133 1
0.535 1.36846e-25 -3.53606e-13 1.02807e-13 3.52055e-14 0.745022 0.210365 2.01991 0.262035 0.745022 0.834812 1
0.534 1.35688e-25 -3.52385e-13 1.01252e-13 3.55068e-14 0.745829 0.210513 2.01668 0.261326 0.745829 0.83449 1
0.533 1.35069e-25 -3.51608e-13 1.00586e-13 3.63859e-14 0.746636 0.21066 2.01346 0.260617 0.746636 0.834168 1
0.532 1.34532e-25 -3.51219e-13 9.92539e-14 3.6415e-14 0.747443 0.210807 2.01023 0.259909 0.747443 0.833846 1
0.531 1.33403e-25 -3.49831e-13 9.81437e-14 3.72635e-14 0.74825 0.210954 2.007 0.259201 0.74825 0.833523 1
0.53 1.32314e-25 -3.48666e-13 9.65894e-14 3.76456e-14 0.749058 0.2111 2.00377 0.258492 0.749058 0.8332 1
0.529 1.31461e-25 -3.47611e-13 9.57012e-14 3.83248e-14 0.749865 0.211246 2.00054 0.257784 0.749865 0.832876 1
0.528 1.30874e-25 -3.47111e-13 9.4369e-14 3.84992e-14 0.750673 0.211392 1.99731 0.257076 0.750673 0.832551 1
0.527 1.30541e-25 -3.46667e-13 9.39249e-14 3.92576e-14 0.75148 0.211538 1.99408 0.256369 0.75148 0.832226 1
0.526 1.29493e-25 -3.45446e-13 9.25926e-14 3.98342e-14 0.752288 0.211683 1.99085 0.255661 0.752288 0.831901 1
0.525 1.28978e-25 -3.44946e-13 9.14824e-14 4.02595e-14 0.753096 0.211828 1.98762 0.254954 0.753096 0.831575 1
0.524 1.27982e-25 -3.43725e-13 9.03722e-14 4.0841e-14 0.753904 0.211973 1.98438 0.254246 0.753904 0.831249 1
0.523 1.27043e-25 -3.4267e-13 8.90399e-14 4.11376e-14 0.754712 0.212117 1.98115 0.253539 0.754712 0.830922 1
0.522 1.26662e-25 -3.42282e-13 8.81517e-14 4.16427e-14 0.75552 0.212261 1.97792 0.252832 0.75552 0.830594 1
0.521 1.26116e-25 -3.41616e-13 8.72635e-14 4.24193e-14 0.756328 0.212405 1.97469 0.252125 0.756328 0.830266 1
0.52 1.25223e-25 -3.40505e-13 8.61533e-14 4.30868e-14 0.757137 0.212549 1.97145 0.251419 0.757137 0.829938 1
0.519 1.24372e-25 -3.39562e-13 8.4821e-14 4.33042e-14 0.757945 0.212692 1.96822 0.250712 0.757945 0.829609 1
0.518 1.23972e-25 -3.39062e-13 8.41549e-14 4.38996e-14 0.758754 0.212835 1.96499 0.250006 0.758754 0.829279 1
0.517 1.23159e-25 -3.38063e-13 8.30447e-14 4.44474e-14 0.759562 0.212978 1.96175 0.2493 0.759562 0.828949 1
0.516 1.22501e-25 -3.37286e-13 8.19345e-14 4.5012e-14 0.760371 0.21312 1.95852 0.248593 0.760371 0.828619 1
0.515 1.22059e-25 -3.36786e-13 8.10463e-14 4.54541e-14 0.76118 0.213262 1.95528 0.247888 0.76118 0.828288 1
0.514 1.21294e-25 -3.35898e-13 7.9714e-14 4.59598e-14 0.761989 0.213404 1.95205 0.247182 0.761989 0.827956 1
0.513 1.20956e-25 -3.35398e-13 7.92699e-14 4.66879e-14 0.762798 0.213546 1.94881 0.246476 0.762798 0.827624 1
0.512 1.20251e-25 -3.34621e-13 7.79377e-14 4.69568e-14 0.763607 0.213687 1.94557 0.245771 0.763607 0.827292 1
0.511 1.19598e-25 -3.33816e-13 7.68274e-14 4.75619e-14 0.764416 0.213828 1.94234 0.245065 0.764416 0.826959 1
0.51 1.19125e-25 -3.33206e-13 7.59393e-14 4.82917e-14 0.765225 0.213968 1.9391 0.24436 0.765225 0.826625 1
0.509 1.18743e-25 -3.32817e-13 7.50511e-14 4.84102e-14 0.766035 0.214109 1.93586 0.243655 0.766035 0.826291 1
0.508 1.17796e-25 -3.31513e-13 7.39409e-14 4.92763e-14 0.766844 0.214249 1.93262 0.242951 0.766844 0.825956 1
0.507 1.17452e-25 -3.31124e-13 7.30527e-14 4.9717e-14 0.767654 0.214389 1.92939 0.242246 0.767654 0.825621 1
0.506 1.16659e-25 -3.30153e-13 7.17204e-14 5.01489e-14 0.768463 0.214528 1.92615 0.241541 0.768463 0.825286 1
0.505 1.16161e-25 -3.29514e-13 7.08322e-14 5.06366e-14 0.769273 0.214667 1.92291 0.240837 0.769273 0.824949 1
0.504 1.15539e-25 -3.28682e-13 6.99441e-14 5.11444e-14 0.770083 0.214806 1.91967 0.240133 0.770083 0.824613 1
0.503 1.15215e-25 -3.28293e-13 6.90559e-14 5.16684e-14 0.770893 0.214944 1.91643 0.239429 0.770893 0.824275 1
0.502 1.14771e-25 -3.27793e-13 6.79456e-14 5.20212e-14 0.771703 0.215083 1.91319 0.238725 0.771703 0.823938 1
0.501 1.14113e-25 -3.26877e-13 6.70575e-14 5.26034e-14 0.772513 0.215221 1.90995 0.238021 0.772513 0.823599 1
0.5 1.13687e-25 -3.26378e-13 6.59472e-14 5.30596e-14 0.773323 0.215358 1.90671 0.237318 0.773323 0.82326 1
0.499 1.13148e-25 -3.25573e-13 6.52811e-14 5.37494e-14 0.774134 0.215495 1.90346 0.236614 0.774134 0.822921 1
0.498 1.1282e-25 -3.25157e-13 6.43929e-14 5.42838e-14 0.774944 0.215632 1.90022 0.235911 0.774944 0.822581 1
0.497 1.12239e-25 -3.24407e-13 6.32827e-14 5.47214e-14 0.775755 0.215769 1.89698 0.235208 0.775755 0.822241 1
0.496 1.11832e-25 -3.23908e-13 6.21725e-14 5.52356e-14 0.776566 0.215906 1.89374 0.234505 0.776566 0.8219 1
0.495 1.114e-25 -3.23269e-13 6.15064e-14 5.57988e-14 0.777376 0.216042 1.89049 0.233802 0.777376 0.821558 1
0.494 1.10804e-25 -3.22492e-13 6.03961e-14 5.61668e-14 0.778187 0.216177 1.88725 0.2331 0.778187 0.821216 1
0.493 1.10084e-25 -3.21493e-13 5.92859e-14 5.66692e-14 0.778998 0.216313 1.88401 0.232397 0.778998 0.820874 1
0.492 1.10012e-25 -3.2141e-13 5.86198e-14 5.72003e-14 0.779809 0.216448 1.88076 0.231695 0.779809 0.82053 1
0.491 1.0958e-25 -3.20743e-13 5.79536e-14 5.7839e-14 0.78062 0.216583 1.87752 0.230993 0.78062 0.820187 1
0.49 1.09168e-25 -3.20299e-13 5.66214e-14 5.80571e-14 0.781432 0.216717 1.87427 0.230291 0.781432 0.819842 1
0.489 1.08608e-25 -3.19467e-13 5.57332e-14 5.86755e-14 0.782243 0.216851 1.87103 0.229589 0.782243 0.819498 1
0.488 1.08159e-25 -3.18801e-13 5.4845e-14 5.93057e-14 0.783054 0.216985 1.86778 0.228887 0.783054 0.819152 1
0.487 1.07745e-25 -3.18218e-13 5.39568e-14 5.97597e-14 0.783866 0.217119 1.86454 0.228186 0.783866 0.818807 1
0.486 1.0732e-25 -3.17607e-13 5.30687e-14 6.02481e-14 0.784678 0.217252 1.86129 0.227484 0.784678 0.81846 1
0.485 1.06876e-25 -3.17024e-13 5.19584e-14 6.05998e-14 0.785489 0.217385 1.85804 0.226783 0.785489 0.818113 1
0.484 1.0668e-25 -3.16636e-13 5.15143e-14 6.1383e-14 0.786301 0.217518 1.85479 0.226082 0.786301 0.817766 1
0.483 1.0643e-25 -3.16303e-13 5.06262e-14 6.18033e-14 0.787113 0.21765 1.85155 0.225381 0.787113 0.817418 1
0.482 1.06032e-25 -3.1572e-13 4.9738e-14 6.22828e-14 0.787925 0.217782 1.8483 0.224681 0.787925 0.817069 1
0.481 1.05583e-25 -3.15081e-13 4.86278e-14 6.27892e-14 0.788738 0.217914 1.84505 0.22398 0.788738 0.81672 1
0.48 1.05211e-25 -3.14526e-13 4.77396e-14 6.32898e-14 0.78955 0.218045 1.8418 0.22328 0.78955 0.81637 1
0.479 1.04975e-25 -3.1411e-13 4.70735e-14 6.39866e-14 0.790362 0.218176 1.83855 0.22258 0.790362 0.81602 1
0.478 1.047e-25 -3.13721e-13 4.61853e-14 6.43908e-14 0.791175 0.218307 1.8353 0.221879 0.791175 0.815669 1
0.477 1.04396e-25 -3.13222e-13 4.52971e-14 6.50882e-14 0.791987 0.218437 1.83205 0.22118 0.791987 0.815317 1
0.476 1.03962e-25 -3.12639e-13 4.44089e-14 6.51679e-14 0.7928 0.218567 1.8288 0.22048 0.7928 0.814965 1
0.475 1.03527e-25 -3.11917e-13 4.35207e-14 6.5886e-14 0.793613 0.218697 1.82555 0.21978 0.793613 0.814613 1
0.474 1.03603e-25 -3.12e-13 4.28546e-14 6.64961e-14 0.794426 0.218826 1.8223 0.219081 0.794426 0.81426 1
0.473 1.03169e-25 -3.11334e-13 4.19664e-14 6.69232e-14 0.795239 0.218955 1.81905 0.218382 0.795239 0.813906 1
0.472 1.02899e-25 -3.1089e-13 4.10783e-14 6.75213e-14 0.796052 0.219084 1.81579 0.217683 0.796052 0.813552 1
0.471 1.0251e-25 -3.1028e-13 4.04121e-14 6.78465e-14 0.796865 0.219212 1.81254 0.216984 0.796865 0.813197 1
0.47 1.02056e-25 -3.09613e-13 3.93019e-14 6.81992e-14 0.797678 0.21934 1.80929 0.216285 0.797678 0.812842 1
0.469 1.01808e-25 -3.09197e-13 3.84137e-14 6.87743e-14 0.798492 0.219468 1.80603 0.215587 0.798492 0.812486 1
0.468 1.01816e-25 -3.09142e-13 3.79696e-14 6.93227e-14 0.799305 0.219595 1.80278 0.214888 0.799305 0.812129 1
0.467 1.01431e-25 -3.08559e-13 3.68594e-14 6.97428e-14 0.800119 0.219723 1.79953 0.21419 0.800119 0.811772 1
0.466 1.01432e-25 -3.08448e-13 3.64153e-14 7.04708e-14 0.800932 0.219849 1.79627 0.213492 0.800932 0.811414 1
0.465 1.01136e-25 -3.08031e-13 3.53051e-14 7.07571e-14 0.801746 0.219976 1.79302 0.212794 0.801746 0.811056 1
0.464 1.00576e-25 -3.07143e-13 3.41949e-14 7.12033e-14 0.80256 0.220102 1.78976 0.212096 0.80256 0.810697 1
0.463 1.00658e-25 -3.07143e-13 3.37508e-14 7.19851e-14 0.803374 0.220227 1.7865 0.211399 0.803374 0.810338 1
0.462 1.00333e-25 -3.0656e-13 3.28626e-14 7.26188e-14 0.804188 0.220353 1.78325 0.210701 0.804188 0.809978 1
0.461 9.98771e-26 -3.05866e-13 3.19744e-14 7.28042e-14 0.805002 0.220478 1.77999 0.210004 0.805002 0.809617 1
0.46 9.97243e-26 -3.05561e-13 3.13083e-14 7.33247e-14 0.805817 0.220603 1.77673 0.209307 0.805817 0.809256 1
0.459 9.9751e-26 -3.05561e-13 3.04201e-14 7.38786e-14 0.806631 0.220727 1.77347 0.20861 0.806631 0.808894 1
0.458 9.9572e-26 -3.05228e-13 2.9754e-14 7.43134e-14 0.807446 0.220851 1.77022 0.207913 0.807446 0.808532 1
0.457 9.92712e-26 -3.04617e-13 2.90878e-14 7.50551e-14 0.80826 0.220975 1.76696 0.207217 0.80826 0.808169 1
0.456 9.90375e-26 -3.04229e-13 2.81997e-14 7.54128e-14 0.809075 0.221098 1.7637 0.20652 0.809075 0.807806 1
0.455 9.914e-26 -3.0434e-13 2.75335e-14 7.58888e-14 0.80989 0.221221 1.76044 0.205824 0.80989 0.807441 1
0.454 9.86475e-26 -3.03479e-13 2.66454e-14 7.6405e-14 0.810705 0.221344 1.75718 0.205128 0.810705 0.807077 1
0.453 9.84785e-26 -3.03146e-13 2.55351e-14 7.69982e-14 0.81152 0.221466 1.75392 0.204432 0.81152 0.806711 1
0.452 9.86806e-26 -3.03424e-13 2.5091e-14 7.73623e-14 0.812335 0.221588 1.75066 0.203736 0.812335 0.806346 1
0.451 9.8239e-26 -3.02619e-13 2.42029e-14 7.7942e-14 0.813151 0.221709 1.7474 0.203041 0.813151 0.805979 1
0.45 9.82561e-26 -3.02564e-13 2.35367e-14 7.84691e-14 0.813966 0.221831 1.74414 0.202346 0.813966 0.805612 1
0.449 9.8081e-26 -3.02175e-13 2.28706e-14 7.90455e-14 0.814781 0.221952 1.74087 0.20165 0.814781 0.805244 1
0.448 9.8051e-26 -3.02064e-13 2.22045e-14 7.94692e-14 0.815597 0.222072 1.73761 0.200955 0.815597 0.804876 1
0.447 9.78098e-26 -3.01592e-13 2.13163e-14 7.99851e-14 0.816413 0.222192 1.73435 0.20026 0.816413 0.804507 1
0.446 9.78214e-26 -3.01453e-13 2.08722e-14 8.06945e-14 0.817229 0.222312 1.73109 0.199566 0.817229 0.804137 1
0.445 9.74774e-26 -3.0087e-13 1.9984e-14 8.0963e-14 0.818044 0.222432 1.72782 0.198871 0.818044 0.803767 1
0.444 9.74317e-26 -3.00676e-13 1.93179e-14 8.1562e-14 0.818861 0.222551 1.72456 0.198177 0.818861 0.803397 1
0.443 9.72787e-26 -3.0026e-13 1.86517e-14 8.23096e-14 0.819677 0.222669 1.72129 0.197483 0.819677 0.803025 1
0.442 9.70443e-26 -2.99871e-13 1.77636e-14 8.24985e-14 0.820493 0.222788 1.71803 0.196789 0.820493 0.802653 1
0.441 9.71239e-26 -2.99899e-13 1.70974e-14 8.30194e-14 0.821309 0.222906 1.71476 0.196095 0.821309 0.802281 1
0.44 9.70693e-26 -2.99677e-13 1.64313e-14 8.36245e-14 0.822126 0.223024 1.7115 0.195401 0.822126 0.801907 1
0.439 9.68337e-26 -2.99261e-13 1.55431e-14 8.3876e-14 0.822942 0.223141 1.70823 0.194708 0.822942 0.801534 1
0.438 9.69015e-26 -2.99205e-13 1.4877e-14 8.45958e-14 0.823759 0.223258 1.70496 0.194014 0.823759 0.801159 1
0.437 9.66378e-26 -2.98678e-13 1.42109e-14 8.50142e-14 0.824576 0.223375 1.7017 0.193321 0.824576 0.800784 1
0.436 9.6715e-26 -2.98678e-13 1.35447e-14 8.55755e-14 0.825393 0.223491 1.69843 0.192628 0.825393 0.800408 1
0.435 9.64034e-26 -2.98039e-13 1.26565e-14 8.61148e-14 0.82621 0.223607 1.69516 0.191935 0.82621 0.800032 1
0.434 9.646e-26 -2.98039e-13 1.19904e-14 8.65379e-14 0.827027 0.223722 1.69189 0.191243 0.827027 0.799655 1
0.433 9.63408e-26 -2.97762e-13 1.13243e-14 8.68933e-14 0.827844 0.223837 1.68862 0.19055 0.827844 0.799278 1
0.432 9.64744e-26 -2.97845e-13 1.08802e-14 8.74319e-14 0.828661 0.223952 1.68535 0.189858 0.828661 0.798899 1
0.431 9.63118e-26 -2.97429e-13 9.99201e-15 8.80233e-14 0.829479 0.224067 1.68209 0.189166 0.829479 0.798521 1
0.43 9.64806e-26 -2.97595e-13 9.32587e-15 8.84913e-14 0.830296 0.224181 1.67881 0.188474 0.830296 0.798141 1
0.429 9.61226e-26 -2.96901e-13 8.21565e-15 8.89084e-14 0.831114 0.224294 1.67554 0.187782 0.831114 0.797761 1
0.428 9.63209e-26 -2.97012e-13 7.99361e-15 8.96693e-14 0.831932 0.224408 1.67227 0.187091 0.831932 0.79738 1
0.427 9.62077e-26 -2.9679e-13 7.10543e-15 8.98482e-14 0.83275 0.224521 1.669 0.186399 0.83275 0.796999 1
0.426 9.62493e-26 -2.96624e-13 6.66134e-15 9.06602e-14 0.833568 0.224633 1.66573 0.185708 0.833568 0.796617 1
0.425 9.59969e-26 -2.96124e-13 5.55112e-15 9.09753e-14 0.834386 0.224745 1.66246 0.185017 0.834386 0.796234 1
0.424 9.62519e-26 -2.96319e-13 5.32907e-15 9.17543e-14 0.835204 0.224857 1.65918 0.184326 0.835204 0.795851 1
0.423 9.61346e-26 -2.96069e-13 4.21885e-15 9.1979e-14 0.836022 0.224969 1.65591 0.183636 0.836022 0.795467 1
0.422 9.61687e-26 -2.95958e-13 3.77476e-15 9.25393e-14 0.836841 0.22508 1.65264 0.182945 0.836841 0.795082 1
0.421 9.61854e-26 -2.95791e-13 3.10862e-15 9.31846e-14 0.837659 0.22519 1.64936 0.182255 0.837659 0.794697 1
0.42 9.60573e-26 -2.95375e-13 2.22045e-15 9.38407e-14 0.838478 0.225301 1.64609 0.181565 0.838478 0.794311 1
0.419 9.61106e-26 -2.9543e-13 1.55431e-15 9.39634e-14 0.839297 0.22541 1.64281 0.180875 0.839297 0.793925 1
0.418 9.61388e-26 -2.95236e-13 8.88178e-16 9.47296e-14 0.840116 0.22552 1.63954 0.180185 0.840116 0.793538 1
0.417 9.63426e-26 -2.95458e-13 4.44089e-16 9.51154e-14 0.840935 0.225629 1.63626 0.179495 0.840935 0.79315 1
0.416 9.61548e-26 -2.94986e-13 -3.33067e-16 9.55916e-14 0.841754 0.225738 1.63299 0.178806 0.841754 0.792761 1
0.415 9.63669e-26 -2.95125e-13 -6.66134e-16 9.62689e-14 0.842573 0.225846 1.62971 0.178117 0.842573 0.792372 1
0.414 9.63574e-26 -2.94986e-13 -1.55431e-15 9.66337e-14 0.843392 0.225954 1.62643 0.177427 0.843392 0.791982 1
0.413 9.64783e-26 -2.95014e-13 -2.10942e-15 9.71628e-14 0.844212 0.226062 1.62315 0.176739 0.844212 0.791592 1
0.412 9.63144e-26 -2.9457e-13 -2.88658e-15 9.76452e-14 0.845031 0.226169 1.61988 0.17605 0.845031 0.791201 1
0.411 9.664e-26 -2.94875e-13 -3.10862e-15 9.83818e-14 0.845851 0.226276 1.6166 0.175361 0.845851 0.790809 1
0.41 9.64682e-26 -2.94431e-13 -3.9968e-15 9.88057e-14 0.846671 0.226382 1.61332 0.174673 0.846671 0.790416 1
0.409 9.66831e-26 -2.94598e-13 -4.44089e-15 9.93762e-14 0.847491 0.226488 1.61004 0.173985 0.847491 0.790023 1
0.408 9.67494e-26 -2.94514e-13 -5.10703e-15 9.99229e-14 0.848311 0.226594 1.60676 0.173297 0.848311 0.789629 1
0.407 9.67626e-26 -2.94459e-13 -5.88418e-15 1.0011e-13 0.849131 0.226699 1.60348 0.172609 0.849131 0.789235 1
0.406 9.68884e-26 -2.94431e-13 -6.66134e-15 1.00769e-13 0.849951 0.226804 1.6002 0.171921 0.849951 0.788839 1
0.405 9.68162e-26 -2.94126e-13 -7.21645e-15 1.01263e-13 0.850771 0.226909 1.59692 0.171234 0.850771 0.788444 1
0.404 9.69878e-26 -2.94237e-13 -7.88258e-15 1.01736e-13 0.851592 0.227013 1.59363 0.170547 0.851592 0.788047 1
0.403 9.71032e-26 -2.94181e-13 -8.32667e-15 1.02427e-13 0.852412 0.227116 1.59035 0.16986 0.852412 0.78765 1
0.402 9.71543e-26 -2.94043e-13 -8.88178e-15 1.03026e-13 0.853233 0.22722 1.58707 0.169173 0.853233 0.787252 1
0.401 9.72706e-26 -2.94154e-13 -9.65894e-15 1.03204e-13 0.854054 0.227322 1.58378 0.168486 0.854054 0.786853 1
0.4 9.7383e-26 -2.94098e-13 -1.03251e-14 1.0384e-13 0.854875 0.227425 1.5805 0.1678 0.854875 0.786454 1
0.399 9.74478e-26 -2.93932e-13 -1.08802e-14 1.04564e-13 0.855696 0.227527 1.57722 0.167113 0.855696 0.786054 1
0.398 9.75243e-26 -2.93959e-13 -1.15463e-14 1.0478e-13 0.856517 0.227629 1.57393 0.166427 0.856517 0.785653 1
0.397 9.77816e-26 -2.94154e-13 -1.21014e-14 1.05399e-13 0.857338 0.22773 1.57065 0.165741 0.857338 0.785252 1
0.396 9.79028e-26 -2.94126e-13 -1.25455e-14 1.05997e-13 0.85816 0.227831 1.56736 0.165055 0.85816 0.78485 1
0.395 9.7908e-26 -2.93904e-13 -1.33227e-14 1.06541e-13 0.858981 0.227931 1.56408 0.16437 0.858981 0.784447 1
0.394 9.78978e-26 -2.93682e-13 -1.40998e-14 1.07005e-13 0.859803 0.228031 1.56079 0.163684 0.859803 0.784044 1
0.393 9.82888e-26 -2.94209e-13 -1.42109e-14 1.07368e-13 0.860625 0.228131 1.5575 0.162999 0.860625 0.783639 1
0.392 9.83053e-26 -2.94015e-13 -1.52101e-14 1.07839e-13 0.861446 0.22823 1.55421 0.162314 0.861446 0.783235 1
0.391 9.84702e-26 -2.94043e-13 -1.58762e-14 1.0843e-13 0.862268 0.228329 1.55093 0.161629 0.862268 0.782829 1
0.39 9.86568e-26 -2.9407e-13 -1.64313e-14 1.0913e-13 0.86309 0.228427 1.54764 0.160945 0.86309 0.782423 1
0.389 9.86919e-26 -2.93932e-13 -1.67644e-14 1.09613e-13 0.863913 0.228525 1.54435 0.16026 0.863913 0.782016 1
0.388 9.89437e-26 -2.94181e-13 -1.75415e-14 1.0997e-13 0.864735 0.228622 1.54106 0.159576 0.864735 0.781608 1
0.387 9.90104e-26 -2.94098e-13 -1.80966e-14 1.10405e-13 0.865557 0.22872 1.53777 0.158892 0.865557 0.781199 1
0.386 9.91726e-26 -2.94043e-13 -1.86517e-14 1.11192e-13 0.86638 0.228816 1.53448 0.158208 0.86638 0.78079 1
0.385 9.94405e-26 -2.94348e-13 -1.92069e-14 1.11494e-13 0.867203 0.228912 1.53119 0.157524 0.867203 0.78038 1
0.384 9.97109e-26 -2.94459e-13 -1.96509e-14 1.12333e-13 0.868026 0.229008 1.5279 0.156841 0.868026 0.77997 1
0.383 9.99707e-26 -2.94709e-13 -2.0095e-14 1.12755e-13 0.868848 0.229104 1.52461 0.156158 0.868848 0.779559 1
0.382 1.00001e-25 -2.94542e-13 -2.08722e-14 1.13183e-13 0.869672 0.229199 1.52131 0.155474 0.869672 0.779147 1
0.381 1.00184e-25 -2.94598e-13 -2.12053e-14 1.13782e-13 0.870495 0.229293 1.51802 0.154792 0.870495 0.778734 1
0.38 1.00554e-25 -2.94959e-13 -2.18714e-14 1.14346e-13 0.871318 0.229387 1.51473 0.154109 0.871318 0.77832 1
0.379 1.00677e-25 -2.94959e-13 -2.25375e-14 1.14755e-13 0.872141 0.229481 1.51143 0.153426 0.872141 0.777906 1
0.378 1.0067e-25 -2.94764e-13 -2.30926e-14 1.15113e-13 0.872965 0.229574 1.50814 0.152744 0.872965 0.777491 1
0.377 1.00948e-25 -2.94959e-13 -2.36478e-14 1.1571e-13 0.873789 0.229667 1.50485 0.152062 0.873789 0.777075 1
0.376 1.01172e-25 -2.9507e-13 -2.42029e-14 1.16277e-13 0.874612 0.22976 1.50155 0.15138 0.874612 0.776659 1
0.375 1.01604e-25 -2.95486e-13 -2.4758e-14 1.16958e-13 0.875436 0.229852 1.49825 0.150698 0.875436 0.776242 1
0.374 1.01845e-25 -2.95625e-13 -2.53131e-14 1.17517e-13 0.87626 0.229943 1.49496 0.150016 0.87626 0.775824 1
0.373 1.01906e-25 -2.95486e-13 -2.59792e-14 1.17979e-13 0.877084 0.230034 1.49166 0.149335 0.877084 0.775405 1
0.372 1.02047e-25 -2.95458e-13 -2.66454e-14 1.18495e-13 0.877909 0.230125 1.48837 0.148654 0.877909 0.774986 1
0.371 1.02347e-25 -2.9568e-13 -2.69784e-14 1.19134e-13 0.878733 0.230215 1.48507 0.147973 0.878733 0.774565 1
0.37 1.02682e-25 -2.96096e-13 -2.75335e-14 1.19376e-13 0.879558 0.230305 1.48177 0.147292 0.879558 0.774145 1
0.369 1.02938e-25 -2.96124e-13 -2.76446e-14 1.20352e-13 0.880382 0.230394 1.47847 0.146612 0.880382 0.773723 1
0.368 1.03129e-25 -2.9618e-13 -2.85327e-14 1.20798e-13 0.881207 0.230483 1.47517 0.145931 0.881207 0.7733 1
0.367 1.03455e-25 -2.96568e-13 -2.91989e-14 1.21037e-13 0.882032 0.230572 1.47187 0.145251 0.882032 0.772877 1
0.366 1.03527e-25 -2.96346e-13 -2.9754e-14 1.2174e-13 0.882857 0.23066 1.46857 0.144571 0.882857 0.772453 1
0.365 1.04067e-25 -2.9704e-13 -3.0087e-14 1.22182e-13 0.883682 0.230747 1.46527 0.143891 0.883682 0.772029 1
0.364 1.04131e-25 -2.96929e-13 -3.08642e-14 1.2252e-13 0.884507 0.230834 1.46197 0.143212 0.884507 0.771603 1
0.363 1.045e-25 -2.97234e-13 -3.13083e-14 1.23172e-13 0.885333 0.230921 1.45867 0.142532 0.885333 0.771177 1
0.362 1.04952e-25 -2.97679e-13 -3.16414e-14 1.23847e-13 0.886158 0.231007 1.45537 0.141853 0.886158 0.77075 1
0.361 1.05219e-25 -2.97845e-13 -3.21965e-14 1.24382e-13 0.886984 0.231093 1.45207 0.141174 0.886984 0.770322 1
0.36 1.05355e-25 -2.97845e-13 -3.30846e-14 1.24694e-13 0.887809 0.231178 1.44876 0.140495 0.887809 0.769893 1
0.359 1.0553e-25 -2.97873e-13 -3.31957e-14 1.25298e-13 0.888635 0.231263 1.44546 0.139816 0.888635 0.769464 1
0.358 1.05827e-25 -2.98012e-13 -3.39728e-14 1.25943e-13 0.889461 0.231347 1.44215 0.139138 0.889461 0.769034 1
0.357 1.06298e-25 -2.98511e-13 -3.44169e-14 1.26511e-13 0.890287 0.231431 1.43885 0.13846 0.890287 0.768603 1
0.356 1.06546e-25 -2.9865e-13 -3.4972e-14 1.2701e-13 0.891114 0.231515 1.43555 0.137782 0.891114 0.768171 1
0.355 1.06733e-25 -2.98733e-13 -3.54161e-14 1.27425e-13 0.89194 0.231598 1.43224 0.137104 0.89194 0.767739 1
0.354 1.07218e-25 -2.99261e-13 -3.58602e-14 1.27964e-13 0.892767 0.23168 1.42893 0.136426 0.892767 0.767305 1
0.353 1.07453e-25 -2.99344e-13 -3.66374e-14 1.28469e-13 0.893593 0.231762 1.42563 0.135749 0.893593 0.766871 1
0.352 1.07794e-25 -2.99483e-13 -3.68594e-14 1.29403e-13 0.89442 0.231844 1.42232 0.135072 0.89442 0.766436 1
0.351 1.08192e-25 -2.99871e-13 -3.76366e-14 1.29817e-13 0.895247 0.231925 1.41901 0.134395 0.895247 0.766001 1
0.35 1.08567e-25 -3.00232e-13 -3.80806e-14 1.30296e-13 0.896074 0.232006 1.4157 0.133718 0.896074 0.765564 1
0.349 1.09089e-25 -3.00732e-13 -3.85247e-14 1.31018e-13 0.896901 0.232086 1.4124 0.133042 0.896901 0.765127 1
0.348 1.09222e-25 -3.00787e-13 -3.89688e-14 1.31263e-13 0.897728 0.232166 1.40909 0.132365 0.897728 0.764689 1
0.347 1.09672e-25 -3.01231e-13 -3.95239e-14 1.31792e-13 0.898556 0.232245 1.40578 0.131689 0.898556 0.76425 1
0.346 1.09928e-25 -3.01287e-13 -4.00791e-14 1.3247e-13 0.899383 0.232324 1.40247 0.131013 0.899383 0.76381 1
0.345 1.10295e-25 -3.0162e-13 -4.05231e-14 1.32958e-13 0.900211 0.232402 1.39916 0.130337 0.900211 0.76337 1
0.344 1.10605e-25 -3.01786e-13 -4.10783e-14 1.33577e-13 0.901039 0.23248 1.39585 0.129662 0.901039 0.762928 1
0.343 1.10992e-25 -3.02286e-13 -4.16334e-14 1.33723e-13 0.901866 0.232557 1.39253 0.128986 0.901866 0.762486 1
0.342 1.11476e-25 -3.02536e-13 -4.21885e-14 1.34791e-13 0.902695 0.232634 1.38922 0.128311 0.902695 0.762043 1
0.341 1.11717e-25 -3.02758e-13 -4.28546e-14 1.34976e-13 0.903523 0.23271 1.38591 0.127636 0.903523 0.761599 1
0.34 1.12321e-25 -3.03424e-13 -4.28546e-14 1.35713e-13 0.904351 0.232786 1.3826 0.126962 0.904351 0.761155 1
0.339 1.12685e-25 -3.03674e-13 -4.34097e-14 1.36318e-13 0.905179 0.232862 1.37928 0.126287 0.905179 0.760709 1
0.338 1.13125e-25 -3.0409e-13 -4.39648e-14 1.36826e-13 0.906008 0.232936 1.37597 0.125613 0.906008 0.760263 1
0.337 1.1343e-25 -3.04298e-13 -4.44089e-14 1.37335e-13 0.906837 0.233011 1.37265 0.124939 0.906837 0.759816 1
0.336 1.13872e-25 -3.04617e-13 -4.50751e-14 1.38017e-13 0.907665 0.233085 1.36934 0.124265 0.907665 0.759368 1
0.335 1.14277e-25 -3.05034e-13 -4.57412e-14 1.38343e-13 0.908494 0.233158 1.36602 0.123591 0.908494 0.758919 1
0.334 1.14615e-25 -3.05214e-13 -4.59632e-14 1.39091e-13 0.909324 0.233231 1.36271 0.122918 0.909324 0.758469 1
0.333 1.15159e-25 -3.05811e-13 -4.61853e-14 1.39662e-13 0.910153 0.233304 1.35939 0.122244 0.910153 0.758019 1
0.332 1.15516e-25 -3.06047e-13 -4.67404e-14 1.40237e-13 0.910982 0.233375 1.35607 0.121571 0.910982 0.757567 1
0.331 1.16039e-25 -3.0663e-13 -4.72955e-14 1.40642e-13 0.911812 0.233447 1.35275 0.120899 0.911812 0.757115 1
0.33 1.16476e-25 -3.06991e-13 -4.77396e-14 1.41259e-13 0.912641 0.233518 1.34944 0.120226 0.912641 0.756662 1
0.329 1.17022e-25 -3.07518e-13 -4.84057e-14 1.41817e-13 0.913471 0.233588 1.34612 0.119554 0.913471 0.756208 1
0.328 1.17492e-25 -3.07879e-13 -4.85167e-14 1.4265e-13 0.914301 0.233658 1.3428 0.118881 0.914301 0.755753 1
0.327 1.17798e-25 -3.08142e-13 -4.91829e-14 1.42924e-13 0.915131 0.233728 1.33948 0.118209 0.915131 0.755297 1
0.326 1.18175e-25 -3.0842e-13 -4.996e-14 1.43372e-13 0.915961 0.233797 1.33616 0.117538 0.915961 0.754841 1
0.325 1.18768e-25 -3.09044e-13 -5.01821e-14 1.44017e-13 0.916791 0.233865 1.33283 0.116866 0.916791 0.754384 1
0.324 1.19275e-25 -3.0953e-13 -5.07372e-14 1.44541e-13 0.917622 0.233933 1.32951 0.116195 0.917622 0.753925 1
0.323 1.19854e-25 -3.10113e-13 -5.10703e-14 1.45176e-13 0.918452 0.234 1.32619 0.115524 0.918452 0.753466 1
0.322 1.20454e-25 -3.10724e-13 -5.10703e-14 1.45933e-13 0.919283 0.234067 1.32287 0.114853 0.919283 0.753006 1
0.321 1.20933e-25 -3.11154e-13 -5.17364e-14 1.46424e-13 0.920114 0.234133 1.31954 0.114182 0.920114 0.752545 1
0.32 1.2137e-25 -3.11487e-13 -5.24025e-14 1.46969e-13 0.920945 0.234199 1.31622 0.113512 0.920945 0.752083 1
0.319 1.22021e-25 -3.12209e-13 -5.27356e-14 1.47534e-13 0.921776 0.234265 1.3129 0.112842 0.921776 0.751621 1
0.318 1.22445e-25 -3.12597e-13 -5.34017e-14 1.47907e-13 0.922607 0.234329 1.30957 0.112172 0.922607 0.751157 1
0.317 1.22873e-25 -3.12889e-13 -5.36238e-14 1.48653e-13 0.923439 0.234394 1.30625 0.111502 0.923439 0.750692 1
0.316 1.23568e-25 -3.13652e-13 -5.42899e-14 1.49141e-13 0.92427 0.234457 1.30292 0.110832 0.92427 0.750227 1
0.315 1.23973e-25 -3.13929e-13 -5.44009e-14 1.49872e-13 0.925102 0.23452 1.29959 0.110163 0.925102 0.749761 1
0.314 1.24636e-25 -3.14665e-13 -5.4734e-14 1.50421e-13 0.925934 0.234583 1.29627 0.109494 0.925934 0.749294 1
0.313 1.25089e-25 -3.14956e-13 -5.52891e-14 1.51111e-13 0.926766 0.234645 1.29294 0.108825 0.926766 0.748825 1
0.312 1.25593e-25 -3.1547e-13 -5.58442e-14 1.51502e-13 0.927598 0.234707 1.28961 0.108156 0.927598 0.748356 1
0.311 1.26133e-25 -3.15914e-13 -5.63993e-14 1.52152e-13 0.92843 0.234768 1.28628 0.107488 0.92843 0.747887 1
0.31 1.26858e-25 -3.16747e-13 -5.69544e-14 1.52597e-13 0.929262 0.234829 1.28295 0.106819 0.929262 0.747416 1
0.309 1.27299e-25 -3.17052e-13 -5.73985e-14 1.53241e-13 0.930095 0.234889 1.27962 0.106151 0.930095 0.746944 1
0.308 1.28111e-25 -3.18065e-13 -5.75096e-14 1.53747e-13 0.930927 0.234948 1.27629 0.105484 0.930927 0.746471 1
0.307 1.28441e-25 -3.18232e-13 -5.80647e-14 1.54266e-13 0.93176 0.235007 1.27296 0.104816 0.93176 0.745998 1
0.306 1.29196e-25 -3.18981e-13 -5.83977e-14 1.55038e-13 0.932593 0.235065 1.26963 0.104149 0.932593 0.745523 1
0.305 1.2987e-25 -3.19633e-13 -5.86198e-14 1.55782e-13 0.933426 0.235123 1.2663 0.103482 0.933426 0.745047 1
0.304 1.30431e-25 -3.2023e-13 -5.93969e-14 1.56062e-13 0.934259 0.23518 1.26296 0.102815 0.934259 0.744571 1
0.303 1.30988e-25 -3.20646e-13 -5.9841e-14 1.56821e-13 0.935093 0.235237 1.25963 0.102148 0.935093 0.744094 1
0.302 1.31697e-25 -3.2141e-13 -6.01741e-14 1.57392e-13 0.935926 0.235293 1.2563 0.101482 0.935926 0.743615 1
0.301 1.32148e-25 -3.21784e-13 -6.08402e-14 1.57801e-13 0.93676 0.235349 1.25296 0.100816 0.93676 0.743136 1
0.3 1.32827e-25 -3.2245e-13 -6.09512e-14 1.58548e-13 0.937594 0.235404 1.24963 0.10015 0.937594 0.742656 1
0.299 1.33522e-25 -3.23241e-13 -6.16174e-14 1.58871e-13 0.938427 0.235459 1.24629 0.0994839 0.938427 0.742175 1
0.298 1.34226e-25 -3.23963e-13 -6.19504e-14 1.59485e-13 0.939261 0.235513 1.24295 0.0988184 0.939261 0.741693 1
0.297 1.34984e-25 -3.24574e-13 -6.23945e-14 1.60445e-13 0.940096 0.235566 1.23962 0.0981531 0.940096 0.741209 1
0.296 1.3578e-25 -3.25517e-13 -6.23945e-14 1.61013e-13 0.94093 0.235619 1.23628 0.0974881 0.94093 0.740725 1
0.295 1.36192e-25 -3.25823e-13 -6.30607e-14 1.61415e-13 0.941765 0.235671 1.23294 0.0968233 0.941765 0.74024 1
0.294 1.36943e-25 -3.26572e-13 -6.33937e-14 1.62097e-13 0.942599 0.235723 1.2296 0.0961587 0.942599 0.739754 1
0.293 1.3758e-25 -3.27224e-13 -6.38378e-14 1.62568e-13 0.943434 0.235774 1.22626 0.0954944 0.943434 0.739267 1
0.292 1.38486e-25 -3.2814e-13 -6.42819e-14 1.63333e-13 0.944269 0.235824 1.22292 0.0948303 0.944269 0.738779 1
0.291 1.38896e-25 -3.28501e-13 -6.4726e-14 1.63688e-13 0.945104 0.235874 1.21958 0.0941664 0.945104 0.738291 1
0.29 1.39722e-25 -3.29278e-13 -6.53921e-14 1.64383e-13 0.945939 0.235924 1.21624 0.0935028 0.945939 0.737801 1
0.289 1.40545e-25 -3.30166e-13 -6.55032e-14 1.6506e-13 0.946775 0.235973 1.2129 0.0928394 0.946775 0.73731 1
0.288 1.41287e-25 -3.30916e-13 -6.59472e-14 1.65628e-13 0.94761 0.236021 1.20956 0.0921762 0.94761 0.736818 1
0.287 1.4195e-25 -3.31388e-13 -6.63913e-14 1.66508e-13 0.948446 0.236069 1.20622 0.0915133 0.948446 0.736325 1
0.286 1.42803e-25 -3.32387e-13 -6.65024e-14 1.67032e-13 0.949282 0.236116 1.20287 0.0908506 0.949282 0.735831 1
0.285 1.43455e-25 -3.33053e-13 -6.73905e-14 1.67299e-13 0.950118 0.236162 1.19953 0.0901882 0.950118 0.735336 1
0.284 1.44243e-25 -3.33844e-13 -6.75016e-14 1.68031e-13 0.950954 0.236208 1.19619 0.0895259 0.950954 0.73484 1
0.283 1.45183e-25 -3.34802e-13 -6.79456e-14 1.68743e-13 0.95179 0.236253 1.19284 0.088864 0.95179 0.734343 1
0.282 1.458e-25 -3.35398e-13 -6.83897e-14 1.69205e-13 0.952626 0.236298 1.18949 0.0882023 0.952626 0.733845 1
0.281 1.46728e-25 -3.36384e-13 -6.87228e-14 1.69855e-13 0.953463 0.236342 1.18615 0.0875408 0.953463 0.733346 1
0.28 1.4731e-25 -3.36856e-13 -6.92779e-14 1.70409e-13 0.9543 0.236386 1.1828 0.0868795 0.9543 0.732846 1
0.279 1.48239e-25 -3.37869e-13 -6.95e-14 1.71037e-13 0.955137 0.236429 1.17945 0.0862185 0.955137 0.732345 1
0.278 1.48945e-25 -3.38493e-13 -7.01661e-14 1.71594e-13 0.955974 0.236471 1.17611 0.0855578 0.955974 0.731843 1
0.277 1.49812e-25 -3.39478e-13 -7.03881e-14 1.7208e-13 0.956811 0.236513 1.17276 0.0848972 0.956811 0.73134 1
0.276 1.50875e-25 -3.40478e-13 -7.04992e-14 1.73147e-13 0.957648 0.236554 1.16941 0.084237 0.957648 0.730836 1
0.275 1.51626e-25 -3.41241e-13 -7.08322e-14 1.73675e-13 0.958486 0.236594 1.16606 0.0835769 0.958486 0.730331 1
0.274 1.52427e-25 -3.4206e-13 -7.14984e-14 1.74098e-13 0.959323 0.236634 1.16271 0.0829172 0.959323 0.729824 1
0.273 1.53278e-25 -3.4292e-13 -7.19425e-14 1.74665e-13 0.960161 0.236674 1.15936 0.0822576 0.960161 0.729317 1
0.272 1.54052e-25 -3.43683e-13 -7.22755e-14 1.75244e-13 0.960999 0.236712 1.156 0.0815983 0.960999 0.728809 1
0.271 1.55145e-25 -3.4478e-13 -7.27196e-14 1.76023e-13 0.961837 0.23675 1.15265 0.0809393 0.961837 0.728299 1
0.27 1.55843e-25 -3.45432e-13 -7.29417e-14 1.76634e-13 0.962675 0.236788 1.1493 0.0802805 0.962675 0.727789 1
0.269 1.56983e-25 -3.46667e-13 -7.31637e-14 1.77347e-13 0.963514 0.236825 1.14595 0.079622 0.963514 0.727277 1
0.268 1.57834e-25 -3.47541e-13 -7.36078e-14 1.77852e-13 0.964352 0.236861 1.14259 0.0789637 0.964352 0.726765 1
0.267 1.58782e-25 -3.48471e-13 -7.38298e-14 1.78602e-13 0.965191 0.236896 1.13924 0.0783056 0.965191 0.726251 1
0.266 1.59643e-25 -3.49262e-13 -7.4607e-14 1.79144e-13 0.96603 0.236931 1.13588 0.0776479 0.96603 0.725736 1
0.265 1.60749e-25 -3.504e-13 -7.4496e-14 1.80052e-13 0.966869 0.236966 1.13252 0.0769903 0.966869 0.72522 1
0.264 1.61674e-25 -3.51413e-13 -7.53841e-14 1.80277e-13 0.967708 0.236999 1.12917 0.076333 0.967708 0.724703 1
0.263 1.62699e-25 -3.52426e-13 -7.53841e-14 1.8114e-13 0.968548 0.237032 1.12581 0.075676 0.968548 0.724185 1
0.262 1.63569e-25 -3.53315e-13 -7.60503e-14 1.81534e-13 0.969387 0.237065 1.12245 0.0750192 0.969387 0.723666 1
0.261 1.64549e-25 -3.54328e-13 -7.61613e-14 1.8221e-13 0.970227 0.237097 1.11909 0.0743627 0.970227 0.723146 1
0.26 1.65514e-25 -3.55244e-13 -7.64944e-14 1.82934e-13 0.971067 0.237128 1.11573 0.0737064 0.971067 0.722624 1
0.259 1.66523e-25 -3.56284e-13 -7.68274e-14 1.83526e-13 0.971907 0.237158 1.11237 0.0730504 0.971907 0.722102 1
0.258 1.67636e-25 -3.57395e-13 -7.72715e-14 1.84211e-13 0.972747 0.237188 1.10901 0.0723947 0.972747 0.721578 1
0.257 1.68648e-25 -3.58394e-13 -7.77156e-14 1.8483e-13 0.973587 0.237217 1.10565 0.0717392 0.973587 0.721053 1
0.256 1.69776e-25 -3.5956e-13 -7.80487e-14 1.85475e-13 0.974427 0.237246 1.10229 0.071084 0.974427 0.720527 1
0.255 1.70835e-25 -3.60684e-13 -7.82707e-14 1.86054e-13 0.975268 0.237274 1.09893 0.070429 0.975268 0.72 1
0.254 1.71821e-25 -3.616e-13 -7.87148e-14 1.86738e-13 0.976109 0.237301 1.09556 0.0697743 0.976109 0.719472 1
0.253 1.7294e-25 -3.62682e-13 -7.89369e-14 1.87539e-13 0.97695 0.237327 1.0922 0.0691198 0.97695 0.718943 1
0.252 1.7414e-25 -3.64042e-13 -7.91589e-14 1.88009e-13 0.977791 0.237353 1.08884 0.0684656 0.977791 0.718413 1
0.251 1.75214e-25 -3.65125e-13 -7.9714e-14 1.88531e-13 0.978632 0.237378 1.08547 0.0678117 0.978632 0.717881 1
0.25 1.76316e-25 -3.66179e-13 -8.00471e-14 1.89266e-13 0.979474 0.237403 1.0821 0.067158 0.979474 0.717348 1
0.249 1.77439e-25 -3.67248e-13 -8.02691e-14 1.90066e-13 0.980315 0.237427 1.07874 0.0665046 0.980315 0.716814 1
0.248 1.787e-25 -3.68525e-13 -8.03801e-14 1.90862e-13 0.981157 0.23745 1.07537 0.0658515 0.981157 0.716279 1
0.247 1.79942e-25 -3.69801e-13 -8.09353e-14 1.91412e-13 0.981999 0.237473 1.072 0.0651986 0.981999 0.715743 1
0.246 1.8108e-25 -3.70967e-13 -8.13793e-14 1.91938e-13 0.982841 0.237495 1.06863 0.064546 0.982841 0.715206 1
0.245 1.82356e-25 -3.72216e-13 -8.14904e-14 1.92795e-13 0.983684 0.237516 1.06527 0.0638937 0.983684 0.714667 1
0.244 1.83352e-25 -3.73146e-13 -8.18234e-14 1.93439e-13 0.984526 0.237536 1.0619 0.0632416 0.984526 0.714127 1
0.243 1.84854e-25 -3.74784e-13 -8.24896e-14 1.93874e-13 0.985369 0.237556 1.05853 0.0625898 0.985369 0.713586 1
0.242 1.85912e-25 -3.7572e-13 -8.26006e-14 1.9474e-13 0.986211 0.237575 1.05515 0.0619383 0.986211 0.713044 1
0.241 1.87145e-25 -3.76983e-13 -8.29337e-14 1.95321e-13 0.987054 0.237593 1.05178 0.061287 0.987054 0.712501 1
0.24 1.88456e-25 -3.78364e-13 -8.31557e-14 1.95914e-13 0.987898 0.237611 1.04841 0.060636 0.987898 0.711956 1
0.239 1.89729e-25 -3.79606e-13 -8.34888e-14 1.96615e-13 0.988741 0.237628 1.04504 0.0599853 0.988741 0.71141 1
0.238 1.91062e-25 -3.80883e-13 -8.39329e-14 1.97347e-13 0.989584 0.237645 1.04166 0.0593349 0.989584 0.710863 1
0.237 1.92276e-25 -3.82083e-13 -8.4488e-14 1.97864e-13 0.990428 0.23766 1.03829 0.0586847 0.990428 0.710315 1
0.236 1.93848e-25 -3.83645e-13 -8.43769e-14 1.98859e-13 0.991272 0.237675 1.03491 0.0580348 0.991272 0.709765 1
0.235 1.951e-25 -3.84956e-13 -8.50431e-14 1.99189e-13 0.992116 0.237689 1.03154 0.0573852 0.992116 0.709215 1
0.234 1.96436e-25 -3.86288e-13 -8.50431e-14 1.99962e-13 0.99296 0.237703 1.02816 0.0567359 0.99296 0.708663 1
0.233 1.97946e-25 -3.87738e-13 -8.52651e-14 2.00836e-13 0.993804 0.237715 1.02478 0.0560868 0.993804 0.70811 1
0.232 1.99245e-25 -3.88967e-13 -8.57092e-14 2.01503e-13 0.994649 0.237727 1.0214 0.055438 0.994649 0.707555 1
0.231 2.00708e-25 -3.90507e-13 -8.59313e-14 2.02059e-13 0.995493 0.237739 1.01803 0.0547895 0.995493 0.706999 1
0.23 2.02238e-25 -3.92054e-13 -8.62643e-14 2.02705e-13 0.996338 0.237749 1.01465 0.0541413 0.996338 0.706443 1
0.229 2.0371e-25 -3.93449e-13 -8.65974e-14 2.03491e-13 0.997183 0.237759 1.01127 0.0534934 0.997183 0.705884 1
0.228 2.05169e-25 -3.94899e-13 -8.69305e-14 2.04124e-13 0.998029 0.237768 1.00789 0.0528457 0.998029 0.705325 1
0.227 2.06691e-25 -3.96357e-13 -8.69305e-14 2.05025e-13 0.998874 0.237777 1.0045 0.0521983 0.998874 0.704764 1
0.226 2.08157e-25 -3.97855e-13 -8.77076e-14 2.05368e-13 0.99972 0.237784 1.00112 0.0515513 0.99972 0.704202 1
0.225 2.09495e-25 -3.99153e-13 -8.80407e-14 2.05964e-13 1.00057 0.237791 0.997739 0.0509045 1.00057 0.703639 1
0.224 2.11065e-25 -4.00673e-13 -8.79297e-14 2.0687e-13 1.00141 0.237798 0.994355 0.0502579 1.00141 0.703074 1
0.223 2.12694e-25 -4.02331e-13 -8.82627e-14 2.07446e-13 1.00226 0.237803 0.990971 0.0496117 1.00226 0.702508 1
0.222 2.14311e-25 -4.0383e-13 -8.88178e-14 2.08193e-13 1.0031 0.237808 0.987586 0.0489658 1.0031 0.701941 1
0.221 2.15929e-25 -4.0544e-13 -8.91509e-14 2.08806e-13 1.00395 0.237812 0.9842 0.0483201 1.00395 0.701372 1
0.22 2.17475e-25 -4.06938e-13 -8.91509e-14 2.0959e-13 1.0048 0.237815 0.980813 0.0476748 1.0048 0.700802 1
0.219 2.19269e-25 -4.08687e-13 -8.9373e-14 2.10372e-13 1.00564 0.237817 0.977426 0.0470297 1.00564 0.700231 1
0.218 2.21049e-25 -4.10408e-13 -8.9595e-14 2.11156e-13 1.00649 0.237819 0.974038 0.0463849 1.00649 0.699659 1
0.217 2.22641e-25 -4.11858e-13 -8.99281e-14 2.11961e-13 1.00734 0.23782 0.970649 0.0457404 1.00734 0.699085 1
0.216 2.24342e-25 -4.13558e-13 -9.02611e-14 2.12519e-13 1.00819 0.23782 0.967259 0.0450962 1.00819 0.69851 1
0.215 2.2629e-25 -4.15411e-13 -9.04832e-14 2.13394e-13 1.00903 0.237819 0.963869 0.0444523 1.00903 0.697933 1
0.214 2.27988e-25 -4.1709e-13 -9.07052e-14 2.14001e-13 1.00988 0.237818 0.960478 0.0438087 1.00988 0.697355 1
0.213 2.29636e-25 -4.18693e-13 -9.10383e-14 2.14578e-13 1.01073 0.237816 0.957086 0.0431654 1.01073 0.696776 1
0.212 2.314e-25 -4.20323e-13 -9.12603e-14 2.15406e-13 1.01158 0.237813 0.953694 0.0425224 1.01158 0.696195 1
0.211 2.33405e-25 -4.22308e-13 -9.13714e-14 2.16129e-13 1.01242 0.237809 0.950301 0.0418797 1.01242 0.695613 1
0.21 2.35229e-25 -4.24008e-13 -9.17044e-14 2.16879e-13 1.01327 0.237804 0.946907 0.0412373 1.01327 0.69503 1
0.209 2.37182e-25 -4.25895e-13 -9.18154e-14 2.17635e-13 1.01412 0.237799 0.943512 0.0405952 1.01412 0.694445 1
0.208 2.39022e-25 -4.2763e-13 -9.21485e-14 2.18319e-13 1.01497 0.237793 0.940116 0.0399534 1.01497 0.693859 1
0.207 2.40855e-25 -4.29407e-13 -9.25926e-14 2.18841e-13 1.01582 0.237786 0.93672 0.0393119 1.01582 0.693271 1
0.206 2.42858e-25 -4.31273e-13 -9.30367e-14 2.19557e-13 1.01667 0.237778 0.933323 0.0386707 1.01667 0.692682 1
0.205 2.44946e-25 -4.3323e-13 -9.31477e-14 2.20411e-13 1.01752 0.237769 0.929925 0.0380299 1.01752 0.692092 1
0.204 2.46875e-25 -4.35013e-13 -9.34808e-14 2.21133e-13 1.01837 0.23776 0.926527 0.0373893 1.01837 0.6915 1
0.203 2.49137e-25 -4.37199e-13 -9.33698e-14 2.21982e-13 1.01922 0.23775 0.923127 0.036749 1.01922 0.690907 1
0.202 2.51107e-25 -4.39017e-13 -9.38138e-14 2.22643e-13 1.02007 0.237739 0.919727 0.0361091 1.02007 0.690312 1
0.201 2.53252e-25 -4.4105e-13 -9.40359e-14 2.23347e-13 1.02092 0.237727 0.916326 0.0354694 1.02092 0.689716 1
0.2 2.55344e-25 -4.42937e-13 -9.4369e-14 2.24153e-13 1.02177 0.237714 0.912925 0.0348301 1.02177 0.689118 1
0.199 2.57575e-25 -4.45054e-13 -9.448e-14 2.2489e-13 1.02262 0.237701 0.909522 0.0341911 1.02262 0.688519 1
0.198 2.59732e-25 -4.47059e-13 -9.4591e-14 2.25661e-13 1.02347 0.237687 0.906119 0.0335523 1.02347 0.687919 1
0.197 2.61968e-25 -4.49106e-13 -9.4813e-14 2.26456e-13 1.02432 0.237671 0.902715 0.0329139 1.02432 0.687317 1
0.196 2.64176e-25 -4.51167e-13 -9.51461e-14 2.27094e-13 1.02517 0.237655 0.89931 0.0322759 1.02517 0.686713 1
0.195 2.66643e-25 -4.53436e-13 -9.53682e-14 2.27912e-13 1.02602 0.237639 0.895905 0.0316381 1.02602 0.686108 1
0.194 2.68817e-25 -4.55417e-13 -9.58122e-14 2.28545e-13 1.02688 0.237621 0.892498 0.0310007 1.02688 0.685502 1
0.193 2.71134e-25 -4.57578e-13 -9.59233e-14 2.29247e-13 1.02773 0.237602 0.889091 0.0303635 1.02773 0.684894 1
0.192 2.73557e-25 -4.59802e-13 -9.58122e-14 2.30127e-13 1.02858 0.237583 0.885683 0.0297267 1.02858 0.684284 1
0.191 2.75982e-25 -4.6196e-13 -9.61453e-14 2.30935e-13 1.02943 0.237563 0.882274 0.0290903 1.02943 0.683673 1
0.19 2.78387e-25 -4.64209e-13 -9.67004e-14 2.314e-13 1.03028 0.237542 0.878865 0.0284541 1.03028 0.683061 1
0.189 2.80859e-25 -4.66439e-13 -9.67004e-14 2.32255e-13 1.03114 0.23752 0.875454 0.0278183 1.03114 0.682447 1
0.188 2.83556e-25 -4.6883e-13 -9.67004e-14 2.33246e-13 1.03199 0.237497 0.872043 0.0271828 1.03199 0.681831 1
0.187 2.86142e-25 -4.7112e-13 -9.71445e-14 2.33989e-13 1.03284 0.237473 0.868631 0.0265476 1.03284 0.681214 1
0.186 2.88769e-25 -4.73555e-13 -9.70335e-14 2.34731e-13 1.0337 0.237448 0.865218 0.0259128 1.0337 0.680596 1
0.185 2.91401e-25 -4.75883e-13 -9.73666e-14 2.35491e-13 1.03455 0.237423 0.861804 0.0252782 1.03455 0.679975 1
0.184 2.94181e-25 -4.78381e-13 -9.74776e-14 2.36285e-13 1.0354 0.237396 0.85839 0.0246441 1.0354 0.679354 1
0.183 2.96883e-25 -4.80744e-13 -9.75886e-14 2.37161e-13 1.03626 0.237369 0.854974 0.0240102 1.03626 0.67873 1
0.182 2.99544e-25 -4.83079e-13 -9.82547e-14 2.37749e-13 1.03711 0.237341 0.851558 0.0233767 1.03711 0.678105 1
0.181 3.02525e-25 -4.85674e-13 -9.82547e-14 2.38728e-13 1.03796 0.237312 0.848141 0.0227435 1.03796 0.677479 1
0.18 3.05395e-25 -4.88238e-13 -9.82547e-14 2.39509e-13 1.03882 0.237282 0.844723 0.0221107 1.03882 0.67685 1
0.179 3.08307e-25 -4.90791e-13 -9.83658e-14 2.40323e-13 1.03967 0.237251 0.841305 0.0214782 1.03967 0.676221 1
0.178 3.1125e-25 -4.93348e-13 -9.86988e-14 2.41073e-13 1.04053 0.237219 0.837885 0.020846 1.04053 0.675589 1
0.177 3.14248e-25 -4.9594e-13 -9.89209e-14 2.41881e-13 1.04138 0.237186 0.834465 0.0202142 1.04138 0.674956 1
0.176 3.17307e-25 -4.98573e-13 -9.90319e-14 2.42743e-13 1.04224 0.237153 0.831043 0.0195827 1.04224 0.674322 1
0.175 3.20157e-25 -5.01051e-13 -9.91429e-14 2.43467e-13 1.04309 0.237118 0.827621 0.0189515 1.04309 0.673685 1
0.174 3.23431e-25 -5.03892e-13 -9.9365e-14 2.44235e-13 1.04395 0.237083 0.824198 0.0183207 1.04395 0.673047 1
0.173 3.26748e-25 -5.06765e-13 -9.9365e-14 2.45079e-13 1.04481 0.237046 0.820774 0.0176903 1.04481 0.672408 1
0.172 3.29983e-25 -5.09516e-13 -9.9698e-14 2.45839e-13 1.04566 0.237009 0.817349 0.0170602 1.04566 0.671766 1
0.171 3.33324e-25 -5.12344e-13 -1.00031e-13 2.46621e-13 1.04652 0.23697 0.813924 0.0164305 1.04652 0.671124 1
0.17 3.3656e-25 -5.15143e-13 -1.00031e-13 2.47347e-13 1.04738 0.236931 0.810497 0.0158011 1.04738 0.670479 1
0.169 3.40163e-25 -5.18167e-13 -9.99201e-14 2.48359e-13 1.04823 0.236891 0.80707 0.015172 1.04823 0.669832 1
0.168 3.43391e-25 -5.20842e-13 -1.00364e-13 2.49081e-13 1.04909 0.23685 0.803642 0.0145433 1.04909 0.669184 1
0.167 3.4693e-25 -5.23855e-13 -1.00586e-13 2.49776e-13 1.04995 0.236808 0.800213 0.013915 1.04995 0.668535 1
0.166 3.50552e-25 -5.26895e-13 -1.00475e-13 2.50677e-13 1.0508 0.236764 0.796782 0.013287 1.0508 0.667883 1
0.165 3.54089e-25 -5.2988e-13 -1.00697e-13 2.51348e-13 1.05166 0.23672 0.793352 0.0126594 1.05166 0.66723 1
0.164 3.57963e-25 -5.32973e-13 -1.00586e-13 2.52558e-13 1.05252 0.236675 0.78992 0.0120321 1.05252 0.666575 1
0.163 3.6167e-25 -5.36116e-13 -1.00586e-13 2.53242e-13 1.05338 0.236629 0.786487 0.0114052 1.05338 0.665918 1
0.162 3.65551e-25 -5.39327e-13 -1.00919e-13 2.53954e-13 1.05424 0.236582 0.783053 0.0107787 1.05424 0.66526 1
0.161 3.69585e-25 -5.42491e-13 -1.0103e-13 2.55109e-13 1.0551 0.236534 0.779619 0.0101525 1.0551 0.664599 1
0.16 3.73656e-25 -5.45845e-13 -1.00919e-13 2.55978e-13 1.05595 0.236485 0.776183 0.00952672 1.05595 0.663937 1
0.159 3.77548e-25 -5.49033e-13 -1.01141e-13 2.56673e-13 1.05681 0.236435 0.772747 0.00890129 1.05681 0.663273 1
0.158 3.81757e-25 -5.52423e-13 -1.01474e-13 2.57467e-13 1.05767 0.236384 0.769309 0.00827622 1.05767 0.662608 1
0.157 3.85813e-25 -5.55678e-13 -1.01363e-13 2.58381e-13 1.05853 0.236331 0.765871 0.00765153 1.05853 0.66194 1
0.156 3.9001e-25 -5.59065e-13 -1.01696e-13 2.59063e-13 1.05939 0.236278 0.762432 0.00702721 1.05939 0.661271 1
0.155 3.94496e-25 -5.62621e-13 -1.01585e-13 2.60066e-13 1.06025 0.236224 0.758992 0.00640327 1.06025 0.6606 1
0.154 3.98683e-25 -5.65972e-13 -1.01696e-13 2.60801e-13 1.06111 0.236169 0.755551 0.00577971 1.06111 0.659927 1
0.153 4.03278e-25 -5.6952e-13 -1.01696e-13 2.61883e-13 1.06197 0.236113 0.752109 0.00515652 1.06197 0.659252 1
0.152 4.08134e-25 -5.73272e-13 -1.01918e-13 2.62878e-13 1.06283 0.236055 0.748666 0.00453371 1.06283 0.658575 1
0.151 4.12448e-25 -5.76801e-13 -1.02029e-13 2.63322e-13 1.06369 0.235997 0.745222 0.00391129 1.06369 0.657896 1
0.15 4.17136e-25 -5.80409e-13 -1.01807e-13 2.64379e-13 1.06456 0.235938 0.741777 0.00328925 1.06456 0.657216 1
0.149 4.22121e-25 -5.84234e-13 -1.02029e-13 2.65295e-13 1.06542 0.235877 0.738331 0.00266759 1.06542 0.656533 1
0.148 4.26955e-25 -5.88e-13 -1.01807e-13 2.6617e-13 1.06628 0.235816 0.734884 0.00204632 1.06628 0.655849 1
0.147 4.31823e-25 -5.91699e-13 -1.02141e-13 2.66989e-13 1.06714 0.235753 0.731436 0.00142544 1.06714 0.655163 1
0.146 4.36939e-25 -5.95594e-13 -1.02252e-13 2.67865e-13 1.068 0.23569 0.727988 0.000804956 1.068 0.654475 1
0.145 4.42302e-25 -5.99689e-13 -1.02252e-13 2.68736e-13 1.06887 0.235625 0.724538 0.000184862 1.06887 0.653784 1
0.144 0 0 0 0 0 0 0 1e-50 0 0 0
