0.54 4.33734e-24 -1.69581e-12 1.14864e-12 -3.77097e-13 0.742315 0.198974 2.03074 0.267704 0.742315 0.790192 1
0.539 3.74732e-25 -5.7615e-13 2.06279e-13 1.52094e-14 0.743135 0.199084 2.02746 0.267015 0.743135 0.789754 1
0.538 3.7309e-25 -5.75096e-13 2.05169e-13 1.61536e-14 0.743955 0.199193 2.02418 0.266327 0.743955 0.789315 1
0.537 3.71987e-25 -5.74596e-13 2.03837e-13 1.66339e-14 0.744775 0.199302 2.0209 0.265639 0.744775 0.788876 1
0.536 3.7051e-25 -5.73763e-13 2.02505e-13 1.72461e-14 0.745595 0.199411 2.01762 0.264952 0.745595 0.788436 1
0.535 3.70012e-25 -5.73708e-13 2.01394e-13 1.76415e-14 0.746415 0.199519 2.01434 0.264264 0.746415 0.787995 1
0.534 3.68698e-25 -5.72931e-13 2.00284e-13 1.8301e-14 0.747236 0.199626 2.01106 0.263577 0.747236 0.787553 1
0.533 3.67338e-25 -5.72264e-13 1.9873e-13 1.89121e-14 0.748056 0.199734 2.00777 0.26289 0.748056 0.78711 1
0.532 3.66244e-25 -5.71598e-13 1.97842e-13 1.94385e-14 0.748877 0.19984 2.00449 0.262203 0.748877 0.786667 1
0.531 3.64965e-25 -5.70988e-13 1.96287e-13 2.02354e-14 0.749698 0.199947 2.00121 0.261517 0.749698 0.786223 1
0.53 3.6388e-25 -5.70322e-13 1.95399e-13 2.07916e-14 0.750519 0.200052 1.99792 0.260831 0.750519 0.785777 1
0.529 3.62532e-25 -5.69655e-13 1.93845e-13 2.11788e-14 0.75134 0.200158 1.99464 0.260145 0.75134 0.785331 1
0.528 3.61903e-25 -5.69378e-13 1.92957e-13 2.19007e-14 0.752162 0.200263 1.99135 0.259459 0.752162 0.784884 1
0.527 3.60443e-25 -5.68601e-13 1.91402e-13 2.24e-14 0.752983 0.200367 1.98807 0.258773 0.752983 0.784437 1
0.526 3.59258e-25 -5.67824e-13 1.90514e-13 2.32206e-14 0.753805 0.200471 1.98478 0.258088 0.753805 0.783988 1
0.525 3.584e-25 -5.6749e-13 1.89182e-13 2.3769e-14 0.754627 0.200575 1.98149 0.257403 0.754627 0.783538 1
0.524 3.57658e-25 -5.67102e-13 1.88294e-13 2.44723e-14 0.755449 0.200678 1.97821 0.256718 0.755449 0.783088 1
0.523 3.56723e-25 -5.66769e-13 1.8674e-13 2.49913e-14 0.756271 0.200781 1.97492 0.256033 0.756271 0.782637 1
0.522 3.55763e-25 -5.66269e-13 1.85629e-13 2.53765e-14 0.757093 0.200883 1.97163 0.255349 0.757093 0.782185 1
0.521 3.54782e-25 -5.65659e-13 1.84741e-13 2.61397e-14 0.757915 0.200985 1.96834 0.254664 0.757915 0.781732 1
0.52 3.54142e-25 -5.65437e-13 1.83631e-13 2.6513e-14 0.758738 0.201087 1.96505 0.25398 0.758738 0.781278 1
0.519 3.53216e-25 -5.64937e-13 1.82521e-13 2.73567e-14 0.75956 0.201188 1.96176 0.253297 0.75956 0.780823 1
0.518 3.52351e-25 -5.64493e-13 1.8141e-13 2.80847e-14 0.760383 0.201288 1.95847 0.252613 0.760383 0.780367 1
0.517 3.51318e-25 -5.63993e-13 1.80078e-13 2.83013e-14 0.761206 0.201388 1.95518 0.25193 0.761206 0.779911 1
0.516 3.51056e-25 -5.63938e-13 1.79412e-13 2.90088e-14 0.762029 0.201488 1.95188 0.251247 0.762029 0.779453 1
0.515 3.49913e-25 -5.63383e-13 1.77858e-13 2.96561e-14 0.762853 0.201587 1.94859 0.250564 0.762853 0.778995 1
0.514 3.49359e-25 -5.63133e-13 1.7697e-13 3.03628e-14 0.763676 0.201685 1.9453 0.249882 0.763676 0.778536 1
0.513 3.48413e-25 -5.62606e-13 1.75859e-13 3.10138e-14 0.7645 0.201783 1.942 0.249199 0.7645 0.778076 1
0.512 3.47499e-25 -5.62106e-13 1.74749e-13 3.16068e-14 0.765323 0.201881 1.93871 0.248517 0.765323 0.777615 1
0.511 3.46871e-25 -5.61856e-13 1.73639e-13 3.22239e-14 0.766147 0.201978 1.93541 0.247835 0.766147 0.777153 1
0.51 3.46027e-25 -5.61412e-13 1.72529e-13 3.28278e-14 0.766971 0.202075 1.93212 0.247154 0.766971 0.77669 1
0.509 3.45206e-25 -5.60996e-13 1.71418e-13 3.32565e-14 0.767795 0.202171 1.92882 0.246472 0.767795 0.776226 1
0.508 3.44984e-25 -5.61023e-13 1.7053e-13 3.4007e-14 0.768619 0.202267 1.92552 0.245791 0.768619 0.775761 1
0.507 3.44355e-25 -5.6069e-13 1.69642e-13 3.46797e-14 0.769444 0.202362 1.92222 0.24511 0.769444 0.775296 1
0.506 3.4386e-25 -5.60552e-13 1.68532e-13 3.52025e-14 0.770269 0.202457 1.91893 0.24443 0.770269 0.774829 1
0.505 3.43149e-25 -5.60219e-13 1.67422e-13 3.5697e-14 0.771093 0.202552 1.91563 0.243749 0.771093 0.774362 1
0.504 3.42504e-25 -5.59941e-13 1.66311e-13 3.61962e-14 0.771918 0.202646 1.91233 0.243069 0.771918 0.773894 1
0.503 3.4212e-25 -5.59885e-13 1.65201e-13 3.68407e-14 0.772743 0.202739 1.90903 0.242389 0.772743 0.773424 1
0.502 3.41776e-25 -5.59774e-13 1.64313e-13 3.78142e-14 0.773568 0.202832 1.90573 0.241709 0.773568 0.772954 1
0.501 3.41009e-25 -5.59386e-13 1.63203e-13 3.82226e-14 0.774394 0.202924 1.90242 0.24103 0.774394 0.772483 1
0.5 3.40468e-25 -5.59136e-13 1.62315e-13 3.85909e-14 0.775219 0.203016 1.89912 0.240351 0.775219 0.772011 1
0.499 3.40155e-25 -5.59108e-13 1.61204e-13 3.95792e-14 0.776045 0.203108 1.89582 0.239672 0.776045 0.771538 1
0.498 3.39924e-25 -5.59053e-13 1.60538e-13 4.01475e-14 0.776871 0.203199 1.89252 0.238993 0.776871 0.771064 1
0.497 3.39518e-25 -5.5897e-13 1.59428e-13 4.06687e-14 0.777697 0.203289 1.88921 0.238315 0.777697 0.770589 1
0.496 3.39077e-25 -5.58859e-13 1.58318e-13 4.1111e-14 0.778523 0.203379 1.88591 0.237637 0.778523 0.770113 1
0.495 3.38533e-25 -5.58636e-13 1.57208e-13 4.17627e-14 0.779349 0.203469 1.8826 0.236959 0.779349 0.769636 1
0.494 3.3831e-25 -5.58581e-13 1.56541e-13 4.23297e-14 0.780176 0.203558 1.8793 0.236281 0.780176 0.769158 1
0.493 3.38132e-25 -5.58692e-13 1.55431e-13 4.2856e-14 0.781002 0.203646 1.87599 0.235603 0.781002 0.768679 1
0.492 3.37576e-25 -5.58387e-13 1.54543e-13 4.35493e-14 0.781829 0.203734 1.87268 0.234926 0.781829 0.7682 1
0.491 3.37027e-25 -5.58137e-13 1.53433e-13 4.43703e-14 0.782656 0.203822 1.86938 0.234249 0.782656 0.767719 1
0.49 3.36777e-25 -5.58192e-13 1.52323e-13 4.46785e-14 0.783483 0.203909 1.86607 0.233572 0.783483 0.767237 1
0.489 3.36935e-25 -5.58525e-13 1.51434e-13 4.53016e-14 0.78431 0.203995 1.86276 0.232896 0.78431 0.766754 1
0.488 3.36722e-25 -5.58525e-13 1.50546e-13 4.59001e-14 0.785137 0.204081 1.85945 0.23222 0.785137 0.766271 1
0.487 3.36357e-25 -5.58387e-13 1.49658e-13 4.65151e-14 0.785965 0.204167 1.85614 0.231544 0.785965 0.765786 1
0.486 3.36128e-25 -5.58359e-13 1.4877e-13 4.72295e-14 0.786793 0.204252 1.85283 0.230868 0.786793 0.7653 1
0.485 3.36223e-25 -5.58692e-13 1.4766e-13 4.77772e-14 0.78762 0.204336 1.84952 0.230193 0.78762 0.764814 1
0.484 3.3564e-25 -5.58359e-13 1.46771e-13 4.83034e-14 0.788448 0.20442 1.84621 0.229517 0.788448 0.764326 1
0.483 3.35746e-25 -5.58581e-13 1.46105e-13 4.88534e-14 0.789277 0.204503 1.84289 0.228842 0.789277 0.763838 1
0.482 3.35756e-25 -5.58747e-13 1.45217e-13 4.96881e-14 0.790105 0.204586 1.83958 0.228168 0.790105 0.763348 1
0.481 3.35542e-25 -5.58803e-13 1.44107e-13 5.01395e-14 0.790933 0.204669 1.83627 0.227493 0.790933 0.762857 1
0.48 3.35425e-25 -5.58803e-13 1.43441e-13 5.08776e-14 0.791762 0.20475 1.83295 0.226819 0.791762 0.762366 1
0.479 3.35712e-25 -5.59247e-13 1.42553e-13 5.1313e-14 0.792591 0.204832 1.82964 0.226145 0.792591 0.761873 1
0.478 3.35522e-25 -5.5933e-13 1.41442e-13 5.16276e-14 0.79342 0.204913 1.82632 0.225472 0.79342 0.761379 1
0.477 3.35437e-25 -5.59414e-13 1.40554e-13 5.23274e-14 0.794249 0.204993 1.823 0.224798 0.794249 0.760885 1
0.476 3.35357e-25 -5.59441e-13 1.39888e-13 5.30393e-14 0.795078 0.205073 1.81969 0.224125 0.795078 0.760389 1
0.475 3.35437e-25 -5.59663e-13 1.39e-13 5.3787e-14 0.795908 0.205152 1.81637 0.223452 0.795908 0.759892 1
0.474 3.35571e-25 -5.59885e-13 1.38334e-13 5.44375e-14 0.796737 0.20523 1.81305 0.222779 0.796737 0.759394 1
0.473 3.35345e-25 -5.59913e-13 1.37224e-13 5.48789e-14 0.797567 0.205309 1.80973 0.222107 0.797567 0.758895 1
0.472 3.35393e-25 -5.60135e-13 1.36335e-13 5.52659e-14 0.798397 0.205386 1.80641 0.221435 0.798397 0.758396 1
0.471 3.35714e-25 -5.60552e-13 1.35447e-13 5.6128e-14 0.799227 0.205463 1.80309 0.220763 0.799227 0.757895 1
0.47 3.35504e-25 -5.60579e-13 1.34337e-13 5.66435e-14 0.800057 0.20554 1.79977 0.220092 0.800057 0.757393 1
0.469 3.36138e-25 -5.6119e-13 1.33893e-13 5.72433e-14 0.800888 0.205616 1.79645 0.21942 0.800888 0.75689 1
0.468 3.36871e-25 -5.61856e-13 1.33449e-13 5.81391e-14 0.801718 0.205691 1.79313 0.218749 0.801718 0.756386 1
0.467 3.36564e-25 -5.61828e-13 1.32339e-13 5.83005e-14 0.802549 0.205766 1.7898 0.218078 0.802549 0.755881 1
0.466 3.36537e-25 -5.61939e-13 1.3145e-13 5.90072e-14 0.80338 0.20584 1.78648 0.217408 0.80338 0.755374 1
0.465 3.37048e-25 -5.62467e-13 1.30784e-13 5.97849e-14 0.804211 0.205914 1.78316 0.216738 0.804211 0.754867 1
0.464 3.36966e-25 -5.62522e-13 1.29896e-13 6.05108e-14 0.805042 0.205987 1.77983 0.216068 0.805042 0.754359 1
0.463 3.3756e-25 -5.63216e-13 1.29008e-13 6.0868e-14 0.805874 0.20606 1.77651 0.215398 0.805874 0.753849 1
0.462 3.37594e-25 -5.63355e-13 1.2812e-13 6.17267e-14 0.806705 0.206132 1.77318 0.214728 0.806705 0.753339 1
0.461 3.38316e-25 -5.64104e-13 1.27454e-13 6.21102e-14 0.807537 0.206203 1.76985 0.214059 0.807537 0.752827 1
0.46 3.38455e-25 -5.64326e-13 1.26565e-13 6.30267e-14 0.808369 0.206274 1.76652 0.21339 0.808369 0.752314 1
0.459 3.38879e-25 -5.64798e-13 1.25899e-13 6.3491e-14 0.809201 0.206345 1.7632 0.212722 0.809201 0.751801 1
0.458 3.39529e-25 -5.65409e-13 1.25455e-13 6.40556e-14 0.810033 0.206415 1.75987 0.212053 0.810033 0.751286 1
0.457 3.39605e-25 -5.65631e-13 1.24345e-13 6.48453e-14 0.810866 0.206484 1.75654 0.211385 0.810866 0.75077 1
0.456 3.40255e-25 -5.66297e-13 1.23679e-13 6.53183e-14 0.811698 0.206553 1.75321 0.210717 0.811698 0.750253 1
0.455 3.40714e-25 -5.66769e-13 1.23013e-13 6.59919e-14 0.812531 0.206621 1.74988 0.21005 0.812531 0.749735 1
0.454 3.41049e-25 -5.67185e-13 1.22125e-13 6.66019e-14 0.813364 0.206688 1.74654 0.209382 0.813364 0.749215 1
0.453 3.41511e-25 -5.67713e-13 1.21236e-13 6.71938e-14 0.814197 0.206755 1.74321 0.208715 0.814197 0.748695 1
0.452 3.41968e-25 -5.6824e-13 1.20348e-13 6.77357e-14 0.81503 0.206822 1.73988 0.208049 0.81503 0.748173 1
0.451 3.42678e-25 -5.68934e-13 1.19682e-13 6.83272e-14 0.815864 0.206887 1.73654 0.207382 0.815864 0.747651 1
0.45 3.43384e-25 -5.69572e-13 1.19238e-13 6.89477e-14 0.816697 0.206953 1.73321 0.206716 0.816697 0.747127 1
0.449 3.43804e-25 -5.70044e-13 1.1835e-13 6.96199e-14 0.817531 0.207017 1.72987 0.20605 0.817531 0.746602 1
0.448 3.44201e-25 -5.70488e-13 1.17462e-13 7.03365e-14 0.818365 0.207081 1.72654 0.205384 0.818365 0.746076 1
0.447 3.45198e-25 -5.71376e-13 1.17018e-13 7.09532e-14 0.819199 0.207145 1.7232 0.204719 0.819199 0.745549 1
0.446 3.45539e-25 -5.71765e-13 1.16129e-13 7.16761e-14 0.820034 0.207207 1.71986 0.204054 0.820034 0.74502 1
0.445 3.4634e-25 -5.72487e-13 1.15685e-13 7.22196e-14 0.820868 0.20727 1.71653 0.203389 0.820868 0.744491 1
0.444 3.47224e-25 -5.73375e-13 1.14797e-13 7.27134e-14 0.821703 0.207331 1.71319 0.202725 0.821703 0.74396 1
0.443 3.47727e-25 -5.73847e-13 1.14131e-13 7.34919e-14 0.822538 0.207392 1.70985 0.202061 0.822538 0.743428 1
0.442 3.48581e-25 -5.74596e-13 1.13687e-13 7.41319e-14 0.823373 0.207453 1.70651 0.201397 0.823373 0.742895 1
0.441 3.49538e-25 -5.7554e-13 1.12799e-13 7.46239e-14 0.824208 0.207513 1.70317 0.200733 0.824208 0.742361 1
0.44 3.49896e-25 -5.75873e-13 1.12133e-13 7.54524e-14 0.825043 0.207572 1.69983 0.20007 0.825043 0.741825 1
0.439 3.51133e-25 -5.77011e-13 1.11466e-13 7.5943e-14 0.825879 0.207631 1.69648 0.199406 0.825879 0.741289 1
0.438 3.51957e-25 -5.7776e-13 1.108e-13 7.66378e-14 0.826715 0.207689 1.69314 0.198744 0.826715 0.740751 1
0.437 3.52857e-25 -5.78537e-13 1.10356e-13 7.72882e-14 0.827551 0.207746 1.6898 0.198081 0.827551 0.740212 1
0.436 3.53901e-25 -5.79536e-13 1.09468e-13 7.78177e-14 0.828387 0.207803 1.68645 0.197419 0.828387 0.739672 1
0.435 3.54851e-25 -5.80397e-13 1.08802e-13 7.84404e-14 0.829223 0.207859 1.68311 0.196757 0.829223 0.73913 1
0.434 3.55776e-25 -5.81257e-13 1.07914e-13 7.91895e-14 0.83006 0.207914 1.67976 0.196095 0.83006 0.738588 1
0.433 3.56406e-25 -5.81812e-13 1.0747e-13 7.96924e-14 0.830896 0.207969 1.67642 0.195434 0.830896 0.738044 1
0.432 3.5776e-25 -5.82978e-13 1.06803e-13 8.05603e-14 0.831733 0.208024 1.67307 0.194773 0.831733 0.737499 1
0.431 3.58816e-25 -5.8395e-13 1.06137e-13 8.0954e-14 0.83257 0.208077 1.66972 0.194112 0.83257 0.736953 1
0.43 3.60048e-25 -5.85032e-13 1.05471e-13 8.16143e-14 0.833407 0.20813 1.66637 0.193452 0.833407 0.736405 1
0.429 3.60556e-25 -5.85532e-13 1.04583e-13 8.22884e-14 0.834245 0.208182 1.66302 0.192791 0.834245 0.735857 1
0.428 3.61717e-25 -5.86531e-13 1.04139e-13 8.27899e-14 0.835082 0.208234 1.65967 0.192132 0.835082 0.735307 1
0.427 3.63688e-25 -5.88168e-13 1.03695e-13 8.36235e-14 0.83592 0.208285 1.65632 0.191472 0.83592 0.734755 1
0.426 3.64507e-25 -5.88862e-13 1.03029e-13 8.44559e-14 0.836758 0.208336 1.65297 0.190813 0.836758 0.734203 1
0.425 3.65401e-25 -5.89667e-13 1.02363e-13 8.49455e-14 0.837596 0.208386 1.64962 0.190154 0.837596 0.733649 1
0.424 3.66986e-25 -5.91027e-13 1.01918e-13 8.53532e-14 0.838434 0.208435 1.64626 0.189495 0.838434 0.733094 1
0.423 3.68326e-25 -5.92193e-13 1.0103e-13 8.61779e-14 0.839273 0.208483 1.64291 0.188837 0.839273 0.732538 1
0.422 3.69436e-25 -5.93109e-13 1.00586e-13 8.68335e-14 0.840112 0.208531 1.63955 0.188178 0.840112 0.731981 1
0.421 3.70597e-25 -5.94108e-13 9.99201e-14 8.74556e-14 0.84095 0.208578 1.6362 0.187521 0.84095 0.731422 1
0.42 3.72381e-25 -5.95579e-13 9.9476e-14 8.81526e-14 0.841789 0.208625 1.63284 0.186863 0.841789 0.730862 1
0.419 3.73444e-25 -5.96495e-13 9.88098e-14 8.87381e-14 0.842629 0.208671 1.62949 0.186206 0.842629 0.7303 1
0.418 3.74734e-25 -5.97522e-13 9.83658e-14 8.95874e-14 0.843468 0.208716 1.62613 0.185549 0.843468 0.729738 1
0.417 3.76254e-25 -5.98827e-13 9.76996e-14 9.00854e-14 0.844308 0.20876 1.62277 0.184893 0.844308 0.729174 1
0.416 3.77999e-25 -6.00242e-13 9.72555e-14 9.08271e-14 0.845148 0.208804 1.61941 0.184236 0.845148 0.728608 1
0.415 3.78996e-25 -6.0113e-13 9.63674e-14 9.13872e-14 0.845988 0.208847 1.61605 0.18358 0.845988 0.728042 1
0.414 3.80512e-25 -6.02407e-13 9.57012e-14 9.19736e-14 0.846828 0.20889 1.61269 0.182925 0.846828 0.727474 1
0.413 3.82361e-25 -6.03823e-13 9.54792e-14 9.29671e-14 0.847668 0.208932 1.60933 0.182269 0.847668 0.726905 1
0.412 3.83802e-25 -6.05044e-13 9.4813e-14 9.34571e-14 0.848509 0.208973 1.60596 0.181614 0.848509 0.726334 1
0.411 3.85752e-25 -6.06654e-13 9.41469e-14 9.41247e-14 0.84935 0.209013 1.6026 0.180959 0.84935 0.725762 1
0.41 3.87451e-25 -6.07986e-13 9.37028e-14 9.4997e-14 0.850191 0.209053 1.59924 0.180305 0.850191 0.725189 1
0.409 3.89045e-25 -6.0929e-13 9.32587e-14 9.54615e-14 0.851032 0.209092 1.59587 0.179651 0.851032 0.724615 1
0.408 3.91036e-25 -6.10872e-13 9.28146e-14 9.62075e-14 0.851873 0.20913 1.59251 0.178997 0.851873 0.724039 1
0.407 3.92732e-25 -6.12232e-13 9.23706e-14 9.68052e-14 0.852715 0.209168 1.58914 0.178344 0.852715 0.723461 1
0.406 3.94622e-25 -6.13759e-13 9.17044e-14 9.75292e-14 0.853557 0.209205 1.58577 0.177691 0.853557 0.722883 1
0.405 3.96357e-25 -6.15119e-13 9.12603e-14 9.82684e-14 0.854399 0.209241 1.58241 0.177038 0.854399 0.722303 1
0.404 3.98478e-25 -6.16812e-13 9.08162e-14 9.88612e-14 0.855241 0.209277 1.57904 0.176385 0.855241 0.721721 1
0.403 4.00177e-25 -6.182e-13 8.99281e-14 9.9593e-14 0.856083 0.209312 1.57567 0.175733 0.856083 0.721138 1
0.402 4.01897e-25 -6.19504e-13 8.9706e-14 1.0032e-13 0.856926 0.209346 1.5723 0.175081 0.856926 0.720554 1
0.401 4.04078e-25 -6.21253e-13 8.90399e-14 1.00966e-13 0.857768 0.209379 1.56893 0.17443 0.857768 0.719969 1
0.4 4.06298e-25 -6.23002e-13 8.85958e-14 1.01576e-13 0.858611 0.209412 1.56555 0.173778 0.858611 0.719382 1
0.399 4.08413e-25 -6.24639e-13 8.81517e-14 1.02313e-13 0.859455 0.209444 1.56218 0.173127 0.859455 0.718793 1
0.398 4.10638e-25 -6.26305e-13 8.79297e-14 1.03196e-13 0.860298 0.209475 1.55881 0.172477 0.860298 0.718204 1
0.397 4.12426e-25 -6.27776e-13 8.70415e-14 1.0367e-13 0.861142 0.209506 1.55543 0.171826 0.861142 0.717612 1
0.396 4.14926e-25 -6.29691e-13 8.68194e-14 1.04298e-13 0.861985 0.209535 1.55206 0.171177 0.861985 0.71702 1
0.395 4.1717e-25 -6.31439e-13 8.61533e-14 1.05035e-13 0.862829 0.209565 1.54868 0.170527 0.862829 0.716426 1
0.394 4.1956e-25 -6.33243e-13 8.59313e-14 1.05729e-13 0.863674 0.209593 1.54531 0.169878 0.863674 0.71583 1
0.393 4.21352e-25 -6.34631e-13 8.50431e-14 1.06598e-13 0.864518 0.20962 1.54193 0.169229 0.864518 0.715233 1
0.392 4.23909e-25 -6.36546e-13 8.4821e-14 1.07348e-13 0.865363 0.209647 1.53855 0.16858 0.865363 0.714635 1
0.391 4.26635e-25 -6.38656e-13 8.43769e-14 1.07861e-13 0.866207 0.209673 1.53517 0.167932 0.866207 0.714035 1
0.39 4.28835e-25 -6.40293e-13 8.39329e-14 1.08696e-13 0.867052 0.209699 1.53179 0.167284 0.867052 0.713433 1
0.389 4.30984e-25 -6.41931e-13 8.32667e-14 1.0943e-13 0.867898 0.209723 1.52841 0.166636 0.867898 0.71283 1
0.388 4.33965e-25 -6.44151e-13 8.30447e-14 1.10171e-13 0.868743 0.209747 1.52503 0.165989 0.868743 0.712226 1
0.387 4.36693e-25 -6.46178e-13 8.28226e-14 1.1085e-13 0.869589 0.20977 1.52165 0.165342 0.869589 0.71162 1
0.386 4.39554e-25 -6.4837e-13 8.21565e-14 1.11447e-13 0.870435 0.209792 1.51826 0.164695 0.870435 0.711013 1
0.385 4.41894e-25 -6.50091e-13 8.17124e-14 1.12245e-13 0.871281 0.209814 1.51488 0.164049 0.871281 0.710404 1
0.384 4.44698e-25 -6.52173e-13 8.12683e-14 1.12981e-13 0.872127 0.209835 1.51149 0.163403 0.872127 0.709794 1
0.383 4.47472e-25 -6.54199e-13 8.10463e-14 1.13699e-13 0.872974 0.209855 1.50811 0.162758 0.872974 0.709182 1
0.382 4.50399e-25 -6.56364e-13 8.06022e-14 1.14404e-13 0.87382 0.209874 1.50472 0.162112 0.87382 0.708568 1
0.381 4.53263e-25 -6.58446e-13 8.01581e-14 1.15268e-13 0.874667 0.209892 1.50133 0.161467 0.874667 0.707953 1
0.38 4.5627e-25 -6.60666e-13 7.9714e-14 1.15914e-13 0.875514 0.20991 1.49794 0.160823 0.875514 0.707337 1
0.379 4.59412e-25 -6.6297e-13 7.92699e-14 1.16617e-13 0.876362 0.209927 1.49455 0.160179 0.876362 0.706719 1
0.378 4.62205e-25 -6.65051e-13 7.86038e-14 1.17188e-13 0.877209 0.209943 1.49116 0.159535 0.877209 0.706099 1
0.377 4.65508e-25 -6.67355e-13 7.86038e-14 1.18179e-13 0.878057 0.209958 1.48777 0.158891 0.878057 0.705478 1
0.376 4.68522e-25 -6.69576e-13 7.79377e-14 1.18813e-13 0.878905 0.209972 1.48438 0.158248 0.878905 0.704855 1
0.375 4.71697e-25 -6.71824e-13 7.77156e-14 1.19627e-13 0.879753 0.209986 1.48099 0.157605 0.879753 0.704231 1
0.374 4.75238e-25 -6.74377e-13 7.72715e-14 1.20341e-13 0.880602 0.209999 1.47759 0.156963 0.880602 0.703605 1
0.373 4.78408e-25 -6.76653e-13 7.68274e-14 1.21021e-13 0.881451 0.210011 1.4742 0.156321 0.881451 0.702977 1
0.372 4.81995e-25 -6.79179e-13 7.66054e-14 1.21829e-13 0.882299 0.210022 1.4708 0.155679 0.882299 0.702348 1
0.371 4.85616e-25 -6.81705e-13 7.63833e-14 1.22721e-13 0.883149 0.210032 1.46741 0.155038 0.883149 0.701717 1
0.37 4.8884e-25 -6.84008e-13 7.59393e-14 1.23312e-13 0.883998 0.210042 1.46401 0.154397 0.883998 0.701085 1
0.369 4.92618e-25 -6.8659e-13 7.57172e-14 1.24416e-13 0.884848 0.210051 1.46061 0.153756 0.884848 0.700451 1
0.368 4.96391e-25 -6.89254e-13 7.52731e-14 1.25115e-13 0.885697 0.210059 1.45721 0.153116 0.885697 0.699815 1
0.367 5.00276e-25 -6.91947e-13 7.50511e-14 1.25909e-13 0.886547 0.210066 1.45381 0.152476 0.886547 0.699178 1
0.366 5.03641e-25 -6.94333e-13 7.43849e-14 1.26525e-13 0.887398 0.210072 1.45041 0.151836 0.887398 0.698539 1
0.365 5.07693e-25 -6.97137e-13 7.41629e-14 1.27253e-13 0.888248 0.210077 1.44701 0.151197 0.888248 0.697898 1
0.364 5.11655e-25 -6.99857e-13 7.39409e-14 1.28017e-13 0.889099 0.210082 1.4436 0.150558 0.889099 0.697256 1
0.363 5.15829e-25 -7.02743e-13 7.34968e-14 1.28758e-13 0.88995 0.210085 1.4402 0.14992 0.88995 0.696612 1
0.362 5.19823e-25 -7.05436e-13 7.32747e-14 1.2967e-13 0.890801 0.210088 1.4368 0.149282 0.890801 0.695966 1
0.361 5.24344e-25 -7.08517e-13 7.30527e-14 1.30427e-13 0.891653 0.21009 1.43339 0.148644 0.891653 0.695319 1
0.36 5.28432e-25 -7.11292e-13 7.26086e-14 1.31238e-13 0.892504 0.210091 1.42998 0.148007 0.892504 0.69467 1
0.359 5.32524e-25 -7.1404e-13 7.23865e-14 1.32026e-13 0.893356 0.210091 1.42658 0.14737 0.893356 0.694019 1
0.358 5.37057e-25 -7.17093e-13 7.19425e-14 1.32887e-13 0.894208 0.210091 1.42317 0.146733 0.894208 0.693366 1
0.357 5.41769e-25 -7.20229e-13 7.17204e-14 1.3377e-13 0.895061 0.210089 1.41976 0.146097 0.895061 0.692712 1
0.356 5.46011e-25 -7.23033e-13 7.14984e-14 1.34619e-13 0.895913 0.210087 1.41635 0.145461 0.895913 0.692056 1
0.355 5.50566e-25 -7.26058e-13 7.10543e-14 1.35489e-13 0.896766 0.210083 1.41294 0.144826 0.896766 0.691398 1
0.354 5.55737e-25 -7.29444e-13 7.10543e-14 1.36379e-13 0.897619 0.210079 1.40952 0.144191 0.897619 0.690739 1
0.353 5.60398e-25 -7.32608e-13 7.03881e-14 1.36853e-13 0.898472 0.210074 1.40611 0.143556 0.898472 0.690077 1
0.352 5.65427e-25 -7.35884e-13 7.03881e-14 1.37652e-13 0.899326 0.210068 1.4027 0.142922 0.899326 0.689414 1
0.351 5.70764e-25 -7.39298e-13 7.03881e-14 1.38741e-13 0.90018 0.210061 1.39928 0.142288 0.90018 0.688749 1
0.35 5.75888e-25 -7.42628e-13 7.01661e-14 1.39529e-13 0.901034 0.210053 1.39586 0.141654 0.901034 0.688082 1
0.349 5.80733e-25 -7.45792e-13 6.9722e-14 1.40234e-13 0.901888 0.210044 1.39245 0.141021 0.901888 0.687414 1
0.348 5.86341e-25 -7.49345e-13 6.9722e-14 1.41285e-13 0.902743 0.210035 1.38903 0.140388 0.902743 0.686743 1
0.347 5.91476e-25 -7.52703e-13 6.90559e-14 1.41931e-13 0.903598 0.210024 1.38561 0.139756 0.903598 0.686071 1
0.346 5.96993e-25 -7.56228e-13 6.86118e-14 1.42842e-13 0.904453 0.210013 1.38219 0.139124 0.904453 0.685397 1
0.345 6.02719e-25 -7.59809e-13 6.88338e-14 1.43774e-13 0.905308 0.21 1.37877 0.138493 0.905308 0.684721 1
0.344 6.08174e-25 -7.63278e-13 6.83897e-14 1.44579e-13 0.906163 0.209987 1.37535 0.137861 0.906163 0.684043 1
0.343 6.13917e-25 -7.66942e-13 6.79456e-14 1.45259e-13 0.907019 0.209972 1.37192 0.137231 0.907019 0.683364 1
0.342 6.2017e-25 -7.70828e-13 6.79456e-14 1.4621e-13 0.907875 0.209957 1.3685 0.1366 0.907875 0.682682 1
0.341 6.26518e-25 -7.74769e-13 6.77236e-14 1.47188e-13 0.908731 0.209941 1.36507 0.13597 0.908731 0.681999 1
0.34 6.32547e-25 -7.78405e-13 6.79456e-14 1.48379e-13 0.909588 0.209924 1.36165 0.135341 0.909588 0.681313 1
0.339 6.39251e-25 -7.82596e-13 6.77236e-14 1.49022e-13 0.910445 0.209905 1.35822 0.134712 0.910445 0.680626 1
0.338 6.45264e-25 -7.86288e-13 6.72795e-14 1.49963e-13 0.911302 0.209886 1.35479 0.134083 0.911302 0.679937 1
0.337 6.52011e-25 -7.90451e-13 6.70575e-14 1.50668e-13 0.912159 0.209866 1.35136 0.133455 0.912159 0.679246 1
0.336 6.58716e-25 -7.94476e-13 6.70575e-14 1.51748e-13 0.913017 0.209845 1.34793 0.132827 0.913017 0.678552 1
0.335 6.65132e-25 -7.98417e-13 6.66134e-14 1.52397e-13 0.913875 0.209823 1.3445 0.132199 0.913875 0.677857 1
0.334 6.72345e-25 -8.02719e-13 6.66134e-14 1.5346e-13 0.914733 0.2098 1.34107 0.131572 0.914733 0.67716 1
0.333 6.79449e-25 -8.06966e-13 6.66134e-14 1.5433e-13 0.915591 0.209776 1.33764 0.130946 0.915591 0.676461 1
0.332 6.86642e-25 -8.1124e-13 6.61693e-14 1.55412e-13 0.91645 0.209751 1.3342 0.130319 0.91645 0.67576 1
0.331 6.93869e-25 -8.15542e-13 6.59472e-14 1.56239e-13 0.917309 0.209725 1.33077 0.129694 0.917309 0.675057 1
0.33 7.01623e-25 -8.20066e-13 6.61693e-14 1.57278e-13 0.918168 0.209698 1.32733 0.129068 0.918168 0.674352 1
0.329 7.09325e-25 -8.24618e-13 6.59472e-14 1.58054e-13 0.919027 0.209669 1.32389 0.128443 0.919027 0.673645 1
0.328 7.16901e-25 -8.29004e-13 6.57252e-14 1.59168e-13 0.919887 0.20964 1.32045 0.127819 0.919887 0.672936 1
0.327 7.24958e-25 -8.3375e-13 6.55032e-14 1.59777e-13 0.920747 0.20961 1.31701 0.127195 0.920747 0.672224 1
0.326 7.33283e-25 -8.38496e-13 6.55032e-14 1.60988e-13 0.921607 0.209579 1.31357 0.126571 0.921607 0.671511 1
0.325 7.41387e-25 -8.43159e-13 6.55032e-14 1.618e-13 0.922467 0.209547 1.31013 0.125948 0.922467 0.670796 1
0.324 7.50046e-25 -8.48044e-13 6.55032e-14 1.63024e-13 0.923328 0.209513 1.30669 0.125325 0.923328 0.670078 1
0.323 7.58565e-25 -8.52887e-13 6.52811e-14 1.63972e-13 0.924189 0.209479 1.30324 0.124703 0.924189 0.669359 1
0.322 7.67464e-25 -8.57911e-13 6.50591e-14 1.64984e-13 0.925051 0.209444 1.2998 0.124081 0.925051 0.668637 1
0.321 7.76487e-25 -8.6299e-13 6.50591e-14 1.65839e-13 0.925912 0.209407 1.29635 0.12346 0.925912 0.667913 1
0.32 7.85672e-25 -8.68097e-13 6.50591e-14 1.66874e-13 0.926774 0.20937 1.2929 0.122839 0.926774 0.667187 1
0.319 7.95073e-25 -8.73315e-13 6.50591e-14 1.67813e-13 0.927636 0.209331 1.28945 0.122218 0.927636 0.666459 1
0.318 8.04715e-25 -8.78631e-13 6.4837e-14 1.68879e-13 0.928499 0.209291 1.28601 0.121598 0.928499 0.665728 1
0.317 8.14435e-25 -8.83932e-13 6.50591e-14 1.69902e-13 0.929361 0.209251 1.28255 0.120978 0.929361 0.664996 1
0.316 8.24723e-25 -8.8958e-13 6.4837e-14 1.70781e-13 0.930224 0.209209 1.2791 0.120359 0.930224 0.664261 1
0.315 8.34756e-25 -8.94979e-13 6.4837e-14 1.71946e-13 0.931088 0.209166 1.27565 0.11974 0.931088 0.663524 1
0.314 8.45473e-25 -9.00696e-13 6.50591e-14 1.73165e-13 0.931951 0.209122 1.27219 0.119122 0.931951 0.662785 1
0.313 8.56162e-25 -9.06442e-13 6.4837e-14 1.7413e-13 0.932815 0.209077 1.26874 0.118504 0.932815 0.662043 1
0.312 8.66847e-25 -9.12118e-13 6.4837e-14 1.75171e-13 0.933679 0.20903 1.26528 0.117887 0.933679 0.6613 1
0.311 8.78306e-25 -9.18154e-13 6.50591e-14 1.76255e-13 0.934544 0.208983 1.26182 0.11727 0.934544 0.660554 1
0.31 8.8935e-25 -9.23983e-13 6.4837e-14 1.77205e-13 0.935409 0.208934 1.25837 0.116654 0.935409 0.659805 1
0.309 9.01006e-25 -9.30075e-13 6.4615e-14 1.78298e-13 0.936274 0.208884 1.25491 0.116038 0.936274 0.659055 1
0.308 9.13043e-25 -9.36265e-13 6.50591e-14 1.79494e-13 0.937139 0.208834 1.25144 0.115422 0.937139 0.658302 1
0.307 9.25004e-25 -9.42468e-13 6.50591e-14 1.80345e-13 0.938005 0.208782 1.24798 0.114807 0.938005 0.657546 1
0.306 9.37185e-25 -9.48741e-13 6.4615e-14 1.81384e-13 0.938871 0.208728 1.24452 0.114193 0.938871 0.656789 1
0.305 9.50275e-25 -9.55361e-13 6.50591e-14 1.8256e-13 0.939737 0.208674 1.24105 0.113579 0.939737 0.656029 1
0.304 9.63249e-25 -9.61883e-13 6.50591e-14 1.83839e-13 0.940603 0.208619 1.23759 0.112965 0.940603 0.655267 1
0.303 9.76382e-25 -9.68489e-13 6.4837e-14 1.84952e-13 0.94147 0.208562 1.23412 0.112352 0.94147 0.654502 1
0.302 9.89968e-25 -9.75289e-13 6.4837e-14 1.85942e-13 0.942337 0.208504 1.23065 0.11174 0.942337 0.653735 1
0.301 1.00405e-24 -9.82187e-13 6.52811e-14 1.8734e-13 0.943205 0.208445 1.22718 0.111128 0.943205 0.652965 1
0.3 1.01812e-24 -9.89167e-13 6.50591e-14 1.88233e-13 0.944073 0.208384 1.22371 0.110516 0.944073 0.652193 1
0.299 1.03276e-24 -9.96259e-13 6.55032e-14 1.89576e-13 0.944941 0.208323 1.22024 0.109905 0.944941 0.651418 1
0.298 1.04731e-24 -1.00334e-12 6.52811e-14 1.90705e-13 0.945809 0.20826 1.21676 0.109295 0.945809 0.650641 1
0.297 1.06255e-24 -1.01068e-12 6.55032e-14 1.91811e-13 0.946678 0.208196 1.21329 0.108684 0.946678 0.649862 1
0.296 1.07808e-24 -1.0181e-12 6.57252e-14 1.92956e-13 0.947547 0.208131 1.20981 0.108075 0.947547 0.64908 1
0.295 1.09394e-24 -1.0256e-12 6.57252e-14 1.9435e-13 0.948416 0.208065 1.20634 0.107466 0.948416 0.648295 1
0.294 1.11037e-24 -1.03335e-12 6.59472e-14 1.95455e-13 0.949286 0.207997 1.20286 0.106857 0.949286 0.647508 1
0.293 1.12716e-24 -1.04119e-12 6.61693e-14 1.96712e-13 0.950156 0.207928 1.19938 0.106249 0.950156 0.646719 1
0.292 1.1447e-24 -1.0493e-12 6.66134e-14 1.98075e-13 0.951026 0.207858 1.1959 0.105642 0.951026 0.645927 1
0.291 1.16175e-24 -1.05722e-12 6.63913e-14 1.99047e-13 0.951897 0.207786 1.19241 0.105035 0.951897 0.645132 1
0.29 1.1797e-24 -1.06544e-12 6.63913e-14 2.00328e-13 0.952768 0.207714 1.18893 0.104428 0.952768 0.644334 1
0.289 1.19843e-24 -1.07388e-12 6.70575e-14 2.0179e-13 0.953639 0.207639 1.18544 0.103822 0.953639 0.643534 1
0.288 1.21687e-24 -1.0822e-12 6.68354e-14 2.03083e-13 0.954511 0.207564 1.18196 0.103217 0.954511 0.642731 1
0.287 1.236e-24 -1.09077e-12 6.70575e-14 2.04283e-13 0.955383 0.207487 1.17847 0.102612 0.955383 0.641926 1
0.286 1.25627e-24 -1.09973e-12 6.75016e-14 2.05687e-13 0.956255 0.207409 1.17498 0.102008 0.956255 0.641118 1
0.285 1.2767e-24 -1.10874e-12 6.77236e-14 2.0691e-13 0.957127 0.20733 1.17149 0.101404 0.957127 0.640307 1
0.284 1.29707e-24 -1.11765e-12 6.79456e-14 2.0813e-13 0.958 0.207249 1.168 0.100801 0.958 0.639494 1
0.283 1.3184e-24 -1.12689e-12 6.81677e-14 2.09445e-13 0.958874 0.207167 1.1645 0.100198 0.958874 0.638677 1
0.282 1.34015e-24 -1.1362e-12 6.83897e-14 2.11002e-13 0.959747 0.207084 1.16101 0.0995959 0.959747 0.637858 1
0.281 1.36249e-24 -1.14571e-12 6.88338e-14 2.12371e-13 0.960621 0.206999 1.15751 0.0989943 0.960621 0.637036 1
0.28 1.38573e-24 -1.15556e-12 6.88338e-14 2.13703e-13 0.961496 0.206913 1.15402 0.0983932 0.961496 0.636212 1
0.279 1.40894e-24 -1.16533e-12 6.90559e-14 2.14882e-13 0.96237 0.206826 1.15052 0.0977927 0.96237 0.635384 1
0.278 1.43326e-24 -1.17539e-12 6.95e-14 2.16514e-13 0.963246 0.206737 1.14702 0.0971928 0.963246 0.634554 1
0.277 1.458e-24 -1.18559e-12 6.99441e-14 2.17884e-13 0.964121 0.206647 1.14352 0.0965934 0.964121 0.63372 1
0.276 1.4837e-24 -1.19613e-12 7.01661e-14 2.1923e-13 0.964997 0.206555 1.14001 0.0959946 0.964997 0.632884 1
0.275 1.51027e-24 -1.20683e-12 7.08322e-14 2.20954e-13 0.965873 0.206462 1.13651 0.0953964 0.965873 0.632045 1
0.274 1.53668e-24 -1.21744e-12 7.10543e-14 2.22396e-13 0.966749 0.206368 1.133 0.0947988 0.966749 0.631203 1
0.273 1.56394e-24 -1.22832e-12 7.10543e-14 2.23859e-13 0.967626 0.206272 1.1295 0.0942017 0.967626 0.630358 1
0.272 1.59213e-24 -1.23951e-12 7.14984e-14 2.25022e-13 0.968503 0.206174 1.12599 0.0936052 0.968503 0.62951 1
0.271 1.62158e-24 -1.25097e-12 7.21645e-14 2.26817e-13 0.969381 0.206075 1.12248 0.0930093 0.969381 0.628659 1
0.27 1.65143e-24 -1.26255e-12 7.26086e-14 2.28341e-13 0.970259 0.205975 1.11896 0.092414 0.970259 0.627805 1
0.269 1.68202e-24 -1.27434e-12 7.26086e-14 2.29795e-13 0.971137 0.205873 1.11545 0.0918193 0.971137 0.626948 1
0.268 1.71353e-24 -1.28632e-12 7.30527e-14 2.3146e-13 0.972016 0.20577 1.11194 0.0912252 0.972016 0.626088 1
0.267 1.74583e-24 -1.29849e-12 7.37188e-14 2.33068e-13 0.972895 0.205665 1.10842 0.0906317 0.972895 0.625225 1
0.266 1.77903e-24 -1.31094e-12 7.39409e-14 2.34534e-13 0.973774 0.205559 1.1049 0.0900388 0.973774 0.624358 1
0.265 1.81282e-24 -1.32344e-12 7.43849e-14 2.36199e-13 0.974654 0.205451 1.10138 0.0894466 0.974654 0.623489 1
0.264 1.84923e-24 -1.33681e-12 7.52731e-14 2.37731e-13 0.975534 0.205342 1.09786 0.0888549 0.975534 0.622616 1
0.263 1.88461e-24 -1.34963e-12 7.54952e-14 2.39609e-13 0.976415 0.205231 1.09434 0.0882638 0.976415 0.62174 1
0.262 1.9219e-24 -1.36306e-12 7.59393e-14 2.41241e-13 0.977296 0.205118 1.09082 0.0876734 0.977296 0.620861 1
0.261 1.96002e-24 -1.37663e-12 7.63833e-14 2.43021e-13 0.978177 0.205004 1.08729 0.0870836 0.978177 0.619978 1
0.26 2.0001e-24 -1.39078e-12 7.72715e-14 2.44676e-13 0.979059 0.204889 1.08376 0.0864945 0.979059 0.619093 1
0.259 2.04024e-24 -1.40483e-12 7.77156e-14 2.46247e-13 0.979941 0.204772 1.08024 0.0859059 0.979941 0.618204 1
0.258 2.08233e-24 -1.41938e-12 7.83817e-14 2.48103e-13 0.980824 0.204653 1.0767 0.085318 0.980824 0.617311 1
0.257 2.1253e-24 -1.43409e-12 7.88258e-14 2.49943e-13 0.981707 0.204533 1.07317 0.0847308 0.981707 0.616416 1
0.256 2.16937e-24 -1.44904e-12 7.92699e-14 2.51763e-13 0.98259 0.204411 1.06964 0.0841442 0.98259 0.615517 1
0.255 2.21535e-24 -1.46447e-12 7.99361e-14 2.53565e-13 0.983474 0.204287 1.0661 0.0835583 0.983474 0.614614 1
0.254 2.26281e-24 -1.48016e-12 8.10463e-14 2.55648e-13 0.984358 0.204162 1.06257 0.082973 0.984358 0.613708 1
0.253 2.31074e-24 -1.49594e-12 8.12683e-14 2.57467e-13 0.985243 0.204035 1.05903 0.0823884 0.985243 0.612799 1
0.252 2.36095e-24 -1.51228e-12 8.21565e-14 2.59273e-13 0.986128 0.203906 1.05549 0.0818044 0.986128 0.611886 1
0.251 2.413e-24 -1.52901e-12 8.28226e-14 2.61272e-13 0.987013 0.203776 1.05195 0.0812212 0.987013 0.610969 1
0.25 2.46497e-24 -1.54558e-12 8.32667e-14 2.63085e-13 0.987899 0.203644 1.0484 0.0806386 0.987899 0.610049 1
0.249 2.52016e-24 -1.5629e-12 8.43769e-14 2.65283e-13 0.988785 0.20351 1.04486 0.0800567 0.988785 0.609125 1
0.248 2.57643e-24 -1.58049e-12 8.4599e-14 2.67089e-13 0.989672 0.203374 1.04131 0.0794755 0.989672 0.608198 1
0.247 2.63512e-24 -1.59854e-12 8.54872e-14 2.69229e-13 0.990559 0.203237 1.03776 0.0788949 0.990559 0.607267 1
0.246 2.69538e-24 -1.61689e-12 8.63754e-14 2.71285e-13 0.991447 0.203098 1.03421 0.0783151 0.991447 0.606333 1
0.245 2.75792e-24 -1.63573e-12 8.70415e-14 2.73358e-13 0.992335 0.202957 1.03066 0.077736 0.992335 0.605394 1
0.244 2.82175e-24 -1.6547e-12 8.79297e-14 2.75626e-13 0.993223 0.202815 1.02711 0.0771576 0.993223 0.604452 1
0.243 2.88836e-24 -1.67431e-12 8.88178e-14 2.77753e-13 0.994112 0.20267 1.02355 0.0765799 0.994112 0.603506 1
0.242 2.95711e-24 -1.69437e-12 8.9484e-14 2.79686e-13 0.995002 0.202524 1.01999 0.0760029 0.995002 0.602556 1
0.241 3.02807e-24 -1.71474e-12 9.03722e-14 2.82088e-13 0.995892 0.202376 1.01643 0.0754267 0.995892 0.601603 1
0.24 3.10113e-24 -1.73549e-12 9.12603e-14 2.84413e-13 0.996782 0.202227 1.01287 0.0748512 0.996782 0.600645 1
0.239 3.17675e-24 -1.75672e-12 9.21485e-14 2.86701e-13 0.997673 0.202075 1.00931 0.0742764 0.997673 0.599684 1
0.238 3.25463e-24 -1.77833e-12 9.30367e-14 2.89007e-13 0.998564 0.201921 1.00574 0.0737023 0.998564 0.598719 1
0.237 3.33583e-24 -1.80057e-12 9.41469e-14 2.91374e-13 0.999456 0.201766 1.00218 0.0731291 0.999456 0.597749 1
0.236 3.41917e-24 -1.82314e-12 9.52571e-14 2.93703e-13 1.00035 0.201608 0.998609 0.0725565 1.00035 0.596776 1
0.235 3.50547e-24 -1.84623e-12 9.59233e-14 2.96132e-13 1.00124 0.201449 0.995038 0.0719848 1.00124 0.595798 1
0.234 3.59561e-24 -1.87e-12 9.72555e-14 2.98717e-13 1.00213 0.201288 0.991466 0.0714138 1.00213 0.594817 1
0.233 3.68882e-24 -1.89433e-12 9.81437e-14 3.01155e-13 1.00303 0.201125 0.987891 0.0708435 1.00303 0.593831 1
0.232 3.78486e-24 -1.91903e-12 9.92539e-14 3.03841e-13 1.00392 0.20096 0.984315 0.0702741 1.00392 0.592841 1
0.231 3.88454e-24 -1.9444e-12 1.00364e-13 3.06203e-13 1.00482 0.200792 0.980736 0.0697054 1.00482 0.591847 1
0.23 3.98812e-24 -1.97041e-12 1.01474e-13 3.08714e-13 1.00571 0.200623 0.977156 0.0691376 1.00571 0.590849 1
0.229 4.09514e-24 -1.99686e-12 1.02585e-13 3.11715e-13 1.00661 0.200452 0.973574 0.0685705 1.00661 0.589846 1
0.228 4.20649e-24 -2.0241e-12 1.03695e-13 3.14237e-13 1.0075 0.200279 0.969989 0.0680042 1.0075 0.588839 1
0.227 4.31958e-24 -2.05132e-12 1.04805e-13 3.1732e-13 1.0084 0.200104 0.966403 0.0674388 1.0084 0.587827 1
0.226 4.43987e-24 -2.07996e-12 1.06359e-13 3.1988e-13 1.0093 0.199926 0.962815 0.0668742 1.0093 0.586811 1
0.225 4.56374e-24 -2.10902e-12 1.07248e-13 3.22897e-13 1.01019 0.199747 0.959224 0.0663104 1.01019 0.585791 1
0.224 4.69325e-24 -2.13897e-12 1.08802e-13 3.25913e-13 1.01109 0.199565 0.955631 0.0657474 1.01109 0.584766 1
0.223 4.82607e-24 -2.16935e-12 1.0969e-13 3.28586e-13 1.01199 0.199381 0.952037 0.0651853 1.01199 0.583736 1
0.222 4.96496e-24 -2.20057e-12 1.11022e-13 3.31835e-13 1.01289 0.199196 0.94844 0.064624 1.01289 0.582702 1
0.221 5.10824e-24 -2.23235e-12 1.12355e-13 3.34992e-13 1.01379 0.199007 0.944841 0.0640636 1.01379 0.581664 1
0.22 5.25877e-24 -2.26524e-12 1.14131e-13 3.38261e-13 1.01469 0.198817 0.94124 0.0635041 1.01469 0.58062 1
0.219 5.41422e-24 -2.29876e-12 1.15685e-13 3.41387e-13 1.01559 0.198625 0.937636 0.0629454 1.01559 0.579572 1
0.218 5.5763e-24 -2.3332e-12 1.17018e-13 3.44684e-13 1.01649 0.19843 0.934031 0.0623876 1.01649 0.578519 1
0.217 5.74305e-24 -2.36817e-12 1.18128e-13 3.47672e-13 1.01739 0.198233 0.930423 0.0618307 1.01739 0.577461 1
0.216 5.91967e-24 -2.40457e-12 1.19682e-13 3.51274e-13 1.0183 0.198034 0.926813 0.0612747 1.0183 0.576398 1
0.215 6.10121e-24 -2.44147e-12 1.21236e-13 3.54583e-13 1.0192 0.197832 0.923201 0.0607196 1.0192 0.57533 1
0.214 6.29157e-24 -2.47954e-12 1.22791e-13 3.58309e-13 1.0201 0.197628 0.919586 0.0601654 1.0201 0.574258 1
0.213 6.48985e-24 -2.5186e-12 1.24567e-13 3.61904e-13 1.02101 0.197422 0.91597 0.0596122 1.02101 0.57318 1
0.212 6.6946e-24 -2.55829e-12 1.26343e-13 3.65739e-13 1.02191 0.197214 0.91235 0.0590598 1.02191 0.572097 1
0.211 6.9091e-24 -2.59934e-12 1.27676e-13 3.69108e-13 1.02282 0.197003 0.908729 0.0585084 1.02282 0.571009 1
0.21 7.13384e-24 -2.64155e-12 1.29674e-13 3.73169e-13 1.02372 0.196789 0.905105 0.057958 1.02372 0.569916 1
0.209 7.36678e-24 -2.68466e-12 1.31228e-13 3.77006e-13 1.02463 0.196573 0.901479 0.0574085 1.02463 0.568817 1
0.208 7.6108e-24 -2.72909e-12 1.33005e-13 3.81037e-13 1.02554 0.196355 0.89785 0.05686 1.02554 0.567713 1
0.207 7.86562e-24 -2.77475e-12 1.34781e-13 3.85021e-13 1.02645 0.196134 0.894219 0.0563125 1.02645 0.566604 1
0.206 8.13034e-24 -2.82135e-12 1.36779e-13 3.89344e-13 1.02735 0.195911 0.890585 0.0557659 1.02735 0.565489 1
0.205 8.40781e-24 -2.86945e-12 1.38556e-13 3.93502e-13 1.02826 0.195685 0.886949 0.0552203 1.02826 0.564369 1
0.204 8.69724e-24 -2.91873e-12 1.40776e-13 3.98054e-13 1.02917 0.195456 0.883311 0.0546758 1.02917 0.563243 1
0.203 9.0003e-24 -2.96957e-12 1.42553e-13 4.02038e-13 1.03008 0.195225 0.879669 0.0541323 1.03008 0.562111 1
0.202 9.31749e-24 -3.02176e-12 1.44773e-13 4.06791e-13 1.03099 0.194992 0.876026 0.0535897 1.03099 0.560974 1
0.201 9.64824e-24 -3.0753e-12 1.46549e-13 4.11419e-13 1.03191 0.194755 0.872379 0.0530483 1.03191 0.559831 1
0.2 9.99533e-24 -3.13052e-12 1.48548e-13 4.16083e-13 1.03282 0.194516 0.86873 0.0525079 1.03282 0.558683 1
0.199 1.03586e-23 -3.18726e-12 1.50768e-13 4.20995e-13 1.03373 0.194275 0.865079 0.0519685 1.03373 0.557528 1
0.198 1.07386e-23 -3.24559e-12 1.52989e-13 4.25833e-13 1.03464 0.19403 0.861425 0.0514302 1.03464 0.556367 1
0.197 1.11379e-23 -3.30574e-12 1.55209e-13 4.31069e-13 1.03556 0.193783 0.857768 0.050893 1.03556 0.5552 1
0.196 1.15551e-23 -3.3675e-12 1.5743e-13 4.36173e-13 1.03647 0.193533 0.854108 0.0503569 1.03647 0.554028 1
0.195 1.19936e-23 -3.43119e-12 1.59872e-13 4.41551e-13 1.03739 0.19328 0.850445 0.0498219 1.03739 0.552849 1
0.194 1.24524e-23 -3.49663e-12 1.61871e-13 4.47013e-13 1.0383 0.193025 0.84678 0.049288 1.0383 0.551663 1
0.193 1.29355e-23 -3.5642e-12 1.64535e-13 4.52597e-13 1.03922 0.192766 0.843112 0.0487552 1.03922 0.550472 1
0.192 1.34415e-23 -3.63368e-12 1.66978e-13 4.58165e-13 1.04014 0.192505 0.839441 0.0482236 1.04014 0.549274 1
0.191 1.39731e-23 -3.70527e-12 1.6942e-13 4.64072e-13 1.04106 0.19224 0.835767 0.0476931 1.04106 0.548069 1
0.19 1.4533e-23 -3.77921e-12 1.72085e-13 4.70034e-13 1.04198 0.191973 0.83209 0.0471638 1.04198 0.546858 1
0.189 1.51229e-23 -3.85558e-12 1.74749e-13 4.76326e-13 1.0429 0.191702 0.828411 0.0466357 1.0429 0.545641 1
0.188 1.57406e-23 -3.93399e-12 1.77192e-13 4.82684e-13 1.04382 0.191429 0.824728 0.0461088 1.04382 0.544416 1
0.187 1.6391e-23 -4.01489e-12 1.80078e-13 4.89132e-13 1.04474 0.191152 0.821042 0.045583 1.04474 0.543185 1
0.186 1.70769e-23 -4.0985e-12 1.82965e-13 4.95735e-13 1.04566 0.190872 0.817354 0.0450585 1.04566 0.541947 1
0.185 1.77999e-23 -4.18486e-12 1.85407e-13 5.02499e-13 1.04658 0.19059 0.813662 0.0445353 1.04658 0.540702 1
0.184 1.8562e-23 -4.27398e-12 1.88294e-13 5.09525e-13 1.04751 0.190303 0.809967 0.0440133 1.04751 0.53945 1
0.183 1.93639e-23 -4.3658e-12 1.91402e-13 5.16736e-13 1.04843 0.190014 0.806269 0.0434925 1.04843 0.538191 1
0.182 2.0213e-23 -4.46099e-12 1.94289e-13 5.24238e-13 1.04936 0.189721 0.802567 0.042973 1.04936 0.536924 1
0.181 2.11089e-23 -4.55928e-12 1.97398e-13 5.31878e-13 1.05028 0.189426 0.798863 0.0424549 1.05028 0.53565 1
0.18 2.2054e-23 -4.66075e-12 2.00506e-13 5.39669e-13 1.05121 0.189126 0.795155 0.041938 1.05121 0.534369 1
0.179 2.30513e-23 -4.76549e-12 2.03615e-13 5.47658e-13 1.05214 0.188824 0.791444 0.0414225 1.05214 0.53308 1
0.178 2.41075e-23 -4.87398e-12 2.06946e-13 5.55941e-13 1.05307 0.188517 0.787729 0.0409083 1.05307 0.531783 1
0.177 2.52238e-23 -4.98608e-12 2.10276e-13 5.64385e-13 1.054 0.188208 0.784011 0.0403955 1.054 0.530479 1
0.176 2.64081e-23 -5.10234e-12 2.13607e-13 5.73179e-13 1.05493 0.187895 0.78029 0.039884 1.05493 0.529167 1
0.175 2.76597e-23 -5.22245e-12 2.16716e-13 5.82024e-13 1.05586 0.187578 0.776565 0.039374 1.05586 0.527847 1
0.174 2.89881e-23 -5.34692e-12 2.2049e-13 5.91564e-13 1.05679 0.187257 0.772837 0.0388653 1.05679 0.526519 1
0.173 3.03956e-23 -5.47581e-12 2.23821e-13 6.00881e-13 1.05772 0.186933 0.769105 0.0383581 1.05772 0.525182 1
0.172 3.18893e-23 -5.6093e-12 2.27596e-13 6.10948e-13 1.05866 0.186606 0.765369 0.0378523 1.05866 0.523838 1
0.171 3.34737e-23 -5.74756e-12 2.31148e-13 6.21097e-13 1.05959 0.186274 0.76163 0.037348 1.05959 0.522484 1
0.17 3.51579e-23 -5.89098e-12 2.34923e-13 6.31667e-13 1.06053 0.185939 0.757887 0.0368452 1.06053 0.521123 1
0.169 3.6949e-23 -6.03979e-12 2.3892e-13 6.42486e-13 1.06146 0.1856 0.75414 0.0363439 1.06146 0.519753 1
0.168 3.88529e-23 -6.19411e-12 2.42473e-13 6.53541e-13 1.0624 0.185257 0.75039 0.0358441 1.0624 0.518374 1
0.167 4.08781e-23 -6.35414e-12 2.4647e-13 6.65007e-13 1.06334 0.184909 0.746635 0.0353459 1.06334 0.516986 1
0.166 4.30367e-23 -6.5204e-12 2.50688e-13 6.76986e-13 1.06428 0.184558 0.742877 0.0348492 1.06428 0.515589 1
0.165 4.53362e-23 -6.69299e-12 2.54685e-13 6.89306e-13 1.06522 0.184203 0.739115 0.0343542 1.06522 0.514183 1
0.164 4.7788e-23 -6.87229e-12 2.58682e-13 7.01975e-13 1.06616 0.183844 0.735348 0.0338607 1.06616 0.512767 1
0.163 5.04087e-23 -7.05891e-12 2.62901e-13 7.15087e-13 1.06711 0.18348 0.731578 0.0333689 1.06711 0.511342 1
0.162 5.32015e-23 -7.25253e-12 2.6712e-13 7.28626e-13 1.06805 0.183112 0.727803 0.0328787 1.06805 0.509908 1
0.161 5.61858e-23 -7.45392e-12 2.71116e-13 7.42529e-13 1.06899 0.18274 0.724024 0.0323903 1.06899 0.508464 1
0.16 5.93808e-23 -7.66364e-12 2.76001e-13 7.57128e-13 1.06994 0.182364 0.720241 0.0319035 1.06994 0.50701 1
0.159 6.27943e-23 -7.88163e-12 2.79998e-13 7.71843e-13 1.07089 0.181983 0.716454 0.0314184 1.07089 0.505546 1
0.158 6.64542e-23 -8.10881e-12 2.84883e-13 7.87561e-13 1.07183 0.181598 0.712662 0.0309351 1.07183 0.504071 1
0.157 7.03736e-23 -8.34532e-12 2.89102e-13 8.03547e-13 1.07278 0.181208 0.708866 0.0304536 1.07278 0.502587 1
0.156 7.45767e-23 -8.59172e-12 2.93543e-13 8.20261e-13 1.07373 0.180813 0.705065 0.0299739 1.07373 0.501092 1
0.155 7.90918e-23 -8.84877e-12 2.9865e-13 8.37742e-13 1.07469 0.180414 0.70126 0.0294961 1.07469 0.499586 1
0.154 8.39367e-23 -9.11663e-12 3.03091e-13 8.55494e-13 1.07564 0.180009 0.69745 0.0290201 1.07564 0.498069 1
0.153 8.91493e-23 -9.39627e-12 3.07976e-13 8.74411e-13 1.07659 0.179601 0.693635 0.028546 1.07659 0.496542 1
0.152 9.47551e-23 -9.68807e-12 3.12861e-13 8.93597e-13 1.07755 0.179187 0.689816 0.0280738 1.07755 0.495003 1
0.151 1.00788e-22 -9.9926e-12 3.17968e-13 9.13891e-13 1.0785 0.178768 0.685991 0.0276035 1.0785 0.493453 1
0.15 1.07294e-22 -1.0311e-11 3.22631e-13 9.34713e-13 1.07946 0.178344 0.682162 0.0271353 1.07946 0.491891 1
0.149 1.14306e-22 -1.06435e-11 3.27738e-13 9.56355e-13 1.08042 0.177915 0.678327 0.026669 1.08042 0.490318 1
0.148 1.21875e-22 -1.09912e-11 3.32623e-13 9.78986e-13 1.08138 0.17748 0.674488 0.0262048 1.08138 0.488732 1
0.147 1.30054e-22 -1.1355e-11 3.3773e-13 1.0023e-12 1.08234 0.17704 0.670643 0.0257427 1.08234 0.487134 1
0.146 1.38894e-22 -1.17355e-11 3.42837e-13 1.02691e-12 1.0833 0.176595 0.666793 0.0252827 1.0833 0.485524 1
0.145 1.48465e-22 -1.21341e-11 3.475e-13 1.05219e-12 1.08427 0.176145 0.662938 0.0248248 1.08427 0.483902 1
0.144 1.58833e-22 -1.25517e-11 3.52607e-13 1.07843e-12 1.08523 0.175688 0.659077 0.0243691 1.08523 0.482267 1
0.143 1.7007e-22 -1.29892e-11 3.57714e-13 1.10605e-12 1.0862 0.175227 0.655211 0.0239157 1.0862 0.480618 1
0.142 1.82268e-22 -1.3448e-11 3.63043e-13 1.13515e-12 1.08717 0.174759 0.651339 0.0234644 1.08717 0.478957 1
0.141 1.95512e-22 -1.39291e-11 3.6815e-13 1.16518e-12 1.08813 0.174285 0.647461 0.0230155 1.08813 0.477281 1
0.14 2.09913e-22 -1.44341e-11 3.72813e-13 1.19656e-12 1.08911 0.173806 0.643578 0.0225689 1.08911 0.475593 1
0.139 2.25586e-22 -1.49644e-11 3.77698e-13 1.22926e-12 1.09008 0.17332 0.639688 0.0221247 1.09008 0.47389 1
0.138 2.42664e-22 -1.55217e-11 3.82583e-13 1.26336e-12 1.09105 0.172828 0.635793 0.0216829 1.09105 0.472173 1
0.137 2.61285e-22 -1.61074e-11 3.87468e-13 1.29912e-12 1.09203 0.17233 0.631891 0.0212435 1.09203 0.470441 1
0.136 2.8161e-22 -1.67233e-11 3.92575e-13 1.33661e-12 1.093 0.171826 0.627983 0.0208067 1.093 0.468695 1
0.135 3.03817e-22 -1.73714e-11 3.97238e-13 1.37585e-12 1.09398 0.171315 0.624069 0.0203724 1.09398 0.466934 1
0.134 3.28105e-22 -1.80537e-11 4.01901e-13 1.4168e-12 1.09496 0.170797 0.620148 0.0199406 1.09496 0.465157 1
0.133 3.54701e-22 -1.87725e-11 4.05898e-13 1.45954e-12 1.09594 0.170273 0.616221 0.0195116 1.09594 0.463365 1
0.132 3.83852e-22 -1.953e-11 4.10116e-13 1.50477e-12 1.09693 0.169741 0.612287 0.0190852 1.09693 0.461557 1
0.131 4.15849e-22 -2.0329e-11 4.14557e-13 1.55215e-12 1.09791 0.169203 0.608346 0.0186615 1.09791 0.459732 1
0.13 4.5099e-22 -2.11719e-11 4.18332e-13 1.6016e-12 1.0989 0.168658 0.604398 0.0182406 1.0989 0.457892 1
0.129 4.8964e-22 -2.20619e-11 4.22329e-13 1.65404e-12 1.09989 0.168105 0.600444 0.0178226 1.09989 0.456034 1
0.128 5.32194e-22 -2.3002e-11 4.25437e-13 1.70869e-12 1.10088 0.167545 0.596481 0.0174074 1.10088 0.454159 1
0.127 5.79095e-22 -2.39957e-11 4.28768e-13 1.76624e-12 1.10187 0.166977 0.592512 0.0169952 1.10187 0.452267 1
0.126 6.30847e-22 -2.50464e-11 4.31655e-13 1.82711e-12 1.10287 0.166402 0.588535 0.016586 1.10287 0.450357 1
0.125 6.88025e-22 -2.61584e-11 4.33875e-13 1.89076e-12 1.10386 0.165819 0.58455 0.0161799 1.10386 0.448428 1
0.124 7.51269e-22 -2.73358e-11 4.36096e-13 1.9583e-12 1.10486 0.165228 0.580558 0.0157768 1.10486 0.446481 1
0.123 8.21314e-22 -2.85833e-11 4.3765e-13 2.02928e-12 1.10586 0.164628 0.576558 0.015377 1.10586 0.444515 1
0.122 8.98969e-22 -2.99057e-11 4.38982e-13 2.10445e-12 1.10686 0.164021 0.572549 0.0149804 1.10686 0.44253 1
0.121 9.85173e-22 -3.13083e-11 4.3987e-13 2.18368e-12 1.10787 0.163405 0.568532 0.0145871 1.10787 0.440525 1
0.12 1.08099e-21 -3.27972e-11 4.3987e-13 2.26745e-12 1.10887 0.16278 0.564507 0.0141972 1.10887 0.438499 1
0.119 1.18761e-21 -3.43783e-11 4.39426e-13 2.35611e-12 1.10988 0.162146 0.560473 0.0138108 1.10988 0.436454 1
0.118 1.30642e-21 -3.60586e-11 4.38316e-13 2.45006e-12 1.11089 0.161504 0.55643 0.0134278 1.11089 0.434387 1
0.117 1.43895e-21 -3.78452e-11 4.36984e-13 2.54971e-12 1.11191 0.160852 0.552379 0.0130485 1.11191 0.432298 1
0.116 1.58698e-21 -3.9746e-11 4.34319e-13 2.65516e-12 1.11292 0.160191 0.548318 0.0126728 1.11292 0.430188 1
0.115 1.75255e-21 -4.17696e-11 4.31433e-13 2.76746e-12 1.11394 0.15952 0.544248 0.0123008 1.11394 0.428055 1
0.114 1.93795e-21 -4.39254e-11 4.27214e-13 2.88666e-12 1.11496 0.15884 0.540168 0.0119327 1.11496 0.4259 1
0.113 2.14582e-21 -4.62229e-11 4.22551e-13 3.01362e-12 1.11598 0.15815 0.536079 0.0115684 1.11598 0.423721 1
0.112 2.37921e-21 -4.86736e-11 4.17444e-13 3.14887e-12 1.11701 0.157449 0.53198 0.0112082 1.11701 0.421518 1
0.111 2.64153e-21 -5.12886e-11 4.11005e-13 3.29281e-12 1.11803 0.156738 0.52787 0.010852 1.11803 0.419291 1
0.11 2.93681e-21 -5.40811e-11 4.04121e-13 3.44694e-12 1.11906 0.156017 0.52375 0.0104999 1.11906 0.417039 1
0.109 3.26953e-21 -5.70643e-11 3.9635e-13 3.6113e-12 1.1201 0.155284 0.51962 0.0101521 1.1201 0.414761 1
0.108 3.64496e-21 -6.02533e-11 3.8769e-13 3.78702e-12 1.12113 0.154541 0.515478 0.00980867 1.12113 0.412458 1
0.107 4.06911e-21 -6.36644e-11 3.7903e-13 3.97564e-12 1.12217 0.153786 0.511326 0.00946961 1.12217 0.410128 1
0.106 4.54885e-21 -6.73146e-11 3.69926e-13 4.1777e-12 1.12321 0.15302 0.507162 0.00913508 1.12321 0.40777 1
0.105 5.09215e-21 -7.12229e-11 3.60156e-13 4.39499e-12 1.12425 0.152242 0.502987 0.00880516 1.12425 0.405385 1
0.104 5.70812e-21 -7.54094e-11 3.50386e-13 4.62809e-12 1.1253 0.151452 0.4988 0.00847996 1.1253 0.402972 1
0.103 6.40734e-21 -7.98962e-11 3.41505e-13 4.87969e-12 1.12635 0.150649 0.494601 0.00815957 1.12635 0.400529 1
0.102 7.20192e-21 -8.4707e-11 3.33289e-13 5.15082e-12 1.1274 0.149834 0.49039 0.0078441 1.1274 0.398057 1
0.101 8.10585e-21 -8.98672e-11 3.26628e-13 5.44347e-12 1.12846 0.149007 0.486166 0.00753366 1.12846 0.395554 1
0.1 9.13526e-21 -9.54043e-11 3.21965e-13 5.76039e-12 1.12952 0.148166 0.481929 0.00722835 1.12952 0.393021 1
0.099 2.02009e-27 -4.48929e-14 -2.22045e-16 2.16056e-15 1.13058 0.147311 0.477679 0.00692828 1.13058 0.390456 1
0.098 2.38287e-27 -4.87631e-14 -3.33067e-16 2.21926e-15 1.13165 0.146443 0.473416 0.00663356 1.13165 0.387858 1
0.097 2.81468e-27 -5.29932e-14 -2.22045e-16 2.5205e-15 1.13272 0.145561 0.469139 0.00634431 1.13272 0.385228 1
0.096 3.32451e-27 -5.75972e-14 -4.44089e-16 2.62379e-15 1.13379 0.144665 0.464848 0.00606064 1.13379 0.382563 1
0.095 3.94371e-27 -6.27337e-14 -3.33067e-16 2.84282e-15 1.13486 0.143754 0.460543 0.00578266 1.13486 0.379865 1
0.094 4.67619e-27 -6.83108e-14 -5.55112e-16 3.08548e-15 1.13594 0.142828 0.456224 0.00551049 1.13594 0.377131 1
0.093 5.5514e-27 -7.44309e-14 -6.66134e-16 3.31603e-15 1.13703 0.141887 0.451889 0.00524424 1.13703 0.374361 1
0.092 6.60792e-27 -8.1205e-14 -7.77156e-16 3.61355e-15 1.13812 0.140931 0.44754 0.00498403 1.13812 0.371555 1
0.091 7.86373e-27 -8.85897e-14 -7.77156e-16 3.87095e-15 1.13921 0.139959 0.443175 0.00472998 1.13921 0.368712 1
0.09 9.40397e-27 -9.68765e-14 -1.22125e-15 4.17418e-15 1.1403 0.138971 0.438795 0.0044822 1.1403 0.36583 1
0.089 1.12186e-26 -1.05809e-13 -9.99201e-16 4.68543e-15 1.1414 0.137966 0.434398 0.0042408 1.1414 0.36291 1
0.088 1.34155e-26 -1.15712e-13 -1.22125e-15 4.96876e-15 1.1425 0.136945 0.429985 0.00400589 1.1425 0.359951 1
0.087 1.60336e-26 -1.26497e-13 -1.55431e-15 5.4426e-15 1.14361 0.135907 0.425556 0.00377759 1.14361 0.356951 1
0.086 1.91828e-26 -1.38367e-13 -1.66533e-15 5.87502e-15 1.14472 0.134851 0.42111 0.003556 1.14472 0.353911 1
0.085 2.29738e-26 -1.51425e-13 -2.22045e-15 6.27894e-15 1.14584 0.133778 0.416647 0.00334122 1.14584 0.35083 1
0.084 2.75101e-26 -1.65706e-13 -2.33147e-15 6.78744e-15 1.14696 0.132688 0.412167 0.00313335 1.14696 0.347707 1
0.083 3.2934e-26 -1.8131e-13 -2.77556e-15 7.28036e-15 1.14808 0.131579 0.407669 0.00293248 1.14808 0.344541 1
0.082 3.94177e-26 -1.98351e-13 -3.21965e-15 8.0147e-15 1.14921 0.130452 0.403153 0.0027387 1.14921 0.341332 1
0.081 4.7187e-26 -2.17026e-13 -3.33067e-15 8.69638e-15 1.15035 0.129306 0.39862 0.00255207 1.15035 0.33808 1
0.08 5.63909e-26 -2.37249e-13 -4.10783e-15 9.31258e-15 1.15148 0.128142 0.394068 0.00237268 1.15148 0.334784 1
0.079 6.73955e-26 -2.59374e-13 -4.44089e-15 1.00398e-14 1.15263 0.126959 0.389499 0.00220057 1.15263 0.331444 1
0.078 8.04016e-26 -2.833e-13 -4.996e-15 1.08432e-14 1.15377 0.125757 0.384911 0.0020358 1.15377 0.328059 1
0.077 9.57338e-26 -3.09143e-13 -5.55112e-15 1.156e-14 1.15492 0.124536 0.380304 0.00187839 1.15492 0.324629 1
0.076 1.13743e-25 -3.36957e-13 -6.21725e-15 1.28211e-14 1.15608 0.123296 0.375679 0.00172836 1.15608 0.321155 1
0.075 1.34794e-25 -3.66831e-13 -6.88338e-15 1.34735e-14 1.15724 0.122037 0.371036 0.00158573 1.15724 0.317636 1
0.074 1.59323e-25 -3.98807e-13 -7.99361e-15 1.45814e-14 1.15841 0.120758 0.366374 0.00145048 1.15841 0.314073 1
0.073 1.87797e-25 -4.32984e-13 -8.65974e-15 1.57115e-14 1.15958 0.11946 0.361694 0.00132257 1.15958 0.310464 1
0.072 2.20437e-25 -4.69108e-13 -9.65894e-15 1.67841e-14 1.16075 0.118143 0.356995 0.00120195 1.16075 0.306812 1
0.071 2.57765e-25 -5.07279e-13 -1.06581e-14 1.7871e-14 1.16193 0.116807 0.352279 0.00108857 1.16193 0.303115 1
0.07 3.00132e-25 -5.47387e-13 -1.16573e-14 1.90722e-14 1.16311 0.115452 0.347544 0.000982322 1.16311 0.299376 1
0.069 3.47801e-25 -5.89258e-13 -1.25455e-14 2.04575e-14 1.1643 0.114079 0.342792 0.0008831 1.1643 0.295594 1
0.068 4.01059e-25 -6.32766e-13 -1.35447e-14 2.199e-14 1.16549 0.112687 0.338023 0.00079077 1.16549 0.29177 1
0.067 4.59867e-25 -6.77571e-13 -1.4877e-14 2.32893e-14 1.16669 0.111277 0.333237 0.000705175 1.16669 0.287905 1
0.066 5.24143e-25 -7.23382e-13 -1.58762e-14 2.46846e-14 1.16789 0.10985 0.328435 0.000626138 1.16789 0.284001 1
0.065 5.93796e-25 -7.6995e-13 -1.72085e-14 2.60186e-14 1.1691 0.108405 0.323616 0.000553458 1.1691 0.280059 1
0.064 6.68366e-25 -8.16873e-13 -1.82077e-14 2.7458e-14 1.1703 0.106944 0.318783 0.000486914 1.1703 0.276079 1
0.063 2.37601e-22 -1.54019e-11 -3.19189e-13 5.29731e-13 1.17152 0.105467 0.313934 0.000426268 1.17152 0.272064 1
0.062 2.71695e-22 -1.647e-11 -3.39728e-13 5.66188e-13 1.17273 0.103974 0.309072 0.00037126 1.17273 0.268015 1
0.061 3.08037e-22 -1.7537e-11 -3.58491e-13 6.03496e-13 1.17395 0.102467 0.304196 0.000321617 1.17395 0.263933 1
0.06 3.46209e-22 -1.85918e-11 -3.75922e-13 6.41359e-13 1.17517 0.100945 0.299307 0.000277049 1.17517 0.259822 1
0.059 3.8571e-22 -1.96238e-11 -3.91687e-13 6.78905e-13 1.1764 0.0994099 0.294407 0.000237259 1.1764 0.255681 1
0.058 4.25953e-22 -2.06222e-11 -4.05231e-13 7.16361e-13 1.17763 0.0978618 0.289495 0.000201938 1.17763 0.251514 1
0.057 4.66299e-22 -2.15768e-11 -4.16445e-13 7.53496e-13 1.17886 0.0963017 0.284573 0.000170772 1.17886 0.247323 1
0.056 5.06084e-22 -2.24784e-11 -4.2466e-13 7.90044e-13 1.18009 0.0947303 0.279641 0.000143445 1.18009 0.243108 1
0.055 3.82506e-23 -6.17999e-12 -1.38778e-13 1.97697e-13 1.18132 0.0931484 0.274701 0.000119643 1.18132 0.238873 1
0.054 4.12672e-23 -6.41907e-12 -1.43441e-13 2.05366e-13 1.18256 0.0915566 0.269752 9.90525e-05 1.18256 0.234618 1
0.053 4.41152e-23 -6.63689e-12 -1.46994e-13 2.12806e-13 1.1838 0.0899556 0.264797 8.13697e-05 1.1838 0.230347 1
0.052 4.67468e-23 -6.832e-12 -1.4988e-13 2.19262e-13 1.18504 0.0883463 0.259834 6.62986e-05 1.18504 0.22606 1
0.051 4.9126e-23 -7.00372e-12 -1.52434e-13 2.25133e-13 1.18628 0.0867292 0.254866 5.35553e-05 1.18628 0.22176 1
0.05 5.12246e-23 -7.15176e-12 -1.53988e-13 2.30809e-13 1.18753 0.085105 0.249893 4.28701e-05 1.18753 0.217448 1
0.049 5.30279e-23 -7.27657e-12 -1.54432e-13 2.35851e-13 1.18877 0.0834743 0.244915 3.39892e-05 1.18877 0.213126 1
0.048 5.45289e-23 -7.37884e-12 -1.54654e-13 2.40298e-13 1.19002 0.0818377 0.239933 2.66762e-05 1.19002 0.208796 1
0.047 5.57307e-23 -7.45971e-12 -1.53988e-13 2.44363e-13 1.19126 0.0801956 0.234948 2.07131e-05 1.19126 0.204457 1
0.046 5.66447e-23 -7.52064e-12 -1.52878e-13 2.47626e-13 1.19251 0.0785487 0.22996 1.59008e-05 1.19251 0.200113 1
0.045 5.72897e-23 -7.56334e-12 -1.5099e-13 2.5068e-13 1.19376 0.0768972 0.22497 1.20597e-05 1.19376 0.195764 1
0.044 5.76882e-23 -7.58958e-12 -1.48548e-13 2.53719e-13 1.19501 0.0752416 0.219977 9.02936e-06 1.19501 0.19141 1
0.043 5.78667e-23 -7.60131e-12 -1.45661e-13 2.56006e-13 1.19625 0.0735823 0.214983 6.66822e-06 1.19625 0.187054 1
0.042 1.04857e-23 -3.2358e-12 -6.93889e-14 1.02595e-13 1.1975 0.0719195 0.209988 4.85272e-06 1.1975 0.182694 1
0.041 1.04506e-23 -3.23038e-12 -6.81677e-14 1.02842e-13 1.19875 0.0702535 0.204991 3.47641e-06 1.19875 0.178333 1
0.04 1.74355e-24 -1.31948e-12 -2.9865e-14 4.05697e-14 1.2 0.0685845 0.199994 2.44877e-06 1.2 0.173971 1
0.039 1.72853e-24 -1.31378e-12 -2.94209e-14 4.04525e-14 1.20125 0.0669127 0.194996 1.69389e-06 1.20125 0.169608 1
0.038 1.71032e-24 -1.30685e-12 -2.90878e-14 4.03128e-14 1.2025 0.0652382 0.189997 1.14903e-06 1.2025 0.165245 1
0.037 2.60822e-25 -5.10343e-13 -1.16573e-14 1.53746e-14 1.20375 0.0635612 0.184998 7.63146e-07 1.20375 0.160882 1
0.036 2.57107e-25 -5.06699e-13 -1.16573e-14 1.50909e-14 1.205 0.0618818 0.179999 4.95401e-07 1.205 0.156519 1
0.035 2.53206e-25 -5.02838e-13 -1.13243e-14 1.52188e-14 1.20625 0.0602001 0.174999 3.13715e-07 1.20625 0.152156 1
0.034 2.49189e-25 -4.98832e-13 -1.15463e-14 1.49289e-14 1.2075 0.058516 0.17 1.93374e-07 1.2075 0.147794 1
0.033 9.32233e-21 -9.63978e-11 8.23563e-13 5.39537e-12 1.20875 0.0568298 0.165 1.15741e-07 1.20875 0.143432 1
0.032 9.18341e-21 -9.56602e-11 1.11688e-12 5.59379e-12 1.21 0.0551413 0.16 6.70816e-08 1.21 0.139071 1
0.031 9.0449e-21 -9.49155e-11 1.44285e-12 5.81907e-12 1.21125 0.0534507 0.155 3.75319e-08 1.21125 0.134712 1
0.03 8.90784e-21 -9.41683e-11 1.80767e-12 6.0754e-12 1.2125 0.0517579 0.15 2.01999e-08 1.2125 0.130352 1
0.029 3.4559e-22 -1.85719e-11 -1.08025e-13 8.13807e-13 1.21375 0.050063 0.145 1.04161e-08 1.21375 0.125994 1
0.028 7.63165e-23 -8.72879e-12 -1.05027e-13 3.37145e-13 1.215 0.048366 0.14 5.12251e-09 1.215 0.121637 1
0.027 3.53155e-23 -5.93791e-12 -7.56062e-14 2.25803e-13 1.21625 0.0466668 0.135 2.38996e-09 1.21625 0.11728 1
0.026 2.15877e-24 -1.46822e-12 -2.79776e-14 4.81484e-14 1.2175 0.0449655 0.13 1.05146e-09 1.2175 0.112925 1
0.025 2.11759e-24 -1.45415e-12 -2.65343e-14 4.83921e-14 1.21875 0.0432622 0.125 4.33143e-10 1.21875 0.10857 1
0.024 3.82418e-25 -6.1796e-13 -1.26565e-14 1.9583e-14 1.22 0.0415567 0.12 1.65703e-10 1.22 0.104216 1
0.023 3.74768e-25 -6.11745e-13 -1.23235e-14 1.95823e-14 1.22125 0.0398491 0.115 5.83048e-11 1.22125 0.0998636 1
0.022 6.25923e-26 -2.50009e-13 -5.32907e-15 7.70538e-15 1.2225 0.0381394 0.11 1.8655e-11 1.2225 0.0955117 1
0.021 6.12587e-26 -2.47336e-13 -5.32907e-15 7.43208e-15 1.22375 0.0364276 0.105 5.35435e-12 1.22375 0.0911607 1
0.02 1.96148e-21 -4.41489e-11 1.37135e-12 3.23635e-12 1.225 0.0347137 0.1 1.35632e-12 1.225 0.0868107 1
0.019 1.39289e-25 -3.72956e-13 -7.43849e-15 1.17381e-14 1.22625 0.0329977 0.095 2.97301e-13 1.22625 0.0824615 1
0.018 4.3866e-21 -6.58066e-11 3.94929e-12 6.36338e-12 1.2275 0.0312797 0.09 5.50474e-14 1.2275 0.0781133 1
0.017 8.53598e-22 -2.91237e-11 9.17266e-13 2.13646e-12 1.22875 0.0295595 0.085 8.35701e-15 1.22875 0.073766 1
0.016 3.26652e-25 -5.71122e-13 -8.99281e-15 1.97882e-14 1.23 0.0278373 0.08 1.00224e-15 1.23 0.0694196 1
0.015 2.93496e-21 -5.36088e-11 4.61875e-12 6.30246e-12 1.23125 0.026113 0.075 9.0577e-17 1.23125 0.065074 1
0.014 1.37573e-22 -1.1701e-11 2.62013e-13 7.68481e-13 1.2325 0.0243866 0.07 5.80581e-18 1.2325 0.0607294 1
0.013 5.56009e-22 -2.34256e-11 1.43796e-12 2.27692e-12 1.23375 0.0226581 0.065 2.43822e-19 1.23375 0.0563858 1
0.012 4.74436e-22 -2.1618e-11 1.47504e-12 2.21822e-12 1.235 0.0209276 0.06 6.0359e-21 1.235 0.052043 1
0.011 1.276e-22 -1.12425e-11 5.31353e-13 9.61354e-13 1.23625 0.0191949 0.055 7.62547e-23 1.23625 0.0477011 1
0.01 4.97277e-23 -7.02145e-12 3.04867e-13 5.77924e-13 1.2375 0.0174602 0.05 4.01794e-25 1.2375 0.0433601 1
0.009 7.42059e-23 -8.54746e-12 5.99742e-13 8.87195e-13 1.23875 0.0157235 0.045 6.59715e-28 1.23875 0.0390201 1
0.008 3.57653e-23 -5.93887e-12 3.84137e-13 5.89498e-13 1.24 0.0139846 0.04 2.17988e-31 1.24 0.0346809 1
0.007 2.09284e-24 -1.44318e-12 3.33067e-14 9.46841e-14 1.24125 0.0122438 0.035 7.29168e-36 1.24125 0.0303426 1
0.006 7.23022e-24 -2.66619e-12 1.9984e-13 2.85862e-13 1.2425 0.0105008 0.03 7.85599e-42 1.2425 0.0260053 1
0.005 1.90227e-24 -1.36913e-12 9.25926e-14 1.38472e-13 1.24375 0.00875581 0.025 3.47008e-50 1.24375 0.0216688 1
0.004 4.98483e-07 -0.000664913 -0.000152735 0.000181783 1.24439 0.00866811 0.0216623 1e-50 1.24411 0.0214475 1
0.003 2.54154e-06 -0.0013655 -0.000802444 0.000181783 1.24439 0.00866811 0.0184137 1e-50 1.24411 0.0214475 0
0.002 6.41047e-06 -0.00206608 -0.00145215 0.000181783 1.24439 0.00866811 0.0151652 1e-50 1.24411 0.0214475 0
0.001 1.21053e-05 -0.00276666 -0.00210186 0.000181783 1.24439 0.00866811 0.0119167 1e-50 1.24411 0.0214475 0
