0.010000 0.15
0.020000 0.1365
0.030000 0.1286
0.040000 0.123
0.050000 0.1187
0.070000 0.1124
0.100000 0.106
0.150000 0.099
0.200000 0.0944
0.250000 0.091
0.300000 0.0884
0.350000 0.0863
0.400000 0.0845
0.450000 0.083
0.500000 0.0817
0.550000 0.0806
0.600000 0.0796
0.650000 0.0787
0.700000 0.078
0.750000 0.0772
0.800000 0.0766
0.850000 0.076
0.900000 0.0755
0.950000 0.075
1.000000 0.0745
1.050000 0.0741
1.100000 0.0737
1.150000 0.0733
1.200000 0.0729
1.250000 0.0726
1.300000 0.0723
1.350000 0.072
1.400000 0.0717
1.450000 0.0715
1.500000 0.0712
1.550000 0.071
1.600000 0.0708
1.650000 0.0705
1.700000 0.0703
1.750000 0.0701
1.800000 0.07
1.850000 0.0698
1.900000 0.0696
1.950000 0.0695
2.000000 0.0693
2.050000 0.0692
2.100000 0.069
2.150000 0.0689
2.200000 0.0687
2.250000 0.0686
2.300000 0.0685
2.350000 0.0684
2.400000 0.0683
2.450000 0.0681
2.500000 0.068
2.550000 0.0679
2.600000 0.0678
2.650000 0.0677
2.700000 0.0676
2.750000 0.0676
2.800000 0.0675
2.850000 0.0674
2.900000 0.0673
2.950000 0.0672
3.000000 0.0671
3.050000 0.0671
3.100000 0.067
3.150000 0.0669
3.200000 0.0668
3.250000 0.0668
3.300000 0.0667
3.350000 0.0666
3.400000 0.0666
3.450000 0.0665
3.500000 0.0665
3.550000 0.0664
3.600000 0.0663
3.650000 0.0663
3.700000 0.0662
3.750000 0.0662
3.800000 0.0661
3.850000 0.0661
3.900000 0.066
3.950000 0.066
4.000000 0.0659
4.050000 0.0659
4.100000 0.0658
4.150000 0.0658
4.200000 0.0658
4.250000 0.0657
4.300000 0.0657
4.350000 0.0656
4.400000 0.0656
4.450000 0.0655
4.500000 0.0655
4.550000 0.0655
4.600000 0.0654
4.650000 0.0654
4.700000 0.0654
4.750000 0.0653
4.800000 0.0653
4.850000 0.0653
4.900000 0.0652
4.950000 0.0652
5.000000 0.0652