0.010000 0.1822
0.020000 0.1719
0.030000 0.1647
0.040000 0.1593
0.050000 0.1549
0.070000 0.1481
0.100000 0.1408
0.150000 0.1327
0.200000 0.1271
0.250000 0.123
0.300000 0.1197
0.350000 0.1171
0.400000 0.1149
0.450000 0.113
0.500000 0.1114
0.550000 0.1099
0.600000 0.1087
0.650000 0.1075
0.700000 0.1065
0.750000 0.1056
0.800000 0.1048
0.850000 0.104
0.900000 0.1033
0.950000 0.1027
1.000000 0.1021
1.050000 0.1015
1.100000 0.101
1.150000 0.1005
1.200000 0.1001
1.250000 0.0997
1.300000 0.0993
1.350000 0.0989
1.400000 0.0985
1.450000 0.0982
1.500000 0.0979
1.550000 0.0976
1.600000 0.0973
1.650000 0.097
1.700000 0.0968
1.750000 0.0965
1.800000 0.0963
1.850000 0.096
1.900000 0.0958
1.950000 0.0956
2.000000 0.0954
2.050000 0.0952
2.100000 0.095
2.150000 0.0949
2.200000 0.0947
2.250000 0.0945
2.300000 0.0944
2.350000 0.0942
2.400000 0.0941
2.450000 0.0939
2.500000 0.0938
2.550000 0.0936
2.600000 0.0935
2.650000 0.0934
2.700000 0.0933
2.750000 0.0932
2.800000 0.093
2.850000 0.0929
2.900000 0.0928
2.950000 0.0927
3.000000 0.0926
3.050000 0.0925
3.100000 0.0924
3.150000 0.0923
3.200000 0.0922
3.250000 0.0921
3.300000 0.0921
3.350000 0.092
3.400000 0.0919
3.450000 0.0918
3.500000 0.0917
3.550000 0.0917
3.600000 0.0916
3.650000 0.0915
3.700000 0.0914
3.750000 0.0914
3.800000 0.0913
3.850000 0.0912
3.900000 0.0912
3.950000 0.0911
4.000000 0.0911
4.050000 0.091
4.100000 0.0909
4.150000 0.0909
4.200000 0.0908
4.250000 0.0908
4.300000 0.0907
4.350000 0.0907
4.400000 0.0906
4.450000 0.0906
4.500000 0.0905
4.550000 0.0905
4.600000 0.0904
4.650000 0.0904
4.700000 0.0903
4.750000 0.0903
4.800000 0.0902
4.850000 0.0902
4.900000 0.0901
4.950000 0.0901
5.000000 0.0901