0.010000 0.1975
0.020000 0.1954
0.030000 0.1934
0.040000 0.1916
0.050000 0.1899
0.070000 0.1869
0.100000 0.183
0.150000 0.1779
0.200000 0.174
0.250000 0.1707
0.300000 0.168
0.350000 0.1657
0.400000 0.1637
0.450000 0.162
0.500000 0.1604
0.550000 0.1591
0.600000 0.1578
0.650000 0.1567
0.700000 0.1557
0.750000 0.1548
0.800000 0.1539
0.850000 0.1531
0.900000 0.1524
0.950000 0.1517
1.000000 0.1511
1.050000 0.1505
1.100000 0.15
1.150000 0.1494
1.200000 0.149
1.250000 0.1485
1.300000 0.1481
1.350000 0.1477
1.400000 0.1473
1.450000 0.1469
1.500000 0.1466
1.550000 0.1462
1.600000 0.1459
1.650000 0.1456
1.700000 0.1453
1.750000 0.1451
1.800000 0.1448
1.850000 0.1445
1.900000 0.1443
1.950000 0.1441
2.000000 0.1438
2.050000 0.1436
2.100000 0.1434
2.150000 0.1432
2.200000 0.143
2.250000 0.1428
2.300000 0.1427
2.350000 0.1425
2.400000 0.1423
2.450000 0.1422
2.500000 0.142
2.550000 0.1419
2.600000 0.1417
2.650000 0.1416
2.700000 0.1414
2.750000 0.1413
2.800000 0.1412
2.850000 0.1411
2.900000 0.1409
2.950000 0.1408
3.000000 0.1407
3.050000 0.1406
3.100000 0.1405
3.150000 0.1404
3.200000 0.1403
3.250000 0.1402
3.300000 0.1401
3.350000 0.14
3.400000 0.1399
3.450000 0.1398
3.500000 0.1397
3.550000 0.1396
3.600000 0.1395
3.650000 0.1395
3.700000 0.1394
3.750000 0.1393
3.800000 0.1392
3.850000 0.1391
3.900000 0.1391
3.950000 0.139
4.000000 0.1389
4.050000 0.1389
4.100000 0.1388
4.150000 0.1387
4.200000 0.1387
4.250000 0.1386
4.300000 0.1385
4.350000 0.1385
4.400000 0.1384
4.450000 0.1384
4.500000 0.1383
4.550000 0.1383
4.600000 0.1382
4.650000 0.1381
4.700000 0.1381
4.750000 0.138
4.800000 0.138
4.850000 0.1379
4.900000 0.1379
4.950000 0.1378
5.000000 0.1378