0.05 100.0 0.0 1.0 0.0 1.4410371999999998 0.0008323983310939999 0.9298350999999999 9.789421892459713e-05 0.8696648500000002 0.00046982322469959505 1.6916539 0.0007702388317226592 0.9231495300000006 8.558350705894557e-05 1.2806595 0.00039155023624148097 1.2340641000000003 0.0010058952539375202 1.0377557899999998 0.0019055075551847743 3.5001031000000005 0.004242024346216174 1.2122516 0.0008926453351654935 2.2689297999999996 0.002120850428395139 0.06219340499999998 3.915502363688106e-06 
0.1 100.0 0.0 1.0 0.0 1.4990040000000002 0.0004897010108153787 0.8668229800000004 0.0001069308514420609 0.7671810199999998 0.0003867365449512301 2.2982354000000007 0.000898789846609889 0.8557516699999996 9.986145210168793e-05 1.5327081999999992 0.00042773735823245404 1.0283968 0.0004804701422506829 0.7742506800000002 0.0010558271291152485 5.988616300000001 0.00523072542129306 1.0001582900000001 0.00042860401101426786 3.381433100000002 0.0025217287708491137 0.11934586000000003 8.551713510362508e-06 
0.15 100.0 0.0 1.0 0.0 1.6562332999999998 0.0005411999640794483 0.8092296199999996 0.00011897018350338995 0.6813215299999997 0.000346933400659438 2.8448411000000005 0.0010177015269000598 0.7950175799999998 0.00011307901944320508 1.7630816999999994 0.00047586067406039554 0.8886502700000001 0.0003668109316415802 0.6058908499999999 0.0007661629943271718 8.847241499999997 0.006717231299261937 0.8572325900000004 0.0003323476670814763 4.7265659 0.0032597139908149262 0.17210751 1.4277923487519693e-05 
0.2 100.0 0.0 1.0 0.0 1.8696099999999996 0.0006717313451206086 0.75612136 0.000131012594450786 0.6077269 0.00032329084382339294 3.3433015 0.001124731589113403 0.7396331500000001 0.0001249704432056306 1.9755143999999998 0.0005240830338945346 0.78187392 0.00032711880767365684 0.4865172099999998 0.0006139691119758824 11.954597 0.008326074159578806 0.7490564699999998 0.0002993389581974117 6.220553899999998 0.0040736482811208705 0.22097943999999994 2.0965282356951774e-05 
0.25 100.0 0.0 1.0 0.0 2.1191705 0.0008257842984105606 0.7068768499999999 0.00014242901908003753 0.5438262900000002 0.00030690780872559694 3.801159399999999 0.0012219306103302466 0.6887601 0.00013576728582177403 2.1724923000000005 0.0005697359187268072 0.6957620399999997 0.0003107020421390565 0.39735659 0.0005156043960429527 15.228250999999998 0.00998582089720271 0.66260587 0.0002855309148411912 7.812803499999998 0.004914639611182236 0.26637538000000005 2.849064330188614e-05 
0.3 100.0 0.0 1.0 0.0 2.3928503000000005 0.0009887722635075404 0.66103115 0.0001531509231978607 0.4878570999999999 0.0002942036945716395 4.2238937 0.0013111140351480738 0.64178954 0.00014567381262613346 2.3558754999999993 0.0006125740996173505 0.62400668 0.00030316928105699294 0.3285703100000001 0.0004447285265626559 18.607883000000008 0.011668359872267562 0.5911803899999998 0.00027894720357475876 9.468226499999998 0.0057661007438132945 0.30864748000000003 3.675900019386954e-05 
0.35000000000000003 100.0 0.0 1.0 0.0 2.6825290000000006 0.001155664401958487 0.6182140300000002 0.00016322959991480715 0.43851286 0.0002835589423797433 4.615774999999998 0.0013940431019145443 0.5982472400000001 0.00015489125999383223 2.5271439000000013 0.0006529685887012225 0.5628638899999998 0.0002994221237356396 0.27429117000000003 0.0003905550424858408 22.048092999999994 0.013360989204113891 0.53080027 0.0002754464600781592 11.161187999999997 0.006621768990286081 0.34809992 4.570496401821337e-05 
0.4 100.0 0.0 1.0 0.0 2.982423100000001 0.001324439811327779 0.5781191899999999 0.0001727602666680558 0.39477957999999996 0.0002741995850396138 4.980267000000001 0.0014719625708323214 0.55774811 0.00016355188650161472 2.687522800000001 0.0006910677980492735 0.50990279 0.000297345700252972 0.23072856999999997 0.0003476325198415715 25.514276 0.015058274809479596 0.4788834199999997 0.0002733552286661417 12.872502999999995 0.0074768401688847606 0.38499815999999987 5.528552021491969e-05 
0.45 100.0 0.0 1.0 0.0 3.2882803000000007 0.0014944874536366875 0.5404866399999999 0.00018183054393024802 0.35584656000000003 0.00026571519426447183 5.3202604000000004 0.0015459968429352548 0.51997112 0.00017176971461095803 2.838052999999998 0.0007273986321908643 0.4634442000000001 0.00029595888768467287 0.19529686000000004 0.0003127534735281119 28.979952000000004 0.01675747257064823 0.43364996000000017 0.0002718540913487164 14.587622999999999 0.00833224649848391 0.41957524000000007 6.546127116836343e-05 
0.5 100.0 0.0 1.0 0.0 3.5969170000000013 0.0016653714870562795 0.5050925799999999 0.0001905221279440666 0.32105275 0.00025786953421200637 5.6382071 0.0016168254964364 0.48464364 0.00017964484435468062 2.979629499999999 0.0007620638736994292 0.42227439999999994 0.00029480122150599505 0.16616152999999997 0.0002837907533571815 32.42481100000001 0.018458503996403423 0.39381748999999994 0.00027057258342113476 16.295489 0.00918765061325905 0.45203705 7.620638736426116e-05 
0.55 100.0 0.0 1.0 0.0 3.9059235000000014 0.0018371860295990227 0.47174111 0.00019891026262623188 0.2898514399999999 0.00025052063361079047 5.9362195 0.0016852523869292577 0.4515311999999998 0.0001872451521456483 3.113035599999999 0.0007956017888484355 0.38548555000000007 0.0002936790708836185 0.14198211000000005 0.0002592667556377523 35.83337300000001 0.02016158465259319 0.35842965 0.0002693397925952171 17.987672999999997 0.010042423796684678 0.48256608000000006 8.752006247419986e-05 
0.6 100.0 0.0 1.0 0.0 4.2134684 0.0020099524209219732 0.44026044 0.00020707227400956443 0.26178462 0.00024358708741645225 6.2161328 0.0017518991813727954 0.4204297900000001 0.00019465743257875557 3.238958800000002 0.0008282843506279898 0.3523789500000001 0.00029259402877412514 0.12175611999999994 0.00023810355574029897 39.19389500000001 0.02186952973291689 0.32675421 0.00026816671989378165 19.657828999999996 0.010899800851025189 0.51132499 9.939029479277737e-05 
0.65 100.0 0.0 1.0 0.0 4.518157799999998 0.002184078220169163 0.41049756000000026 0.0002150893508800292 0.23646615 0.00023699090420266174 6.479553699999998 0.0018176181869105062 0.39116075000000017 0.0002019652645214474 3.3580094999999996 0.0008603791300930885 0.32240565000000004 0.0002916803745103406 0.10471978500000001 0.00021955687591757104 42.49762 0.02358737467381453 0.29821832000000004 0.000267152805292463 21.301168000000004 0.011761667558546036 0.5384587399999999 0.00011184917310735353 
0.7000000000000001 100.0 0.0 1.0 0.0 4.8189396 0.0023599648934574087 0.38231650999999994 0.00022306268513495046 0.21356723000000002 0.00023069937618258848 6.727900900000002 0.0018830665951494845 0.3635666099999999 0.0002092229977310628 3.4707340000000015 0.0008922370872779176 0.2951260599999999 0.00029122239674146856 0.09028240300000004 0.000203067324212499 45.738108000000004 0.025320114283927803 0.27236558999999994 0.0002665410610382476 22.914196999999998 0.012629678733453924 0.5640972099999999 0.00012491624097983766 
0.75 100.0 0.0 1.0 0.0 5.115023599999998 0.0025382695582691064 0.35559516000000024 0.00023108601156886197 0.19280678000000007 0.0002246730894337121 6.962431500000001 0.0019489202722223215 0.33750762999999995 0.00021654118853322194 3.5776197 0.000924299566757644 0.2701827 0.0002915718654119283 0.07798071400000003 0.0001882548387159452 48.91079100000002 0.027077389980850693 0.24882688999999997 0.0002666393822733582 24.494388999999998 0.013510370009393962 0.5883571400000003 0.00013865549034040788 
0.8 100.0 0.0 1.0 0.0 5.405825599999998 0.002719796519355632 0.3302239 0.00023926258900978475 0.17394278999999993 0.0002188969443807897 7.184266300000003 0.0020160711675412044 0.31285930000000006 0.00022400209931914858 3.679104600000002 0.0009570354790901616 0.24728138000000005 0.0002931299949787712 0.06744763499999998 0.00017483983169402115 52.012556 0.028869047033905422 0.22729981 0.0002677945285830436 26.040001999999987 0.014408449880635832 0.6113433100000001 0.00015312521065648498 
0.85 100.0 0.0 1.0 0.0 5.690926699999998 0.0029055678689926226 0.30610359 0.000247705817896171 0.15676595999999995 0.00021337831141939943 7.3944047000000035 0.0020854985420273218 0.2895105599999999 0.0002317232920198566 3.7755856 0.0009908863034800112 0.22617659000000004 0.00029628301135691394 0.058389227000000016 0.00016261687606671852 55.041464000000005 0.03070997119892775 0.20753351000000003 0.0002703589619353956 27.549924000000015 0.015330541224310556 0.63315046 0.00016844849980290037 
0.9 100.0 0.0 1.0 0.0 5.970036000000001 0.0030969274159830286 0.2831447100000002 0.0002565487915738934 0.14109457000000003 0.00020811981753502857 7.593747599999997 0.002158169479648301 0.26736129999999997 0.000239793835825824 3.8674214 0.001026187595116805 0.2066620199999999 0.00030130058114212087 0.05056802299999998 0.00015143145515287383 57.996489999999966 0.03261488462430272 0.18931825000000008 0.00027457165052980844 29.02352999999999 0.01628341846807212 0.6538641800000002 0.00018471292827673902 
0.9500000000000001 100.0 0.0 1.0 0.0 6.242963700000001 0.0032952929419246906 0.26126575 0.00026589889483595456 0.12677011999999993 0.0002031358856926035 7.783103899999998 0.0022350494978621463 0.2463218599999999 0.0002483468079213774 3.9549374000000004 0.0010635801391229 0.18856235999999993 0.00030830256843616944 0.04379063000000001 0.0001411512791333849 60.877352 0.0346011485208354 0.17247655999999992 0.0002805722838490921 30.460573999999987 0.01727800304566225 0.6735619899999999 0.00020207986861795125 
1.0 100.0 0.0 1.0 0.0 6.5096042 0.003502549523364532 0.24039275000000004 0.00027587187764382823 0.11365407000000002 0.0001984616080025697 7.9632038 0.0023173564023635396 0.22631068000000001 0.00025748659921621275 4.0384287 0.0011034806174682313 0.17172732 0.00031723393225833833 0.037898412 0.00013166569359768053 63.68432799999999 0.0366894285070102 0.15685747999999997 0.00028829195530927064 31.861112000000006 0.018322922762537965 0.6923142099999996 0.00022069928288441417 
1.05 100.0 0.0 1.0 0.0 6.769911399999999 0.0037206431406999673 0.22045811000000004 0.00028660820186952624 0.101624646 0.0001941418593421878 8.134710100000001 0.0024059781689613467 0.20725440999999997 0.0002673307689344428 4.1181667000000015 0.001146433679273758 0.15602766 0.0003278363241678519 0.032760373 0.00012287786588198137 66.41813099999996 0.038899913437320174 0.14233133 0.0002975417705313892 33.225442999999984 0.01942949166907398 0.7101848399999998 0.00024075311908062624 
1.1 100.0 0.0 1.0 0.0 7.023889600000001 0.003951858671349883 0.20140037000000002 0.00029823606175449026 0.09057454300000004 0.00019020765238140266 8.298222499999998 0.002502190665807186 0.18908639999999996 0.0002780297930084074 4.194398800000002 0.0011930086191880673 0.14135124 0.00033972969023026345 0.028267711 0.00011470767227953259 69.07981599999998 0.04125823926762974 0.12878641000000005 0.0003079822316609795 34.554041 0.02060852998619998 0.7272323 0.00026244962278944083 
1.1500000000000001 100.0 0.0 1.0 0.0 7.271582499999995 0.004199143761331526 0.18316302 0.00031092273380356787 0.08040924199999998 0.00018673210532299837 8.454286600000003 0.002607393327420732 0.17174593999999996 0.0002897071116907453 4.267347900000002 0.0012436901244779332 0.12760067 0.0003524623199875416 0.024329574000000003 0.0001070975805853596 71.67069999999998 0.043791487826060654 0.11612606000000002 0.0003192062595939622 35.847515 0.0218754681034952 0.7435099600000002 0.0002860471964164824 
1.2 100.0 0.0 1.0 0.0 7.513065499999999 0.004466077221434152 0.16569456000000002 0.00032484758866874343 0.071044976 0.0001837939351509607 8.603399100000003 0.0027229604296639684 0.15517791000000003 0.0003025441138394307 4.3372217 0.001299357941851981 0.11469044999999997 0.0003656319803779759 0.020869721 0.00010001785039977255 74.19225399999999 0.04653344002813543 0.10426592100000003 0.00033086384096568043 37.106567 0.023246675635878525 0.7590667700000001 0.00031185571562651886 
1.25 100.0 0.0 1.0 0.0 7.748432199999997 0.0047572470097662365 0.14894746999999994 0.0003402721038981446 0.06240743300000002 0.00018151493496702 8.7460127 0.002851204843074705 0.13933184999999995 0.0003167973517489658 4.4042104 0.0013610147678462868 0.10254587799999997 0.00037893604870904224 0.017823905999999997 9.347776529015339e-05 76.64613099999997 0.04952976207720198 0.09313234900000003 0.00034267978135417735 38.33197299999999 0.0247439698859537 0.77394747 0.0003402721039021721 
1.3 100.0 0.0 1.0 0.0 7.9777977999999985 0.005079246925660023 0.13287831000000003 0.0003575795695211099 0.054430501999999985 0.00018007159119078132 8.882543400000003 0.002995264893748348 0.12416189000000002 0.0003328116803523742 4.468486699999997 0.001430266325292319 0.09110098999999998 0.00039235456234262367 0.015137684999999998 8.753009089878836e-05 79.03403399999998 0.05284592915744089 0.08266062300000004 0.0003546321606871611 39.524589000000006 0.02640126602623515 0.7881933999999999 0.0003718845202529342 
1.35 100.0 0.0 1.0 0.0 8.201288899999998 0.005441895050292571 0.11744685999999999 0.00037733403822606554 0.047055099999999996 0.0001797318374301253 9.013369800000001 0.0031600028448893285 0.10962555999999997 0.00035110848218753603 4.530212499999999 0.0015093376916842428 0.08029639999999999 0.00040622271652875476 0.012764691999999998 8.228054756356706e-05 81.357754 0.05657682614701907 0.07279287599999998 0.00036702684279255114 40.685261 0.02826703079204616 0.8018425899999998 0.0004075206318957522 
1.4000000000000001 100.0 0.0 1.0 0.0 8.4190442 0.005859602363928489 0.10261588299999999 0.000400423889577163 0.04022830299999999 0.0001808914608844679 9.138845 0.003352585260624483 0.09568390400000001 0.0003725130362172461 4.5895369000000015 0.0016016968232989222 0.07007761200000001 0.00042137388591908696 0.010665102099999999 7.788484495077688e-05 83.619161 0.06087021828278606 0.06347621999999999 0.0003806079987809192 41.814914 0.030413103393750657 0.8149297299999998 0.0004484745680351303 
1.45 100.0 0.0 1.0 0.0 8.631214800000002 0.0063544753087225875 0.08835029000000003 0.0004281943319906158 0.03390243 0.00018413322526096074 9.259294899999997 0.0035844128710924676 0.08230052899999998 0.0003982730118757961 4.646599 0.00171276667704433 0.060392768 0.00043918481551594705 0.008804431 7.453122506446484e-05 85.82020699999997 0.06595387684243069 0.05466074000000003 0.00039660403089224335 42.91450400000001 0.03295352709251172 0.8274863099999998 0.0004967039983140526 
1.5 100.0 0.0 1.0 0.0 8.837963400000001 0.006960994288468731 0.07461711700000001 0.00046276069202571147 0.028034527999999996 0.00019029871294930104 9.3750286 0.0038731816843909825 0.06944127700000001 0.0004303472650356925 4.7015312 0.001851036478725116 0.05119103799999998 0.00046157525712237313 0.007152618500000001 7.238924100436082e-05 87.96295300000001 0.07218135414981361 0.046297881 0.00041672579955095686 43.985061 0.03606627626728125 0.8395405399999997 0.0005553109720588761 
1.55 100.0 0.0 1.0 0.0 9.0394541 0.0077327245018631125 0.06138544600000003 0.0005073892182997318 0.022586413000000007 0.00020056507363274775 9.4863301 0.004245733308842492 0.057074445 0.0004717509677751047 4.7544580000000005 0.0020295268758752393 0.042421566 0.0004909508968119324 0.005683448599999998 7.15430247677626e-05 90.04947899999998 0.08010295920022846 0.03833954999999999 0.00044310806820346696 45.027582 0.04002622281399625 0.8511179000000001 0.0006291636919717033 
1.6 100.0 0.0 1.0 0.0 9.235674600000003 0.008733550299152475 0.04863720899999998 0.0005659275579473126 0.017528725000000005 0.00021605890465044118 9.593373800000002 0.004734078163195163 0.04518070599999999 0.0005260041862814788 4.805451499999998 0.002263689088103049 0.03403099899999999 0.000529902336574394 0.004374091600000001 7.191830473303995e-05 92.08012199999999 0.09037670604297575 0.030735788000000014 0.0004780443322313868 46.042250000000024 0.045161336549910884 0.8622556299999999 0.0007243871882706103 
1.6500000000000001 100.0 0.0 1.0 0.0 9.425347799999997 0.009906878243508613 0.036433972 0.0006347472066674802 0.012864065099999997 0.0002347570600556466 9.695664399999995 0.00530668914367596 0.033815086 0.0005896318903824968 4.8542637000000015 0.002539006063981242 0.025974052999999997 0.0005763528406201446 0.003205850300000001 7.309794885144871e-05 94.04246999999994 0.10244954234712092 0.0234442511 0.0005196707507017276 47.022842 0.05119631873841683 0.8730928200000001 0.0008378627984816113 
1.7 100.0 0.0 1.0 0.0 9.6025022 0.010673763687251593 0.02512658970000002 0.0006781202725815094 0.008694908700000002 0.0002435264971051249 9.790292699999998 0.005664670196677412 0.023300844099999992 0.0006294091314501272 4.899493500000002 0.0027124729984598786 0.018309300799999997 0.0006071207815663487 0.0021732821200000003 7.314764079514692e-05 95.87637699999998 0.11042844039352899 0.016516415300000004 0.000547214856188709 47.93927399999997 0.055185106281212856 0.8841721400000003 0.0009222451700047511 
1.75 100.0 0.0 1.0 0.0 9.753763599999997 0.010051914045128302 0.015524136199999998 0.0006353122564291809 0.005268546110000001 0.0002227027891259308 9.870538400000003 0.005302739187777663 0.014384632899999998 0.0005891898333887013 4.9379034000000015 0.0025411994499399426 0.011456051610000002 0.0005707875965240857 0.0013111751740000003 6.616371173647436e-05 97.44467499999999 0.10413030215440695 0.01032884567 0.0005143162291112472 48.72299599999999 0.05203824843183062 0.8967338299999998 0.0008894436102520569 
1.8 100.0 0.0 1.0 0.0 9.865215700000007 0.007926982146032914 0.00847450068 0.0004989237601815985 0.0028233625480000002 0.0001712229895862472 9.929380700000003 0.0041607965637023205 0.007846597500000004 0.00046231127723483695 4.9661015 0.0019956690676479314 0.006191286711 0.000442967387405378 0.0006842095906 4.948013626102912e-05 98.60194899999996 0.08212276960173884 0.005579390847500002 0.0003989862498519275 49.301317 0.04104126506470468 0.9122032899999997 0.0007184475829658984 
1.85 100.0 0.0 1.0 0.0 9.934163999999996 0.00528773906322892 0.004124367470999998 0.0003311533044764067 0.0013485098407999998 0.00011131244586014199 9.965656899999999 0.0027591952112502234 0.0038159404519999994 0.00030657686462342106 4.983502499999999 0.00132462189609471 0.002850611250367 0.0002741792858386591 0.0003047236143017999 2.9744641004503453e-05 99.31853000000001 0.05465643351874695 0.0025677349583989994 0.0002468800464881679 49.659418 0.027315819899025706 0.9311040500000003 0.0004901025564815022 
1.9000000000000001 100.0 0.0 1.0 0.0 9.9710909 0.00296918074933042 0.0017973242829999996 0.00018463656320085044 0.0005767150664099999 6.0560580591303295e-05 9.985044599999998 0.0015368112533547308 0.0016617014380799994 0.00017075556943256867 4.992810800000001 0.0007385575898719232 0.00102634406112689 0.00012798303345204192 0.000107704535905979 1.369406970556826e-05 99.70258699999997 0.030531476567550918 0.0009242731184355305 0.00011523604444921631 49.851348000000016 0.01526060526127145 0.9527319099999997 0.00028064726121258447 
1.95 100.0 0.0 1.0 0.0 9.989561999999994 0.0013010606524264242 0.0006408245940709998 8.012373633610983e-05 0.00020238171935999997 2.5513565132944142e-05 9.994671300000002 0.0006661384036917407 0.0005921087429770002 7.401722548157352e-05 4.997436900000001 0.00032048764986164306 0.00022904911947463791 4.299908720935631e-05 2.4016147288678665e-05 4.752851140213883e-06 99.89376299999999 0.013269410134039514 0.00020626781866134268 3.874179849205521e-05 49.946890999999994 0.006633683908107364 0.9759997199999999 0.00012499383432414493 
2.0 100.0 0.0 1.0 0.0 9.997333200000002 0.00040474265573746176 0.00016214994115499996 2.4805889710033207e-05 5.0675762975159985e-05 7.873855661085605e-06 9.998651800000003 0.00020624336724406946 0.00014976394013750007 2.2913474278090385e-05 4.999351300000002 9.923191422922908e-05 3.0485250233276002e-05 1.3463208433835155e-05 3.312154659621516e-06 1.6080676851030904e-06 99.97308299999997 0.004113473005142078 2.746600843403621e-05 1.214547936976614e-05 49.98654299999999 0.0020562992291451327 1.0002593000000004 3.968860158398672e-05 
2.05 100.0 0.0 1.0 0.0 9.999509600000003 0.00010400960233506709 2.9693139110410005e-05 6.356132686569107e-06 9.336408905906002e-06 2.202613409795256e-06 9.999753400000001 5.301776831275741e-05 2.7431302940690005e-05 5.8916305039934196e-06 4.999881700000002 2.5432671927352737e-05 3.4892361397719485e-06 2.839141074966001e-06 4.071817653051737e-07 3.449581333889202e-07 99.99506699999996 0.0010577978228277767 3.146788614305309e-06 2.562005362596251e-06 49.997535999999975 0.0005287107665789194 1.0250483000000001 1.0401975414803679e-05 
2.1 100.0 0.0 1.0 0.0 9.999928700000003 2.179110271635642e-05 4.302992919675001e-06 1.3096521038256682e-06 1.3738455005212998e-06 4.804515124447391e-07 9.999964400000001 1.0925458222626541e-05 3.9775309994310025e-06 1.2171416211896533e-06 4.999983000000001 5.22970895112815e-06 1.8849948626090782e-07 1.754509491502457e-07 2.2340691778443358e-08 2.112103380045748e-08 99.99928599999997 0.00021880148822914255 1.700370841221914e-07 1.5830281468552084e-07 49.99964399999997 0.00010925505828515358 1.050006399999999 2.2023719645088565e-06 
2.15 100.0 0.0 1.0 0.0 9.999992200000003 2.978348136430032e-06 5.018990589058999e-07 1.7711886842671917e-07 1.6013248867376994e-07 6.505195737551187e-08 9.999996500000002 1.4856270884101512e-06 4.639244728155e-07 1.646288914144362e-07 4.999998300000001 7.622639452104645e-07 3.624631415049048e-09 3.4491209329938417e-09 4.2072954524233093e-10 4.0462111359191004e-10 99.99992199999998 2.9785800168628277e-05 3.268639558990546e-09 3.110839871203909e-09 49.999964999999996 1.4858049971693554e-05 1.0750004000000017 3.1364024115838094e-07 
2.2 100.0 0.0 1.0 0.0 9.9999996 3.1313718644532436e-07 5.132060076395997e-08 1.8983190493033744e-08 1.6193345104104e-08 6.883994222106595e-09 9.999999800000001 1.9804534585280596e-07 4.741755891557001e-08 1.7635197746404806e-08 4.999999900000001 9.902267292640298e-08 4.216152180133318e-11 4.0285039139795336e-11 4.750592932781831e-12 4.5821770280558395e-12 99.999996 3.139892126685015e-06 3.800477669856044e-11 3.6318074649896766e-11 49.999998 1.9901882891377646e-06 1.099999999999998 4.214684851089403e-09 
2.25 100.0 0.0 1.0 0.0 10.0 0.0 4.926669436742999e-09 1.857263788621735e-09 1.5330789566349995e-09 6.63410467070497e-10 10.0 0.0 4.5496023285759e-09 1.724271139677861e-09 5.0 0.0 4.0576913502050905e-13 3.880504727296378e-13 4.4333690355919516e-14 4.2781642019828e-14 100.0 0.0 3.656090480784365e-13 3.496866361777519e-13 50.0 0.0 1.125 0.0 
2.3000000000000003 100.0 0.0 1.0 0.0 10.0 0.0 4.5692663789318015e-10 1.7419876497564047e-10 1.4014389410728e-10 6.127628324695097e-11 10.0 0.0 4.217287547797699e-10 1.616212756596218e-10 5.0 0.0 3.5836371454191625e-15 3.4282652788852603e-15 3.7975615759446627e-16 3.6648753998088705e-16 100.0 0.0 3.2276471456085297e-15 3.0880641478856713e-15 50.0 0.0 1.150000000000002 5.575503985246928e-09 
2.35 100.0 0.0 1.0 0.0 10.0 0.0 4.145354987470899e-11 1.5941730858702962e-11 1.2531124625452896e-11 5.523187494434397e-12 10.0 0.0 3.823994323974103e-11 1.478139052737773e-11 5.0 0.0 3.011883049578821e-17 2.882144868664697e-17 3.096889391257892e-18 2.9889475931642967e-18 100.0 0.0 2.7116417899401627e-17 2.5951191914865896e-17 50.0 0.0 1.174999999999998 6.143906154658885e-09 
2.4 100.0 0.0 1.0 0.0 10.0 0.0 3.702544914245599e-12 1.4347723535671923e-12 1.10325791661445e-12 4.897174893801868e-13 10.0 0.0 3.4137420277582005e-12 1.3295345330172858e-12 5.0 0.0 2.4479818158576237e-19 2.3433451158539156e-19 2.4433966498334375e-20 2.358618653481285e-20 100.0 0.0 2.2031290885043125e-19 2.1091766377825106e-19 50.0 0.0 1.200000000000002 7.742870483855355e-09 
2.45 100.0 0.0 1.0 0.0 10.0 0.0 3.268495773029998e-13 1.2755106447091768e-13 9.601439243973601e-14 4.28991055524531e-14 10.0 0.0 3.0120035438277e-13 1.1812405994985524e-13 5.0 0.0 1.9410200033228958e-21 1.858785281357521e-21 1.881491091303804e-22 1.8166215334109374e-22 100.0 0.0 1.7462594376654445e-21 1.6724409571005652e-21 50.0 0.0 1.2249999999999979 8.296615425989063e-09 
2.5 100.0 0.0 1.0 0.0 10.0 0.0 2.858970936973801e-14 1.1230889552557148e-14 8.2810108675131e-15 3.722864622276072e-15 10.0 0.0 2.6333172020377e-14 1.0394905116492537e-14 5.0 0.0 1.5096374504327733e-23 1.4462898931978056e-23 1.4217225603481827e-24 1.3730722178976918e-24 100.0 0.0 1.3576964440098072e-23 1.3008467965386414e-23 50.0 0.0 1.25 0.0 
2.5500000000000003 100.0 0.0 1.0 0.0 10.0 0.0 2.4823749267466004e-15 9.812762385845038e-16 7.0908480441282e-16 3.206550307382689e-16 10.0 0.0 2.2853431455478004e-15 9.07726920872083e-16 5.0 0.0 1.1560049993963822e-25 1.107977588852118e-25 1.0581539136912984e-26 1.022241022103345e-26 100.0 0.0 1.0393144576181642e-25 9.962243400619621e-26 50.0 0.0 1.2750000000000024 5.960464477539063e-09 
2.6 100.0 0.0 1.0 0.0 10.0 0.0 2.1423466392932007e-16 8.519209539694966e-17 6.0360416227973e-17 2.7448272446914672e-17 10.0 0.0 1.971375489982801e-16 7.876378421282305e-17 5.0 0.0 8.738893594121201e-28 8.379459993615755e-28 7.77799601310721e-29 7.516263298399753e-29 100.0 0.0 7.854319536784688e-28 7.53191426315021e-28 50.0 0.0 1.2999999999999983 5.3726900748371914e-09 
2.65 100.0 0.0 1.0 0.0 10.0 0.0 1.8395415546220008e-17 7.356682599703087e-18 5.113006733785201e-18 2.337470172888968e-18 10.0 0.0 1.6919584888664606e-17 6.79795479906766e-18 5.0 0.0 6.535113896341381e-30 6.2689894958009706e-30 5.657915106511546e-31 5.4691616844455475e-31 100.0 0.0 5.8718548612478555e-30 5.633202193571802e-30 50.0 0.0 1.3250000000000015 5.575503985246928e-09 
2.7 100.0 0.0 1.0 0.0 10.0 0.0 1.57276155517637e-18 6.323876069894939e-19 4.3132694533323e-19 1.9818653485896147e-19 10.0 0.0 1.44593652552097e-18 5.840574038531321e-19 5.0 0.0 4.8421640564773724e-32 4.6468980018324415e-32 4.079422971497101e-33 3.944490887987009e-33 100.0 0.0 4.349477966349022e-32 4.174408417224829e-32 50.0 0.0 1.3499999999999974 7.598131170262075e-09 
2.75 100.0 0.0 1.0 0.0 10.0 0.0 1.33972936624004e-19 5.4147488821613247e-20 3.625834470472928e-20 1.6740534549241937e-20 10.0 0.0 1.2311579637933406e-19 4.9984007690712333e-20 5.0 0.0 3.5592956858665885e-34 3.4171199442249513e-34 2.9190357392851704e-35 2.8232923874686074e-35 100.0 0.0 3.1962498749398837e-34 3.0688073036935e-34 50.0 0.0 1.375 0.0 
2.8000000000000003 100.0 0.0 1.0 0.0 10.0 0.0 1.1375931025161503e-20 4.620481350137685e-21 3.0387513482018883e-21 1.4094603363323393e-21 10.0 0.0 1.0449583287858105e-20 4.2631132011724195e-21 5.0 0.0 2.598202417776159e-36 2.4953664645140664e-36 2.075012571530105e-37 2.0075064583748495e-37 100.0 0.0 2.3325655611191456e-36 2.2404055578773095e-36 50.0 0.0 1.4000000000000026 8.024520884654677e-09 
2.85 100.0 0.0 1.0 0.0 10.0 0.0 9.632739982213798e-22 3.930924585210659e-22 2.5400525895229094e-22 1.1833247266141118e-22 10.0 0.0 8.844658461956e-22 3.6251405820212616e-22 5.0 0.0 1.8850986316194907e-38 1.8111446673058423e-38 1.4665827185147943e-39 1.419246121979897e-39 100.0 0.0 1.691935900641978e-38 1.6256730047764072e-38 50.0 0.0 1.4249999999999994 5.575503985246928e-09 
2.9 100.0 0.0 1.0 0.0 10.0 0.0 8.136757057075398e-23 3.33542300700618e-23 2.1183470312953288e-23 9.910054369845388e-24 10.0 0.0 7.468054993423897e-23 3.074534051786396e-23 5.0 0.0 1.3603549911485772e-40 1.3074393954437185e-40 1.0313260498457466e-41 9.982905448949241e-42 100.0 0.0 1.220667423403398e-40 1.1732641486470373e-40 50.0 0.0 1.4500000000000002 4.214684851089403e-09 
2.95 100.0 0.0 1.0 0.0 10.0 0.0 6.858283028249298e-24 2.823489746277643e-24 1.7631082897993005e-24 8.281208742202081e-25 10.0 0.0 6.292148516334701e-24 2.6014444556752858e-24 5.0 0.0 9.769838817720508e-43 9.39289919437211e-43 7.220191688202222e-44 6.990601747727346e-44 100.0 0.0 8.764522292652499e-43 8.426913337986967e-43 50.0 0.0 1.4749999999999972 7.300048299977714e-09 
