0.05 20.0 0.0 1.0 0.0 1.082658 0.00019437489562318836 0.9362762 0.00016010164276468713 0.8889906999999999 0.00026214881463024935 1.6207989999999999 0.0012160858933688774 0.9310223999999998 0.0001351879581977513 1.2548949999999999 0.0006400425767346755 0.9141053999999998 0.00031111792623374944 0.8222027000000001 0.0005680141908320555 2.6915299999999998 0.004089364009260129 0.903894 0.0002532598665335567 1.756866 0.002141672337223214 0.062451049999999994 6.40042577380275e-06 
0.1 20.0 0.0 1.0 0.0 1.195233 0.00040321470707934494 0.8769125000000001 0.00018541301186771595 0.7931838999999999 0.00025241697447210586 2.191517 0.0014325802246283035 0.8676091999999999 0.00015920620599796227 1.492351 0.0007419830860466821 0.8016654000000001 0.00033818232357193516 0.6536143 0.00047165623180598753 4.885388999999999 0.006489308044820996 0.7852152 0.0002804033808430002 2.769502 0.0033168731660934542 0.120153 1.4848568950652574e-05 
0.15 20.0 0.0 1.0 0.0 1.36436 0.0006405903527408073 0.8215731 0.00020753931919393473 0.709463 0.0002712405943310803 2.7179519999999995 0.00161744230200937 0.8091164 0.00017969625492539765 1.7137059999999997 0.0008303025955037667 0.7046249 0.0003543898827543723 0.5232731 0.0004375092787583019 7.483332999999999 0.009035404257777165 0.6844749000000001 0.00029742684643622547 4.003302 0.0045744137985395065 0.17358880000000002 2.4894899075756237e-05 
0.2 20.0 0.0 1.0 0.0 1.576009 0.0008908327003517981 0.7698900999999999 0.00022629261809795515 0.635957 0.00029567593746865876 3.204922 0.001773724781367629 0.7550083999999999 0.0001970994774453605 1.9204400000000004 0.0009052800670857238 0.6203581 0.00036170558330777457 0.42140049999999996 0.0004175653541734425 10.37585 0.011630780283386677 0.5982516999999999 0.00030626847863749455 5.398615 0.005856898368533916 0.2231824 3.6201712652729094e-05 
0.25 20.0 0.0 1.0 0.0 1.8193860000000004 0.001144663443928673 0.7215358000000001 0.0002419975536766552 0.5711455000000001 0.0003164612535289626 3.656568 0.0019068763987437527 0.7048256 0.0002119209852466623 2.1138570000000003 0.0009678016841688369 0.5468092 0.00036217141798923133 0.34104639999999997 0.0003954368015260732 13.47836 0.014198930945617824 0.5239466000000002 0.0003088994075630096 6.909698000000001 0.007131924256365418 0.26930719999999997 4.840057853549682e-05 
0.3 20.0 0.0 1.0 0.0 2.086114 0.0013977984118064143 0.6762192999999999 0.0002552202598085947 0.5137795000000001 0.00033070619134487154 4.076465 0.002020877655981148 0.6581704 0.0002245655895190682 2.295123 0.0010212698468398597 0.48234059999999995 0.0003575646291297664 0.2771666 0.00036842163888728825 16.725240000000003 0.016710776163576756 0.45954359999999994 0.0003069402612941264 8.501205 0.008378537014177683 0.31229260000000003 6.127482352924673e-05 
0.35000000000000003 20.0 0.0 1.0 0.0 2.3696360000000003 0.001644939634125827 0.6336802 0.0002663173970877446 0.4628241 0.00033865122027963777 4.467735 0.0021182876338444673 0.6146959999999999 0.00023530163623186934 2.4652789999999998 0.0010652271589129299 0.4256276 0.00034939247845029963 0.22603789999999999 0.00033772626341477735 20.065310000000004 0.019133909427659985 0.403451 0.0003017231843898323 10.14567 0.009581806197027786 0.35243050000000004 7.455269947138721e-05 
0.4 20.0 0.0 1.0 0.0 2.664809 0.0018840814472785442 0.5936851000000001 0.00027559421072925484 0.41741419999999996 0.0003410531571500692 4.833105000000001 0.002201404210893622 0.5740993999999999 0.0002445608799803886 2.6252590000000002 0.0011023388316324994 0.3755855 0.0003387335309642086 0.18487130000000002 0.0003053444628599275 23.45854 0.021457861962538252 0.35439509999999996 0.0002940787802675611 11.821689999999998 0.010739594499030837 0.3899793 8.815759185355675e-05 
0.45 20.0 0.0 1.0 0.0 2.967577 0.002113719967265639 0.5560251 0.00028346436989119383 0.3768227 0.0003388347694641245 5.174975000000001 0.0022719626976225047 0.5361138000000001 0.0002524913384552904 2.775899 0.001133443823072459 0.3313167 0.000326398040742685 0.15155249999999998 0.0002728949706401966 26.87368 0.023669718206859345 0.311343 0.00028462090576828467 13.512620000000002 0.011839525328018182 0.4251690999999999 0.00010208716375730825 
0.5 20.0 0.0 1.0 0.0 3.2747440000000005 0.00233285670362865 0.5205118 0.0002899840616359941 0.3404345 0.000333007514935846 5.49547 0.0023324223459350603 0.5005033 0.0002592194070624497 2.917953 0.001160069006636085 0.29207120000000003 0.0003129613969783176 0.1244618 0.00024151210321643043 30.286399999999997 0.025771945988459218 0.27344799999999997 0.00027405149151474073 15.20544 0.012881305834612214 0.45820470000000013 0.00011600690058608894 
0.55 20.0 0.0 1.0 0.0 3.583787 0.0025412776511089218 0.4869758 0.0002954326589913616 0.30772749999999993 0.00032432496820906465 5.796466000000001 0.002385047672472319 0.4670592000000001 0.0002650109355991069 3.0520970000000003 0.001182017808576697 0.257218 0.00029874698324923785 0.10234620000000001 0.0002120679513730045 33.67775999999999 0.02774530302692802 0.2400102 0.00026256967837230385 16.89006 0.013869990627291615 0.4892694000000001 0.0001299559309683196 
0.6 20.0 0.0 1.0 0.0 3.8927199999999997 0.002737186146481599 0.45526370000000005 0.00029996616641363513 0.27825500000000003 0.00031362665702524054 6.079635000000001 0.0024286606388487634 0.4355962 0.00026988556093342274 3.1789449999999997 0.0011996801658311965 0.2262219 0.00028422710813772047 0.08422892 0.0001849621484521239 37.0332 0.029611555176638934 0.21044490000000002 0.0002507108872768743 18.55872 0.014801255351968813 0.5185266 0.00014395278391996392 
0.65 20.0 0.0 1.0 0.0 4.199988 0.0029235029673266924 0.4252374 0.00030373357404573585 0.2516342 0.0003014344306830718 6.346465 0.0024657689470468655 0.4059481999999999 0.00027399981022393425 3.2990489999999992 0.0012153982476724842 0.19862639999999998 0.00026967117754757915 0.06934153 0.00016038219293307022 40.34152 0.031358015880680205 0.18426130000000002 0.00023853331213635577 20.20544 0.015673494824135954 0.5461235 0.0001579614668397637 
0.7000000000000001 20.0 0.0 1.0 0.0 4.504372 0.0030977426620182632 0.3967715 0.00030683012400860266 0.2275357 0.00028821880750578785 6.598292000000001 0.0024967149617161483 0.3779675 0.0002774425435989402 3.412914 0.0012271823010938346 0.1740397 0.00025497525566322307 0.05707643999999999 0.0001383720768076046 43.594319999999996 0.032993613927992466 0.16104380000000001 0.00022619521657103706 21.82569 0.01648857452896227 0.572192 0.00017183073064450273 
0.75 20.0 0.0 1.0 0.0 4.804926 0.003261390868928894 0.3697523 0.0003092336349780263 0.20567410000000003 0.0002743707509901906 6.836307 0.0025226446636003154 0.35152150000000004 0.0002803440475523869 3.520991 0.0012376602522461476 0.15212409999999998 0.00024051118269362377 0.04694975999999999 0.00011885231440762527 46.78532 0.03451849011736259 0.14043799999999998 0.00021383942573889272 23.41613 0.01725069302954057 0.5968514 0.00018559914870649045 
0.8 20.0 0.0 1.0 0.0 5.100929 0.003415057378772688 0.3440766 0.00031122776868619826 0.1858027 0.0002602936053797165 7.061584999999999 0.0025442060650566504 0.3264907 0.0002826729930449696 3.6236940000000004 0.0012454502799267902 0.1325867 0.00022625198562724815 0.03857395 0.00010166509061609522 49.910039999999995 0.0359456929276514 0.12214080000000001 0.00020166138946254306 24.97431 0.01796665494751535 0.6202089 0.00019920981153948375 
0.85 20.0 0.0 1.0 0.0 5.391834 0.0035575208221501013 0.3196505 0.0003127111526645422 0.1677063 0.000246081411324925 7.2750889999999995 0.0025612561176466668 0.3027677 0.00028455562022609577 3.7213979999999998 0.0012507260293257748 0.1151729 0.00021231346872048546 0.03163703999999999 8.664780343462303e-05 52.9653 0.03727079017223665 0.10589109999999999 0.00018953007413201355 26.49846 0.01862889798081266 0.6423623 0.0002126817834140248 
0.9 20.0 0.0 1.0 0.0 5.677227 0.003691315226209903 0.2963889 0.0003138058778900215 0.15119699999999997 0.00023209381723950998 7.477694000000001 0.0025745377058520856 0.2802565 0.0002860408799464063 3.814445 0.0012552953835808214 0.09966019 0.00019865043289702463 0.025886609999999997 7.358841546061153e-05 55.94908999999999 0.03850390486841709 0.09146305 0.00017759693085707507 27.987489999999998 0.01923962811536243 0.6633997999999999 0.00022600295576890323 
0.9500000000000001 20.0 0.0 1.0 0.0 5.956811999999999 0.0038153675577303784 0.2742139 0.00031452766014938594 0.136111 0.00021845109292478322 7.670179 0.0025837548063733333 0.25886899999999996 0.0002871824507206561 3.9031439999999997 0.0012580907757705159 0.08585356 0.0001852938256935008 0.02111751 6.230400861909588e-05 58.860200000000006 0.03963771184101716 0.07866068 0.00016590935464900848 29.440640000000002 0.01981255763329874 0.6834025000000001 0.0002390334808826744 
1.0 20.0 0.0 1.0 0.0 6.230376 0.003930511467992244 0.25305520000000004 0.00031487784297826274 0.1223041 0.00020523486302335855 7.853253999999998 0.0025914398320009743 0.2385274 0.0002878533029185851 3.9877790000000006 0.0012593771872162363 0.07358175 0.00017229974419605718 0.0171624 5.259368022870342e-05 61.69795999999999 0.04068965765582657 0.06731293999999999 0.000154461369410711 30.857539999999993 0.020336392011427302 0.7024442000000001 0.00025190322743762645 
1.05 20.0 0.0 1.0 0.0 6.497769000000001 0.004036054124898566 0.23284959999999993 0.00031485502060789056 0.10964919999999997 0.0001925283771304371 8.027555 0.0025947305251726163 0.21916059999999998 0.0002882786221705335 4.068601999999999 0.0012595950143373556 0.06269364999999999 0.00015964004212650122 0.01388413 4.4274141550146675e-05 64.46226 0.04164152062619069 0.05727037999999999 0.00014327126774125657 32.23808 0.020815008047118052 0.7205934999999999 0.0002645034310157057 
1.1 20.0 0.0 1.0 0.0 6.758882 0.004132551221713847 0.21353919999999998 0.00031456887322264663 0.09803587999999999 0.00018047585035164905 8.193649 0.0025941582257075946 0.20070550000000004 0.0002882881284401583 4.145843 0.0012580167327421216 0.05305582 0.00014729241922132062 0.01116999 3.7166534543920225e-05 67.15321 0.042506207663637594 0.04840182999999999 0.00013231090737384572 33.58219 0.021247576097590485 0.7379146 0.00027675784360545283 
1.1500000000000001 20.0 0.0 1.0 0.0 7.013625 0.00421846352358835 0.19507449999999998 0.00031384238879005803 0.08736616 0.00016907157726820993 8.352038 0.002591585151890137 0.18310700000000002 0.00028792113503501546 4.219703 0.0012548769261322994 0.04455014 0.0001352645749631384 0.008927024 3.1123636040770555e-05 69.77092999999999 0.043273292110510446 0.04059202 0.0001215940005099209 34.889939999999996 0.021628505265287454 0.7544686 0.00028867778577224 
1.2 20.0 0.0 1.0 0.0 7.2619110000000004 0.004293546191690563 0.1774115 0.00031262825368118084 0.07755457000000002 0.00015836240276576987 8.503152000000002 0.002584360577689432 0.16631610000000002 0.0002870709128407578 4.290354 0.001250316919992453 0.037071969999999996 0.00012351659973485114 0.007078332999999999 2.5994428943567842e-05 72.31546999999999 0.04392940029300636 0.03373934 0.00011110502346877432 36.16126000000001 0.02196547836739908 0.7703150999999999 0.0003000956330933465 
1.25 20.0 0.0 1.0 0.0 7.503621 0.004355529921951757 0.1605145 0.0003107840488178433 0.06852662 0.00014835367053103683 8.647355999999998 0.0025711760736107704 0.1502936 0.00028574702798152843 4.357940000000001 0.001243235295147487 0.03052842 0.00011202218066068822 0.005560140999999999 2.164754958189528e-05 74.78641 0.04445873018808583 0.02775417 0.00010081580337423732 37.396 0.022228544711607533 0.7855144999999999 0.0003107840488474267 
1.3 20.0 0.0 1.0 0.0 7.738574 0.004403061026137476 0.14435680000000004 0.0003082803529233125 0.06021806999999999 0.00013901303971233653 8.784928 0.002552717297105354 0.13500799999999996 0.0002836091676960123 4.422573 0.0012331837253324641 0.0248369 0.0001007746962288534 0.0043194 1.7964722541692513e-05 77.18271000000001 0.04483852907504006 0.02255717 9.073187097152215e-05 38.59353 0.022406566224721185 0.8001311 0.00032063064264920384 
1.35 20.0 0.0 1.0 0.0 7.966492000000001 0.004430155933939198 0.1289211 0.00030478157588626013 0.05257455999999999 0.00013028382340137562 8.916055 0.00252626216000011 0.12043820000000001 0.00028060198858840917 4.484316 0.0012192097440977543 0.01992364 8.973963917920276e-05 0.0033118460000000002 1.4840237882192054e-05 79.50220999999999 0.04502178017562192 0.01807789 8.081784512102196e-05 39.752750000000006 0.022508612795103224 0.8142349000000001 0.0003291823035672102 
1.4000000000000001 20.0 0.0 1.0 0.0 8.18695 0.004432963117579637 0.1142036 0.000300105421476777 0.04555128 0.00012206076748903353 9.040819 0.002487470381501502 0.1065755 0.00027640189036986243 4.543186 0.0012002951303196623 0.015722439999999997 7.892398773511034e-05 0.0025003950000000003 1.2179962253631834e-05 81.74124 0.04497421750036486 0.01425333 7.10981688231261e-05 40.871860000000005 0.0224808949994886 0.8279079000000001 0.0003361558700593485 
1.45 20.0 0.0 1.0 0.0 8.399333 0.004405256416938436 0.10021443000000001 0.00029362423947937864 0.03911283 0.00011418682502806088 9.159171 0.0024356705234669135 0.09342537 0.0002706123533953598 4.599142 0.001174262151466885 0.01217292 6.835237347743505e-05 0.001853813 9.90567302610003e-06 83.89408 0.04460463383965453 0.011026349999999999 6.157995006494283e-05 41.94797 0.02230033206094147 0.8412487000000001 0.0003405826492534464 
1.5 100.0 0.0 1.0 0.0 8.635479 0.004727747973561584 0.08485532999999999 0.0003096922220691046 0.03242153 0.00011383411443865916 9.288734999999999 0.0025724825558435596 0.07902934 0.0002858149450954449 4.660579 0.001238951532434459 0.008783524 6.172866592111544e-05 0.0012819049999999999 8.360090938504363e-06 86.28325000000001 0.047781792030908876 0.007950011000000002 5.5643216108502596e-05 43.14226 0.02389198275474521 0.8518264999999999 0.00037166746564510326 
1.55 100.0 0.0 1.0 0.0 8.844405 0.004778354162454759 0.0714504 0.00030847803681962775 0.02673642 0.00010948510930714393 9.401659 0.002563795799169337 0.06648218000000002 0.0002848635265522398 4.7141980000000006 0.001233322180007381 0.00626236 5.226830969144532e-05 0.0008766767999999999 6.743968141680982e-06 88.39309999999998 0.04820343141727014 0.005663952 4.7119541695572534e-05 44.19698999999999 0.024102487217418405 0.8635983999999999 0.00038245674791484723 
1.6 100.0 0.0 1.0 0.0 9.048089000000001 0.004823602688751491 0.05853364 0.00030719880149514614 0.02145975 0.00010599979834884143 9.510271999999999 0.002554354243593516 0.054414319999999995 0.00028383044544242426 4.765866 0.0012291315633329138 0.0042260629999999995 4.3050478744150994e-05 0.0005679357 5.331866491295727e-06 90.44651999999999 0.04858225355370472 0.0038196030000000004 3.881077396934241e-05 45.22354 0.02428903126893591 0.8749231 0.0003931967815391783 
1.6500000000000001 100.0 0.0 1.0 0.0 9.246655999999998 0.0048639336347209156 0.04608031 0.00030577241387996583 0.016558620000000003 0.00010332001916370272 9.6148 0.0025440275151767497 0.04280012 0.00028265536357910767 4.815678 0.0012232062785774622 0.0026335819999999998 3.4056826005958186e-05 0.00034001959999999993 4.077712933005996e-06 92.44514999999998 0.048916711361471 0.0023787409999999998 3.070248603778146e-05 46.22275 0.024458643667252904 0.8858260000000001 0.0004036351570100541 
1.7 100.0 0.0 1.0 0.0 9.440092000000002 0.004889692791556303 0.03407624 0.0003035865646566305 0.01200636 0.00010115917575779106 9.715385000000001 0.002527066381621469 0.03162401 0.00028075571319210617 4.863696 0.001214135247880996 0.0014482759999999999 2.5236923909225608e-05 0.0001797695 2.9398597253951836e-06 94.38914 0.04909806961828004 0.0013073330000000001 2.274971815429771e-05 47.19467 0.024543826311122303 0.8963436000000001 0.00041287516753892576 
1.75 100.0 0.0 1.0 0.0 9.627191 0.004819679335942063 0.022581030000000002 0.0002957979560612181 0.007803792000000001 9.779719421127448e-05 9.811547000000001 0.0024626014901778927 0.02093911 0.0002736466734495215 4.909675000000001 0.0011833032151624258 0.0006398151 1.643230824227097e-05 7.640403e-05 1.8713569902640429e-06 96.2667 0.0483246396816216 0.0005772139 1.4811690750518488e-05 48.13338000000001 0.024164452402052138 0.9066134000000001 0.0004141121876704715 
1.8 100.0 0.0 1.0 0.0 9.799496999999999 0.004246971167876066 0.01209232 0.00025799080053365574 0.004100263 8.48544144879947e-05 9.899159999999998 0.0021486162996812498 0.011204322 0.00023870415219598385 4.95163 0.0010320377902734677 0.00018487119999999999 7.732934455690175e-06 2.12509e-05 8.617531474848213e-07 97.99349 0.04253165515532203 0.00016669120000000002 6.969012684448091e-06 48.996759999999995 0.021266669698280904 0.9174129000000001 0.00037152174763955414 
1.85 100.0 0.0 1.0 0.0 9.927451 0.002523985519107735 0.00436247 0.0001522168139464237 0.0014517750000000002 4.965066139035741e-05 9.963648 0.0012672125316279916 0.004039057 0.00014080935629459966 4.98255 0.0006091994745551973 2.4330709999999998e-05 1.6625935326741817e-06 2.69353e-06 1.8051626042548087e-07 99.27432 0.0252512486858285 2.192655e-05 1.4978786614575912e-06 49.63714 0.012621728882144018 0.9314563999999999 0.00022524560822113616 
1.9000000000000001 100.0 0.0 1.0 0.0 9.984445 0.0007555306096746455 0.0009344883 4.542362435100252e-05 0.000305308 1.4620516422479702e-05 9.992219 0.00037817310641124384 0.0008645787999999998 4.19992587160302e-05 4.9962599999999995 0.000181769085936288 1.1310609000000001e-06 1.0784746673431405e-07 1.2066289999999998e-07 1.1348221618156761e-08 99.84445000000001 0.007555306069285161 1.0187946e-06 9.712420247180416e-08 49.92222 0.0037759978740462994 0.9514203999999999 6.904436259865761e-05 
1.95 100.0 0.0 1.0 0.0 9.997793999999999 0.00012584277143401438 0.00013253183 7.559927350709752e-06 4.2524099999999995e-05 2.394576283270182e-06 9.998897 6.299286646424554e-05 0.00012253112 6.985814333415962e-06 4.999472 3.0324907923370654e-05 2.2961793e-08 2.5750440452435182e-09 2.362364e-09 2.619152507136609e-10 99.97794000000002 0.001258427447835995 2.0672951e-08 2.318006351824967e-09 49.98897 0.0006299285969640517 0.9752066999999999 1.1815287069336567e-05 
2.0 100.0 0.0 1.0 0.0 9.999751 1.5456347518649446e-05 1.5002e-05 9.197773209859006e-07 4.728918e-06 2.8645308846580825e-07 9.999875 7.905742224669985e-06 1.3860553e-05 8.493891568109975e-07 4.9999400000000005 3.4639479180237122e-06 2.9573870000000006e-10 3.568724751785988e-11 2.936444e-11 3.506583544454632e-12 99.99751 0.000154564100389936 2.661416e-10 3.211129595802699e-11 49.998749999999994 7.905724249291499e-05 1.000024 1.5491905359873243e-06 
2.05 100.0 0.0 1.0 0.0 9.999976 1.5492621990475396e-06 1.5146673999999998e-06 9.633183164501779e-08 4.6920660000000006e-07 2.949530805677397e-08 9.999987999999998 1.2660902068473579e-06 1.3985045999999998e-06 8.890336232698991e-08 4.999991999999999 1.2655288722124303e-06 3.0237200000000004e-12 3.786708570777525e-13 2.8994269999999997e-13 3.5950012223933975e-14 99.99976 1.5495373543998644e-05 2.7199670000000005e-12 3.4058821418848267e-13 49.99988 1.2646526926661304e-05 1.0250000000000001 6.664001874625056e-09 
2.1 100.0 0.0 1.0 0.0 10.0 0.0 1.4351294e-07 9.325854335085895e-09 4.3702050000000006e-08 2.807614309275752e-09 10.0 0.0 1.3242263e-07 8.601386044191353e-09 5.0 0.0 2.719755e-14 3.4807081451696016e-15 2.5201204e-15 3.19409723516589e-16 100.0 0.0 2.4455615e-14 3.129434586998502e-15 50.0 0.0 1.0500000000000003 8.161702118890972e-09 
2.15 100.0 0.0 1.0 0.0 10.0 0.0 1.3073267e-08 8.615853098910734e-10 3.914562e-09 2.550961503386511e-10 10.0 0.0 1.2055637e-08 7.941854407051928e-10 5.0 0.0 2.2600415e-16 2.933531220458116e-17 2.0247831e-17 2.6032784315099483e-18 100.0 0.0 2.0314223000000003e-16 2.6364921662876387e-17 50.0 0.0 1.0749999999999997 8.161702118890972e-09 
2.2 100.0 0.0 1.0 0.0 10.0 0.0 1.1598956000000001e-09 7.720605951182819e-11 3.4160520000000004e-10 2.2485889537574434e-11 10.0 0.0 1.0689737999999998e-09 7.112445647381805e-11 5.0 0.0 1.7809141999999997e-18 2.3346720006089963e-19 1.5435313e-19 2.0045773926940543e-20 100.0 0.0 1.6001859999999999e-18 2.0975258056691472e-19 50.0 0.0 1.0999999999999999 8.161702118890972e-09 
2.25 100.0 0.0 1.0 0.0 10.0 0.0 1.0099967999999998e-10 6.772749807379596e-12 2.926499e-11 1.9408080422571373e-12 10.0 0.0 9.302915999999998e-11 6.2357797551902265e-12 5.0 0.0 1.3514931e-20 1.784786631005763e-21 1.1337758e-21 1.4834332034067478e-22 100.0 0.0 1.2139239e-20 1.6029505068525665e-21 50.0 0.0 1.125 0.0 
2.3000000000000003 100.0 0.0 1.0 0.0 10.0 0.0 8.673841999999999e-12 5.849862059430135e-13 2.473283e-12 1.6497753014304668e-13 10.0 0.0 7.984901999999999e-12 5.383133748009623e-13 5.0 0.0 9.974788000000003e-23 1.3247465365395733e-23 8.103689999999999e-24 1.0663853798482058e-24 100.0 0.0 8.956529000000001e-23 1.1893951020594031e-23 50.0 0.0 1.1500000000000001 6.664001874625056e-09 
2.35 100.0 0.0 1.0 0.0 10.0 0.0 7.371037000000001e-13 4.9940367911950624e-14 2.068866e-13 1.3864121797791592e-14 10.0 0.0 6.781904999999999e-13 4.5930893079549494e-14 5.0 0.0 7.207746e-25 9.615581812487483e-26 5.673619000000001e-26 7.500119515693731e-27 100.0 0.0 6.469925999999999e-25 8.630470193543343e-26 50.0 0.0 1.1750000000000003 6.664001874625056e-09 
2.4 100.0 0.0 1.0 0.0 10.0 0.0 6.212702e-14 4.22500358763871e-15 1.716843e-14 1.1548756404955488e-15 10.0 0.0 5.713161999999999e-14 3.883800529656503e-15 5.0 0.0 5.1231140000000004e-27 6.859517890146504e-28 3.9091759999999997e-28 5.186771002371321e-29 100.0 0.0 4.597316e-27 6.154943040308332e-28 50.0 0.0 1.1999999999999997 6.664001874625056e-09 
2.45 100.0 0.0 1.0 0.0 10.0 0.0 5.202417e-15 3.5489832551887263e-16 1.4158032e-15 9.553781796134973e-17 10.0 0.0 4.781683000000001e-15 3.260746463251919e-16 5.0 0.0 3.594084e-29 4.8267878135091035e-30 2.6597088e-30 3.5397846997818365e-31 100.0 0.0 3.224293e-29 4.329789552254243e-30 50.0 0.0 1.2249999999999999 6.664001874625056e-09