0.05 50.0 0.0 1.0 0.0 4.2930535 0.010713425672371032 0.80783355 0.0010807765853169148 0.5143392500000001 0.0015914884666147547 3.0182170000000004 0.008199807897132635 0.7752836 0.0009340305599983352 1.768739 0.004319412685772353 3.1082954999999997 0.012880025610909132 1.075237 0.006771942856375441 16.959690000000002 0.08034678708570596 2.882798 0.011343880103378626 9.0327195 0.03686284795342756 0.057313905 4.588669277433952e-05 
0.1 50.0 0.0 1.0 0.0 3.5023125 0.007870885238491054 0.7105170000000001 0.001273655469505952 0.43957635 0.0011741968324664011 3.8697175 0.008909407131656295 0.6804673000000001 0.0011298155825156734 2.158037 0.005005325418991528 1.6313945 0.008321384634631158 0.53337655 0.0028476577765555668 21.400055000000002 0.08621208716728229 1.509604 0.007375854980950134 10.986854999999998 0.03961605828135407 0.1068424 0.00010754727797557893 
0.15 50.0 0.0 1.0 0.0 3.466756500000001 0.0072555793109333995 0.63698505 0.0014254748182187553 0.38140399999999997 0.000988062882615002 4.514787999999999 0.009403589383866044 0.6086383999999999 0.0012831518779957284 2.4521895000000002 0.005557571568358179 1.0415665 0.0059591774296047445 0.32539725 0.0017015394851059933 25.96214500000001 0.09562261983299693 0.9621288999999997 0.005310843760131252 13.168610000000001 0.04464985324720064 0.15143975 0.00017910364143428582 
0.2 50.0 0.0 1.0 0.0 3.6499500000000005 0.007800052275461337 0.5771494500000001 0.0015490605644627165 0.33460769999999995 0.0008885996064036539 5.039168500000001 0.009781303473321188 0.5502486 0.0014059693727105649 2.6915544999999996 0.006018044178767968 0.7367269000000001 0.004712858411780655 0.21932875000000002 0.0012089718315059447 30.33048999999999 0.10543137576181014 0.6793372000000001 0.004216952037075452 15.304155 0.05007969622260092 0.19234584999999998 0.0002577949696481091 
0.25 50.0 0.0 1.0 0.0 3.908304 0.008681480040882114 0.5265910999999999 0.0016521220004928432 0.296163 0.0008354206874382494 5.481157 0.010071985482027519 0.5010335 0.0015073064842626922 2.8938060000000005 0.006407364801516963 0.5524570000000001 0.0039545883142242545 0.15679024999999996 0.0009325926143689494 34.44289 0.11475705117774648 0.5085691999999999 0.0035479813173133552 17.333214999999996 0.05536125101331426 0.2303206 0.0003419068835225809 
0.3 50.0 0.0 1.0 0.0 4.192986 0.00962015146449877 0.4828034 0.001740097905866273 0.2639294 0.0008105527755793946 5.862896999999999 0.010297278356452513 0.4585269 0.0015932121906701998 3.0689729999999993 0.0067419807586665366 0.42967035 0.0034342360134934943 0.11643624999999998 0.0007554925673858482 38.30503 0.12335019296696934 0.39492559999999993 0.0030866385505924597 19.24798 0.0603465573169039 0.26587554999999996 0.0004303257340381671 
0.35000000000000003 50.0 0.0 1.0 0.0 4.4843995 0.01053320543506317 0.44420065 0.0018166318232866183 0.23643969999999997 0.0008032124006142539 6.1985125000000005 0.010473114791574286 0.42115670000000005 0.001667613607973794 3.2233974999999995 0.007033767407143167 0.3424240500000001 0.003045337094210295 0.08877190500000001 0.0006333204625808739 41.93790499999999 0.13120401622580063 0.31428785000000004 0.002740425999981259 21.054215000000003 0.06500903640069046 0.29937919999999996 0.0005223612571790095 
0.4 50.0 0.0 1.0 0.0 4.773824500000001 0.01139766650402961 0.40970870000000004 0.001884106861485556 0.21266970000000004 0.0008060987535651782 6.497597000000001 0.010612842199396238 0.3878539 0.0017330621554061895 3.3613790000000003 0.007291877395425694 0.27759095000000006 0.0027369149616627594 0.06897467 0.0005440743846708516 45.36416499999999 0.13838804577625408 0.2544497499999999 0.002465002116505693 22.760840000000005 0.06936248460073448 0.33111009999999996 0.0006174334818431223 
0.45 50.0 0.0 1.0 0.0 5.057178 0.012210013034374464 0.3785639 0.0019442854547360193 0.19188320000000003 0.0008146385106287371 6.7669880000000004 0.010725939529928499 0.35785755 0.001791251826900359 3.4859705000000005 0.007522211492463707 0.22781365000000003 0.0024817916182417444 0.05434976500000001 0.00047563449040592513 48.60440000000001 0.14497677193238925 0.20857164999999997 0.0022365993084090662 24.376885 0.07343930768836038 0.36128675000000005 0.0007151200384378735 
0.5 50.0 0.0 1.0 0.0 5.332545999999999 0.012972050847904364 0.35020185 0.00199840546345721 0.17353595000000002 0.0008257846585972221 7.011727499999999 0.010819583468783658 0.33060614999999993 0.001843463959880255 3.5994280000000005 0.007729116366032543 0.18864375 0.002264155121535446 0.04328016999999999 0.0004208996974399196 51.67673 0.15106565958222024 0.1725182 0.002041409652176573 25.910560000000004 0.07726954458255568 0.39008469999999995 0.0008150551702193796 
0.55 50.0 0.0 1.0 0.0 5.599105500000001 0.013687576930814922 0.3241930999999999 0.0020473072704172883 0.1572149 0.0008376522246733991 7.2356584999999995 0.010899226813752895 0.30567180000000005 0.0018905493072119064 3.7034724999999993 0.007916941703571644 0.15722804999999995 0.0020741761984884293 0.034740730000000004 0.0003755611636671185 54.59666 0.15672502997289187 0.14364000000000002 0.0018707779598338336 27.369155000000006 0.08087248063301652 0.41764919999999994 0.0009168138213416696 
0.6 50.0 0.0 1.0 0.0 5.856595 0.014360337939944168 0.30020284999999997 0.0020917287781585556 0.14260035000000001 0.0008491845037297945 7.441775 0.010969038437803105 0.2827212500000001 0.0019332041095995256 3.799443 0.008087868387269413 0.13165134999999997 0.0019054672055365848 0.028052640000000007 0.0003369570501117155 57.377610000000004 0.16202628519768936 0.12015829999999998 0.001719014815381245 28.759045000000004 0.0842717557888676 0.44410175 0.0010202803533206112 
0.65 50.0 0.0 1.0 0.0 6.105059 0.01499406048909465 0.27796435 0.002132162113061358 0.12943895 0.0008597213893902397 7.6324545 0.011032178558103909 0.26148954999999996 0.001971917803149135 3.888406 0.008243953008128095 0.11057841500000001 0.0017534774510992936 0.022750179999999995 0.0003033766598306623 60.031130000000005 0.16702356332263377 0.10083473999999999 0.0015822032618851257 30.085795 0.08749035417546144 0.4695462 0.0011250802229172303 
0.7000000000000001 50.0 0.0 1.0 0.0 6.3447 0.015591505764371879 0.2572621 0.0021690142345084777 0.1175284 0.0008689313707075758 7.809621 0.011091229370518528 0.24176229999999999 0.002007059184603354 3.9712235000000007 0.008386491467663222 0.09304945 0.00161507412469984 0.01850449 0.0002736746428608246 62.56726 0.17178233675207097 0.08477921 0.0014575039451730626 31.354255000000002 0.09054464630084673 0.49407179999999995 0.0012309593364540565 
0.75 50.0 0.0 1.0 0.0 6.575806 0.01615656594700799 0.23791915000000002 0.002202534294029192 0.10670352000000001 0.0008767051864109399 7.9748544999999975 0.011148635218668707 0.2233639 0.0020390373695691934 4.048602000000001 0.008516978032122546 0.078356535 0.0014879444305194041 0.015077580000000002 0.00024709963006852093 64.99473499999999 0.1763367609542475 0.071335915 0.0013428831956144788 32.56867999999999 0.09344193908530185 0.5177566499999999 0.0013377904250597365 
0.8 50.0 0.0 1.0 0.0 6.7986995 0.016689722742983793 0.21978815 0.0022330514361239614 0.09682843999999999 0.0008829415597989099 8.1294675 0.011206408387084926 0.20614845 0.002068005617104212 4.1211329999999995 0.008636205448596227 0.06596553499999999 0.0013703021739068313 0.012293535000000003 0.0002231052675616264 67.3212 0.18073532499210118 0.06001058499999999 0.0012367717329053987 33.732835 0.09620266843347942 0.5406696 0.0014452121269899355 
0.85 50.0 0.0 1.0 0.0 7.013710499999999 0.017194135082575168 0.20274555 0.002260723062954614 0.08778997499999999 0.0008876758105545963 8.274555 0.011266008621090003 0.18999344999999998 0.002094234215023603 4.1893115000000005 0.008745404372420629 0.05546611000000001 0.0012608024869680923 0.0100200755 0.00020128368244653712 69.55339000000001 0.18502289113782353 0.05042361999999999 0.0011379665869348024 34.84999 0.09882786699609279 0.56287245 0.001553107010922192 
0.9 50.0 0.0 1.0 0.0 7.221170500000001 0.01767137062417248 0.18668649999999995 0.002285700476331235 0.07949301499999999 0.0008909802169598396 8.411050999999997 0.011328874699248362 0.17479514999999995 0.0021178304231868933 4.2535525000000005 0.008844708894997468 0.04653756500000001 0.001158391203270166 0.008156145 0.00018135448491903982 71.69726999999999 0.18922621119984956 0.04227875499999999 0.0010455287860091657 35.92313 0.10133722812959985 0.5844200500000001 0.0016611773557850384 
0.9500000000000001 50.0 0.0 1.0 0.0 7.421397000000001 0.01812323755702995 0.17152175 0.0023081481125297914 0.07185701000000001 0.00089291953086201 8.539748999999997 0.011396751618438452 0.16046529999999998 0.002138957033346005 4.3142179999999986 0.008935205862259134 0.038925669999999996 0.0010622173364029724 0.006623490500000001 0.00016308244609778726 73.75813000000001 0.19339761439839587 0.03534123 0.0009587031473062863 36.95479999999999 0.1037340505813769 0.6053623500000002 0.001769211748594899 
1.0 50.0 0.0 1.0 0.0 7.6146875000000005 0.018550708515775914 0.1571742 0.0023280734240999 0.06481310500000001 0.0008935739633761518 8.661332999999999 0.011471386186983677 0.14692760000000002 0.0021576607638828854 4.3716135000000005 0.009016604163275271 0.03242629000000001 0.0009716086347881865 0.0053607835 0.00014628555679949246 75.7406 0.19756809648843124 0.029422774999999995 0.0008768903059640717 37.947354999999995 0.10602754771179379 0.6257454500000001 0.0018770727882435648 
1.05 50.0 0.0 1.0 0.0 7.801322000000001 0.018956534672762496 0.14357725000000002 0.0023456282376742702 0.058302255000000004 0.0008930273359050799 8.776393 0.011553490903133852 0.13411655000000003 0.002174152980444248 4.4260065 0.009089927647536071 0.026873575000000004 0.0008860056341207645 0.004319457499999999 0.00013081586140807906 77.648875 0.20177686882731682 0.024370539999999996 0.0007995940639286921 38.902834999999996 0.10822820202594217 0.6456111500000001 0.0019843591979198695 
1.1 50.0 0.0 1.0 0.0 7.9815570000000005 0.019341245785880475 0.13067335 0.0023608425564563026 0.052273335 0.0008913617867980183 8.8854385 0.011645301977128687 0.12197519999999999 0.002188340072520784 4.4776285 0.009155232910064454 0.02213141 0.0008049636606363037 0.003460681 0.00011654832718426255 79.486635 0.2060617973175461 0.020059210000000004 0.0007264064656891429 39.823080000000004 0.11034538766969736 0.6649991 0.0020909946184771767 
1.1500000000000001 50.0 0.0 1.0 0.0 8.155626000000002 0.019707553404670834 0.11841235000000003 0.002373749597445911 0.04668200000000001 0.000888640555089587 8.988916499999998 0.0117482741770086 0.110453845 0.002200354052163803 4.526676999999999 0.009212221613181186 0.018087025 0.0007280983970891252 0.0027531445 0.00010337761713609694 81.25714500000001 0.2104659334041602 0.016385030000000002 0.0006569916628885013 40.709695 0.1123820520533897 0.6839459499999999 0.002196630810442914 
1.2 50.0 0.0 1.0 0.0 8.323740999999997 0.020056122031745796 0.10675007 0.0023843079285622844 0.04148961 0.0008849204962000731 9.0872175 0.011864461299984898 0.09950904 0.0022101369158990703 4.5733315 0.009261295759096127 0.014646140000000005 0.0006550989152181443 0.002171415 9.121252152939314e-05 82.963265 0.21503245176884347 0.013261383499999998 0.0005910773683652923 41.56414000000001 0.11435559330429551 0.7024867999999999 0.002301044732944722 
1.25 50.0 0.0 1.0 0.0 8.4860845 0.02038906908706667 0.09564869000000001 0.0023925456464077926 0.036662305 0.0008802334123820573 9.180675000000003 0.011995564023707501 0.08910348500000001 0.0022177175414181205 4.617742000000001 0.009302322172427269 0.011729427000000002 0.0005856992863415896 0.0016946825000000003 7.997323220889248e-05 84.607555 0.2198106842802313 0.010615393500000002 0.0005284138683046044 42.38760499999999 0.11626797527169976 0.72065555 0.0024038927539247533 
1.3 50.0 0.0 1.0 0.0 8.642817 0.02070702076711913 0.085075085 0.0023982645942042975 0.03217055 0.0008745953134593163 9.269586999999998 0.01214371236698045 0.07920436 0.002222932887711628 4.660040499999999 0.009335307613450349 0.009269481999999999 0.0005196730274396597 0.0013058156 6.958819970125671e-05 86.19208499999999 0.2248420358026726 0.008385269499999999 0.0004688018072813271 43.181200000000004 0.1181323941601427 0.7384851 0.0025047548950933177 
1.35 50.0 0.0 1.0 0.0 8.794061499999998 0.021008750680131614 0.07500144 0.002401229629621029 0.02798857 0.000867943065445535 9.3542 0.012309904223787964 0.069784105 0.002225554941699664 4.7003405 0.009359044381628356 0.007208787999999999 0.0004568211850848208 0.0009906347000000002 5.999340900599396e-05 87.71860000000001 0.23017044347598078 0.006518281499999999 0.0004120607812473042 43.94575 0.11994056100844064 0.75600855 0.002603082344523253 
1.4000000000000001 50.0 0.0 1.0 0.0 8.939888499999999 0.021287187299834476 0.065405255 0.002400797072083307 0.02409426 0.0008600987709676165 9.434715999999998 0.01249509420538177 0.060820280000000004 0.0022249996920853535 4.7387295 0.009371215355399611 0.005497911999999999 0.0003969564062183661 0.00073734355 5.1129107558145216e-05 89.188245 0.2358176030829448 0.0049691765 0.0003580252113366283 44.68180999999999 0.1216656691307475 0.7732611000000001 0.00269779054032686 
1.45 50.0 0.0 1.0 0.0 9.0802965 0.021522821054390635 0.056271145 0.002395546959740867 0.02046938 0.0008505980912746063 9.5112735 0.012696614061911467 0.052297185 0.002219951529564037 4.775270999999999 0.009367540469649207 0.004094184499999999 0.0003398997337579689 0.0005360902000000001 4.293918484028303e-05 90.60132 0.2417584448990773 0.0036989185 0.00030653024194300573 45.38956 0.12324429142962261 0.79028175 0.0027868447623393684 
1.5 50.0 0.0 1.0 0.0 9.21513 0.02166551171792217 0.047594805000000004 0.002382307903477996 0.017100769999999998 0.0008383699122135782 9.583924499999998 0.012907878068764226 0.04420952499999999 0.0022074652291018747 4.8099795 0.009336803212951965 0.0029605825 0.0002854694856896923 0.0003786148000000001 3.537004558468925e-05 91.9566 0.247861520914544 0.0026736820000000006 0.00025741265812174004 46.068340000000006 0.12448462162040361 0.8071210499999999 0.0028659079124038742 
1.55 50.0 0.0 1.0 0.0 9.3439405 0.021602414615879514 0.039391279999999994 0.0023542772396172953 0.013982924000000004 0.0008211057287174992 9.652555 0.013111206704623178 0.036570065 0.002181232657206412 4.842798999999999 0.009257685696228547 0.00206470795 0.0002335337578518305 0.000257953365 2.8377092186499018e-05 93.24992499999999 0.25379368864057533 0.0018638806499999996 0.00021055349617707953 46.71605999999999 0.12497072765267556 0.8238524999999999 0.0029255351027651457 
1.6 50.0 0.0 1.0 0.0 9.4657455 0.021113861660917225 0.03170906999999999 0.002298184980023373 0.011122478500000001 0.0007943201282257892 9.716775000000002 0.013281345310160633 0.02942269 0.0021289547185402978 4.8735335 0.009086684936630191 0.0013774652 0.00018417961671615018 0.000168143705 2.1944305138241997e-05 94.47178 0.25906287881511286 0.0012429922500000001 0.00016603124625518342 47.327965 0.12392758616932512 0.8405949500000001 0.0029470051887243065 
1.6500000000000001 50.0 0.0 1.0 0.0 9.5787505 0.019863426900677123 0.024646417499999997 0.002192385075058882 0.008543345 0.0007507855488381815 9.775783500000003 0.013421101226608797 0.0228574355 0.002030569373117362 4.901793 0.008758277145089243 0.0008710672500000002 0.00013805233200503845 0.000103884725 1.6122300201408724e-05 95.60458500000001 0.26364339487966415 0.0007857201500000002 0.00012442817572142317 47.895125 0.12033778664138016 0.8575402999999998 0.00289843776895462 
1.7 50.0 0.0 1.0 0.0 9.680296000000002 0.017564618447267377 0.018352535500000003 0.002011417202656931 0.006286468000000001 0.0006822456402999574 9.828355499999997 0.013657160584823545 0.0170115095 0.0018625235320005324 4.926977 0.008212330914543356 0.000516695 9.66593464218394e-05 6.01929675e-05 1.1057824886102032e-05 96.62223499999999 0.26988732355169026 0.00046588405 8.710276119879456e-05 48.404450000000004 0.11388893723695469 0.8749662 0.002739256278260823 
1.75 50.0 0.0 1.0 0.0 9.767463000000001 0.014479708890326189 0.012990434499999998 0.0017417274050167092 0.00439634705 0.0005848317447142958 9.873153000000002 0.01432591988487626 0.012034828 0.0016123331992352885 4.94844 0.007461985158117798 0.00028364079349999996 6.206274454055615e-05 3.226586885e-05 6.949304101501697e-06 97.495945 0.28427875865716457 0.000255647962 5.5914156104402856e-05 48.841429999999995 0.10705172957497516 0.8931925999999997 0.002441483754201832 
1.8 50.0 0.0 1.0 0.0 9.838181999999996 0.012148026354289755 0.008669818 0.0013991423548114397 0.0028980343499999998 0.0004647630249492061 9.909272499999997 0.015766758304741675 0.008027713499999999 0.0012947570642621105 4.965738499999999 0.006661140153026307 0.000141330706 3.582841111978339e-05 1.5691249599999997e-05 3.922813585970794e-06 98.20533999999998 0.31361839984315854 0.00012733418149999998 3.227085372332394e-05 49.19588 0.10575683419991237 0.91248985 0.002017203144546097 
1.85 50.0 0.0 1.0 0.0 9.891993500000002 0.012794668992796158 0.005403060000000001 0.0010285496956819145 0.0017830515 0.0003377304505820322 9.936615999999999 0.017897034676230814 0.0050001412499999995 0.0009514371275918361 4.978823500000001 0.006064282450284925 6.227492385e-05 1.8142219155125495e-05 6.74270761e-06 1.940019179843996e-06 98.7458 0.3564928825374461 5.608708625e-05 1.6336425553264584e-05 49.465559999999996 0.11428906124393437 0.9330004500000001 0.0015241266293770136 
1.9000000000000001 50.0 0.0 1.0 0.0 9.9300045 0.015956287498596313 0.003108938499999999 0.0006839918411933747 0.00101226403 0.0002218036678440536 9.955841500000002 0.02020590832245423 0.0028754910000000004 0.0006324345421718636 4.988016999999999 0.005837681179240814 2.3546063315e-05 7.799052322553111e-06 2.4830814669999998e-06 8.131478075078627e-07 99.12816000000001 0.40300786477432116 2.1198849525000004e-05 7.0207254987432514e-06 49.65609 0.12963827789276813 0.9547285499999999 0.0010410006927865638 
1.95 50.0 0.0 1.0 0.0 9.9545585 0.019435930930591823 0.0016349481149999998 0.0004071080202169973 0.000524790585 0.00013022441354176454 9.968206499999999 0.022180030728969746 0.001511309785 0.0003762370182202682 4.993926999999999 0.005915668309690377 7.419934631999999e-06 2.7473889897566756e-06 7.607179240000001e-07 2.7860565881521617e-07 99.37534000000001 0.44288119261253056 6.677897707999999e-06 2.472440038001114e-06 49.77915 0.14540802789054333 0.9775522500000001 0.0006359524112462882 
2.0 50.0 0.0 1.0 0.0 9.9688245 0.022068813691181917 0.0007819290500000001 0.00021553567357615247 0.00024719965 6.791631728171316e-05 9.975370000000002 0.023566893558524288 0.000722368935 0.00019908390391321787 4.9973505000000005 0.006103777866008129 1.9113478262e-06 7.74853840050129e-07 1.9007330469500004e-07 7.620004806996775e-08 99.51928999999998 0.47105488135160917 1.7195799580499999e-06 6.970782741266054e-07 49.850685 0.15746178969428876 1.0012525 0.0003454814575185514 
2.05 50.0 0.0 1.0 0.0 9.9762035 0.02367061054635379 0.0003413609619999999 0.00010195266920124385 0.00010620211000000003 3.1607159106590286e-05 9.9790705 0.024386828857742977 0.00031516713599999993 9.411593495531029e-05 4.999119499999999 0.006264709948447205 4.02982655155e-07 1.7544714165819135e-07 3.87870166635e-08 1.6688146362955177e-08 99.593835 0.4877390721110727 3.6241600581e-07 1.5778128138398438e-07 49.88772999999999 0.16490617197372975 1.0255605 0.0001673073144948187 
2.1 50.0 0.0 1.0 0.0 9.97963 0.024497973946828382 0.00013770109200000001 4.377343428445541e-05 4.21366473e-05 1.3340546018570568e-05 9.980789 0.024806905317879508 0.000127056751 4.038441913567465e-05 4.999937500000001 0.006361186087291217 7.12312928605e-08 3.2820051610969026e-08 6.626208207950001e-09 3.0143761181112875e-09 99.62848499999998 0.49625191058956863 6.40369966655e-08 2.950493045496074e-08 49.904894999999996 0.16878608510113755 1.050232 7.399189146275715e-05 
2.15 50.0 0.0 1.0 0.0 9.981065499999998 0.024870327837382897 5.2173049850000006e-05 1.7424860357979346e-05 1.5699191949999996e-05 5.2186162993458065e-06 9.9815025 0.02499163732006849 4.81107404e-05 1.6066066587246644e-05 5.00028 0.006408596180137574 1.09457288484e-08 5.285152697391926e-09 9.8348020017e-10 4.683849535476793e-10 99.64298500000002 0.5000771433623395 9.836647403499999e-09 4.7496491371415164e-09 49.912115 0.17055620954325776 1.0750885 3.0135320337453448e-05 
2.2 50.0 0.0 1.0 0.0 9.9816215 0.025021730018895263 1.88603629e-05 6.560844387201024e-06 5.580798125e-06 1.9308839142630964e-06 9.981789 0.025070459727546707 1.7381469799999998e-05 6.0456182189910124e-06 5.0004145000000015 0.00642901211204582 1.5154304822050001e-09 7.621909667222129e-10 1.31513651105e-10 6.51760063082653e-11 99.64859000000001 0.5016279702577326 1.36140598049e-09 6.847348488057933e-10 49.914925 0.17128798044155952 1.1000325000000002 1.1787174544400566e-05 
2.25 50.0 0.0 1.0 0.0 9.981829 0.025081533793809306 6.587064359999999e-06 2.3734943135838207e-06 1.9169657750000005e-06 6.86526052918574e-07 9.981893499999998 0.02510032286923041 6.067019085000001e-06 2.1858247954680684e-06 5.000465000000001 0.006437337551317534 1.9453806777249998e-10 1.0155305953417331e-10 1.6310790022650002e-11 8.382116807148568e-12 99.650715 0.502231596590471 1.74707511003e-10 9.120343776377119e-11 49.91595000000001 0.17157081897843826 1.1250115 4.5428493936423795e-06 
2.3000000000000003 50.0 0.0 1.0 0.0 9.981904499999999 0.025102876861800662 2.2430558550000002e-06 8.342839125113017e-07 6.421323140000001e-07 2.372196807097299e-07 9.981926999999997 0.025110508349139568 2.064801655e-06 7.678833097493175e-07 5.000481500000001 0.00644028168148544 2.364221631375e-11 1.2782418698160104e-11 1.91591633476e-12 1.0189480567506576e-12 99.65147 0.5024684977239054 2.1225406334199997e-11 1.147613319334575e-11 49.91632 0.17167797596085016 1.1500035 1.4620157950071269e-06 
2.35 50.0 0.0 1.0 0.0 9.981926999999997 0.025110508349139568 7.495365884999999e-07 2.871390039294526e-07 2.1112181000000003e-07 8.027958557177952e-08 9.981937499999997 0.0251130693651673 6.895943924999999e-07 2.64140590850194e-07 5.0004875 0.006441239122830323 2.75988639849e-12 1.5433397468499232e-12 2.162733223435e-13 1.1889346623419218e-13 99.65169 0.5025337756260735 2.47701730969e-12 1.3852163584795776e-12 49.91645 0.1717133574449377 1.1750010000000004 6.708171109483332e-07 
2.4 50.0 0.0 1.0 0.0 9.981937499999997 0.0251130693651673 2.4689954599999996e-07 9.728263897535105e-08 6.844037245000001e-08 2.675085734566017e-08 9.981942499999999 0.025115853717085593 2.270337605e-07 8.944305381638913e-08 5.0004895000000005 0.006441736701942172 3.126070660255e-13 1.8062512641289317e-13 2.369979709985e-14 1.3456226006145417e-14 99.65180000000001 0.5025701691306296 2.8048618592100003e-13 1.6207353222362582e-13 49.91649999999999 0.1717253804771884 1.1999999999999997 7.450580596923828e-09 
2.45 50.0 0.0 1.0 0.0 9.981947499999997 0.025116704808560788 8.04322534e-08 3.256558939608965e-08 2.19466618e-08 8.809766323813649e-09 9.981947499999997 0.025116704808560788 7.392246055e-08 2.992580632569095e-08 5.000490000000001 0.006441986378398512 3.46020189996e-14 2.0639785979185916e-14 2.5391810597000003e-15 1.4879670839172952e-15 99.65180000000001 0.5025701691306296 3.1038040428500004e-14 1.8514910576546604e-14 49.91652 0.1717318374094198 1.2250000000000003 6.664001874625056e-09 
2.5 50.0 0.0 1.0 0.0 9.981947499999997 0.025116704808560788 2.5974798299999996e-08 1.0799908072530114e-08 6.9779683999999995e-09 2.875016133398772e-09 9.981947499999997 0.025116704808560788 2.3860616004999997e-08 9.919516368443945e-09 5.000490500000001 0.006441833336649047 3.762048352604999e-15 2.3145395958317824e-15 2.673471407801e-16 1.6157987991543478e-16 99.65180000000001 0.5025701691306296 3.373685736110001e-15 2.0757278414555398e-15 49.91652 0.1717318374094198 1.25 0.0 
