0.05 50.0 0.0 1.0 0.0 4.752995900000001 0.003712605640493422 0.76873234 0.0004887962782610635 0.4620601400000001 0.0009188004389433738 3.387779999999999 0.0034681147443695994 0.7346190100000003 0.0004493064425261064 1.9242641000000007 0.0017954708301368115 3.2360785999999995 0.005145035947437345 1.0647755699999997 0.005282149517862754 20.575364999999998 0.034610871857709356 2.9945451000000003 0.004665591410516113 10.815459999999998 0.015794639597037693 0.055743982 2.197020793630031e-05 
0.1 50.0 0.0 1.0 0.0 4.136149499999999 0.0034968022088066896 0.6795642400000002 0.00054317748519537 0.40214281999999985 0.0006903909931892068 4.160782200000001 0.0036139248403229485 0.64870439 0.0005004048614670665 2.280619500000001 0.0019311134941956745 1.9969169000000002 0.004150005963114647 0.6129418000000001 0.002718858275489744 24.770044000000002 0.03686305126599025 1.8429633999999993 0.0037668583573617943 12.685756000000001 0.016736401065932334 0.10435602999999999 4.807677496488314e-05 
0.15 50.0 0.0 1.0 0.0 4.0087659 0.003323266965185511 0.61312602 0.0005877978695059741 0.3547768800000001 0.0005620120945805291 4.7394688999999985 0.003688461348325946 0.5843876299999999 0.0005432039284940017 2.546141 0.0020374918183845596 1.3602264000000008 0.0032868321573179156 0.40185822000000015 0.0016442990820146933 28.79930000000002 0.03919735044601901 1.2536161000000003 0.002984242633883873 14.593850000000005 0.017786550002698246 0.14856295000000005 7.711581987385172e-05 
0.2 50.0 0.0 1.0 0.0 4.094413199999998 0.003374683095901465 0.5582734200000001 0.0006263511140204539 0.31505218999999995 0.00048650552816905686 5.217861800000001 0.0037428375021401907 0.53121769 0.0005807352477152462 2.7653601000000005 0.002129093292909455 0.9918104199999995 0.002690610355856692 0.2820190900000001 0.001101603802743524 32.72170299999999 0.041559544594699585 0.9128517900000002 0.0024428814875182172 16.494191999999998 0.018858833032849236 0.18930903999999996 0.00010846932001360422 
0.25 50.0 0.0 1.0 0.0 4.275494499999999 0.0035699955444715033 0.5112604099999998 0.0006602698312218158 0.2813122799999999 0.0004404643894987445 5.6275747 0.0037906599806867614 0.48568120999999986 0.000613823361774643 2.953248900000001 0.002210101929295032 0.75645987 0.0022732397711045875 0.20677030000000005 0.0007902345538507528 36.489479999999986 0.04393611944643073 0.69531118 0.002063751177752784 18.339568999999997 0.01994404039785871 0.22723553999999985 0.00014172651087436918 
0.3 50.0 0.0 1.0 0.0 4.500701900000002 0.003835458853085048 0.47009247000000004 0.0006904661197265729 0.25233679000000003 0.00041113734865464607 5.9857796 0.0038353215873515845 0.4458694399999999 0.0006431432340184799 3.117778200000001 0.002283197290539481 0.5948605699999999 0.0019671684730219437 0.15625600999999997 0.0005960172031905169 40.083872 0.04629447973738764 0.5460691999999999 0.0017857553424810626 20.11067300000001 0.02102555629956564 0.26280412000000003 0.00017656750396476362 
0.35000000000000003 50.0 0.0 1.0 0.0 4.7457299 0.004128731498890205 0.4334967000000001 0.0007176078927232212 0.22719504000000004 0.00039200876977919075 6.303584900000001 0.0038779317593029563 0.4105478600000001 0.0006693253279256249 3.2640334 0.002349711404474907 0.4779246900000001 0.001732985893000168 0.12069138999999998 0.0004677285327826694 43.50431099999999 0.048609821330595986 0.43818535999999997 0.0015731331215456362 21.802306999999995 0.022089066899971973 0.29635986999999997 0.00021276523666067545 
0.4 50.0 0.0 1.0 0.0 4.9982322 0.004429478532686255 0.40059007000000024 0.0007422371823408997 0.20517588000000006 0.00037956246607872646 6.588765699999998 0.003919303826638166 0.37885233000000007 0.0006929205745325811 3.3955462000000005 0.0024108543621714057 0.38995827999999993 0.0015471024751506468 0.09474944999999999 0.0003791908482031501 46.75817800000002 0.050871563403736705 0.3571187099999998 0.0014044001163701146 23.415517000000005 0.02312981465790392 0.32816889000000005 0.00025013302016810616 
0.45 50.0 0.0 1.0 0.0 5.251609300000002 0.004728374592285459 0.37072892999999996 0.0007647362425383317 0.1857320600000001 0.0003716140042622041 6.8470150999999975 0.0039603695673398375 0.35015002999999983 0.0007143421673765063 3.5148869 0.0024674144146940758 0.32181262 0.001394822422373614 0.07530519299999999 0.00031574126691407827 49.85578199999999 0.05308243638683037 0.29439077999999996 0.001266175811534885 24.953872000000004 0.0241473431697331 0.3584418400000001 0.00028854878433796845 
0.5 50.0 0.0 1.0 0.0 5.502213499999999 0.005021769364235899 0.34342783000000005 0.0007854211843405093 0.16843784 0.0003667102904801144 7.082641499999999 0.004001587478445518 0.32396218 0.0007339342800798376 3.623997399999999 0.0025202823715854477 0.26781050000000006 0.0012667654714665303 0.06041680100000004 0.00026864503687752325 52.808010999999986 0.055248694046242906 0.24473972 0.0011499152974963059 26.42185 0.025142378586782706 0.38735032999999996 0.0003278871784784045 
0.55 50.0 0.0 1.0 0.0 5.748005599999999 0.0053081403472865964 0.31831122 0.0008045209464745473 0.15295840000000002 0.0003638651208894766 7.298983299999996 0.004043488424783412 0.2999175200000001 0.0007519301502769548 3.724376499999999 0.0025696569513282237 0.22424588 0.0011567367198528399 0.04882077099999996 0.00023248929530760753 55.62537199999997 0.0573784865447692 0.20473144000000013 0.0010499881826303748 27.824068999999994 0.026119077001168396 0.4150361 0.00036805185626384026 
0.6 50.0 0.0 1.0 0.0 5.9878570999999985 0.005587009012525896 0.29508164000000003 0.0008222065933229846 0.13902651999999996 0.0003623816682671652 7.4986867 0.004086355261238259 0.27772231999999997 0.00076849173110466 3.8172148 0.002616041186528959 0.18859723999999997 0.0010605044670457258 0.039663613000000014 0.0002038390457868639 58.31758900000002 0.0594795884633514 0.17202979000000007 0.000962565032846512 29.164983999999993 0.027079328526415914 0.4416184899999999 0.0004089385573650235 
0.65 50.0 0.0 1.0 0.0 6.221172199999999 0.0058582921258305476 0.27350008000000015 0.0008386066852434938 0.12642683000000005 0.00036177114231350944 7.683878799999998 0.004130361290010209 0.2571398899999999 0.00078378287425739 3.9034664999999995 0.0026597481737081373 0.1590894199999999 0.000975069413547712 0.03235056000000001 0.00018046342268170914 60.89351999999998 0.061560758881183696 0.14499101999999997 0.0008849199050739789 30.44869199999999 0.02802425512596755 0.4671996999999999 0.0004504624300663198 
0.7000000000000001 50.0 0.0 1.0 0.0 6.447680600000002 0.006122042096906325 0.2533709099999999 0.0008538235224094763 0.11498332000000001 0.00036168439249696963 7.8562989 0.0041754455064774475 0.23797694999999983 0.0007979010118276574 3.9839136000000006 0.0027008690139199735 0.13443658999999994 0.0008982560954533805 0.02645619299999999 0.0001608942938096798 63.36115000000002 0.06362508281295944 0.12242495000000003 0.0008150864894444915 31.678982 0.028957424622397105 0.4918678899999999 0.0004925351363917936 
0.75 50.0 0.0 1.0 0.0 6.667302699999997 0.006378304741665066 0.23453249999999998 0.0008679373293620648 0.10455071700000002 0.0003618817376934848 8.017386200000002 0.00422191190992367 0.22007360999999995 0.000810923400438796 4.059202300000001 0.0027396583029824883 0.11368452600000004 0.0008284642298658185 0.021669328 0.00014414777303225812 65.72763699999999 0.06567954184767658 0.10344888300000005 0.0007516300516703993 32.85928200000001 0.02987832650520595 0.5157002499999997 0.0005350721355838423 
0.8 50.0 0.0 1.0 0.0 6.880082200000003 0.006627193868526185 0.21684932000000004 0.0008810178086598224 0.09500795900000003 0.0003621932909154301 8.168345099999996 0.004269623898047146 0.20329607000000002 0.0008229302194299344 4.129874000000001 0.002776207690349249 0.09611021599999996 0.0007644557377359993 0.017757979999999993 0.0001295501092473592 67.999424 0.06772618290007124 0.08739445799999998 0.0006934143604039494 33.992678999999995 0.030786728611267643 0.53876514 0.0005779926118938659 
0.85 50.0 0.0 1.0 0.0 7.0861292 0.006868524379625115 0.20020714000000006 0.0008931046341855492 0.08625331500000001 0.00036248765752325176 8.310190999999998 0.004318552297954596 0.18753125999999998 0.0008339824550456504 4.1963862 0.0028105841413551564 0.081156101 0.0007052959225962829 0.014546299 0.00011664011328436856 70.18225699999999 0.06976750478917061 0.07374658499999999 0.0006396028690232429 35.08198100000001 0.03168395088023557 0.56112332 0.0006212079754602482 
0.9 50.0 0.0 1.0 0.0 7.285599100000002 0.007102487315143656 0.18450838 0.0009042411627193277 0.07820048700000005 0.00036267845221525164 8.443791200000005 0.004368785335177922 0.1726831 0.0008441022080885763 4.259126500000001 0.0028428929433711152 0.06838517499999999 0.0006502405323899431 0.0118990208 0.00010508346143667748 72.28131499999998 0.0718078618172732 0.062101842000000004 0.000589525172713063 36.129688000000016 0.03257001388613734 0.5828295300000002 0.0006646368603153383 
0.9500000000000001 50.0 0.0 1.0 0.0 7.478667300000003 0.007328983776532344 0.16966958000000001 0.0009144636685160593 0.07077582200000004 0.0003627011229443833 8.5698866 0.004420400618082561 0.15866901999999997 0.0008533495495962207 4.318431799999998 0.0028731895147558013 0.057450224 0.0005987041442367333 0.009710794200000001 9.464293508552578e-05 74.30123399999998 0.07384958853300486 0.05213989500000001 0.0005426545830477533 37.138071999999994 0.03344345532635563 0.6039334699999998 0.0007081908275979795 
1.0 50.0 0.0 1.0 0.0 7.665517699999999 0.007547776359796814 0.15561842999999997 0.0009237812155760092 0.06391603 0.00036250452368073976 8.689117200000002 0.004473355025217148 0.14541788 0.0008617056888846414 4.3745879999999975 0.002901434976044458 0.048071875999999986 0.0005502173914701798 0.0078985843 8.513926744555085e-05 76.24616099999997 0.07589521750307497 0.043603222999999997 0.0004985647891796151 38.109172000000015 0.03430567460568266 0.62448059 0.0007517732856503086 
1.05 50.0 0.0 1.0 0.0 7.846333000000003 0.007758671518359956 0.14229246000000007 0.0009322060816599595 0.057566439 0.00036205495997126654 8.802038599999996 0.004527788100298346 0.13286803000000005 0.0008692268684818849 4.427846499999999 0.0029277509162411344 0.040022809000000006 0.0005043977529333268 0.006396325699999998 7.643895571137342e-05 78.11982800000001 0.07794808523717128 0.03628243099999999 0.000456911013797432 39.04480400000001 0.035154464322957865 0.6445128099999998 0.000795305124427389 
1.1 50.0 0.0 1.0 0.0 8.021291399999997 0.007961505168028155 0.12963734 0.0009397242273369566 0.05167954799999998 0.0003613212393411136 8.9091337 0.00458387189532985 0.12096588300000004 0.0008758818742456469 4.478423699999999 0.0029520319092622396 0.033116173 0.0004609334228733215 0.005150938299999999 6.843686183791129e-05 79.92555299999997 0.08001132874139022 0.030005563 0.000417411493849065 39.94660299999999 0.03599130568506994 0.6640693799999999 0.0008386538913997107 
1.1500000000000001 50.0 0.0 1.0 0.0 8.190558899999994 0.008155826605512253 0.11760555499999999 0.0009463136396801814 0.046213971 0.0003602779029202298 9.010821899999998 0.004641612057695298 0.10966453200000002 0.0008816560784408896 4.526510500000001 0.0029743837693467943 0.027196953000000006 0.0004195679381541283 0.0041194412 6.105004679593322e-05 81.666277 0.08209068402526806 0.024630050999999997 0.00037983316014665233 40.816032000000014 0.036814901055705576 0.6831871500000003 0.0008817173510082751 
1.2 50.0 0.0 1.0 0.0 8.354287299999996 0.008341099999277388 0.10615583800000002 0.000951941132377189 0.041133489 0.00035889905128851335 9.107471899999997 0.00470126652880106 0.09892333300000004 0.0008865189376748009 4.572270499999999 0.002994491333689971 0.022135419000000003 0.0003800872912731867 0.003266765800000002 5.421182159108326e-05 83.34459499999998 0.08418923810565787 0.020036714000000004 0.0003439829344924534 41.65435099999998 0.037624383729294816 0.7019011 0.0009243329739322953 
1.25 50.0 0.0 1.0 0.0 8.512609300000003 0.008516353077726965 0.09525211200000001 0.0009565205633652119 0.036406365999999996 0.00035715161007118546 9.199402000000001 0.004763159128105678 0.088706718 0.0008904025141422189 4.615849400000001 0.003012442749032166 0.017822173 0.0003423164964761569 0.002564107199999999 4.7867134765323413e-05 84.96273799999999 0.08631307750027231 0.0161251051 0.0003097016087577688 42.46267700000002 0.03841857107823506 0.7202452299999998 0.0009663111979978956 
1.3 50.0 0.0 1.0 0.0 8.665636199999994 0.008680085340395292 0.08486358299999998 0.0009599410693392282 0.032004818 0.0003549921102063567 9.286887 0.004827359088584802 0.078984219 0.0008931971555258194 4.6573684 0.0030278299315397517 0.014164250499999993 0.00030610857730329786 0.0019876582000000003 4.197065699351872e-05 86.522596 0.08846632853171765 0.012809954400000004 0.00027685490096273507 43.24192400000002 0.039192772066199894 0.7382528899999998 0.0010074213042116516 
1.35 50.0 0.0 1.0 0.0 8.813449400000003 0.008829567398010645 0.074964175 0.0009619885883360285 0.027904601000000008 0.00035234777177241565 9.3701605 0.0048939453233252765 0.06972992700000004 0.0008947046572079873 4.6969338999999986 0.0030401679391258854 0.011082101499999997 0.00027134304138490067 0.00151762986 3.6484003641472925e-05 88.02561900000002 0.0906531017746098 0.010018373500000004 0.0002453338694726569 43.992822000000004 0.03994067802575999 0.75595771 0.0010472870385228694 
1.4000000000000001 50.0 0.0 1.0 0.0 8.9560835 0.008959752387634476 0.06553311799999997 0.0009622750588157073 0.024084887000000013 0.00034909037889249207 9.4494093 0.004963059192185384 0.060923087 0.0008945727767237814 4.734627699999998 0.0030483860282582357 0.008507255100000001 0.0002379199243636177 0.0011374905299999993 3.137450372901709e-05 89.47275099999999 0.09287370665061251 0.007687655299999998 0.0002150459000714725 44.71582699999999 0.04064572326486541 0.7733952400000002 0.001085317245428136 
1.45 50.0 0.0 1.0 0.0 9.093503499999995 0.009060568421924226 0.056556201 0.0009600700706432761 0.020528475999999993 0.0003449763978075051 9.524764799999998 0.005033876616467806 0.05254917499999997 0.0008921261059238158 4.7705063999999995 0.0030504240312460903 0.006380385900000003 0.00020576047120980605 0.0008333678899999997 2.661476970472197e-05 90.86412899999998 0.09511841901878461 0.005763534 0.00018591967640752796 45.410984000000006 0.041277386053957546 0.7906049900000001 0.0011204626299424845 
1.5 50.0 0.0 1.0 0.0 9.225549099999999 0.009112722595470883 0.048028776 0.0009539816967941465 0.017222574799999994 0.00033953849363024005 9.5962777 0.005105539585331325 0.044602612999999985 0.0008860755747639853 4.804589500000001 0.0030426791791902555 0.004649781799999999 0.00017481669186593016 0.0005935656599999999 2.2182976484052938e-05 92.198575 0.09736846762019401 0.004198749799999999 0.00015791068157727526 46.077718999999995 0.04177350092343747 0.80763607 0.0011507565948771672 
1.55 50.0 0.0 1.0 0.0 9.351830899999994 0.009080767192400818 0.03996159599999999 0.0009414480908248974 0.014160552500000013 0.0003319167276818436 9.663870700000002 0.0051766638334550825 0.037092233 0.0008740500682730418 4.8368350000000015 0.00301821777044683 0.0032699336200000028 0.00014510802004404902 0.00040816339399999996 1.806674892783214e-05 93.47262700000003 0.09960198401481384 0.002951752690000001 0.00013103549570048207 46.714276999999996 0.04202933518052214 0.8245555699999997 0.0011725706042085258 
1.6 50.0 0.0 1.0 0.0 9.4715666 0.008908730282413941 0.03239056630000001 0.0009181722284895853 0.011345055899999996 0.00032067568731692644 9.7272566 0.005249242469589951 0.030050224799999997 0.0008520698530301926 4.8670994 0.002967670644866506 0.0021999430800000003 0.00011679123828540084 0.0002686430349999999 1.4270960484423506e-05 94.67883699999999 0.10185582475899538 0.0019852452800000002 0.00010543407866396997 47.316913000000014 0.04191235303941002 0.8414645199999997 0.0011796535324841548 
1.6500000000000001 50.0 0.0 1.0 0.0 9.583359100000001 0.00852776204417467 0.025389310499999995 0.0008779896930126401 0.008791830499999998 0.00030378185860934474 9.785835899999999 0.005338190217923484 0.023543786399999992 0.0008144337254079381 4.895088900000001 0.0028812371401367902 0.0014013903570000007 9.025836348710228e-05 0.0001674946016 1.0827464190212875e-05 95.80364100000004 0.10440790183750459 0.0012642479490000004 8.145904638903775e-05 47.87883 0.041368702167142085 0.8585197400000001 0.0011625904133961292 
1.7 50.0 0.0 1.0 0.0 9.685041099999996 0.007896764569026306 0.019077631900000006 0.0008141090769754947 0.006532074619999998 0.00027905776098642983 9.8386242 0.005486379028422291 0.0176828206 0.0007548622652720278 4.9203280000000005 0.0027592137611894578 0.0008355760829999999 6.620010220706789e-05 9.779532350000002e-05 7.799814405109558e-06 96.82577300000001 0.10807340104615301 0.0007535958110000001 5.9731351265381014e-05 48.389377999999994 0.04067948371316597 0.8759522099999997 0.0011101473936660003 
1.75 50.0 0.0 1.0 0.0 9.7738244 0.0070888726654149345 0.013610852199999999 0.0007222970052323851 0.004608182190000001 0.0002452817638763661 9.8843418 0.005767445575671335 0.012610110649999997 0.0006694632754225352 4.942195600000002 0.002625970781689995 0.00046096957330000007 4.551923157984139e-05 5.286015144000001e-05 5.270198744457464e-06 97.71778900000002 0.11426001534982148 0.0004156367574000001 4.106223134316539e-05 48.834816999999994 0.040746688946732106 0.8940620199999995 0.0010135761066666085 
1.8 50.0 0.0 1.0 0.0 9.847008200000001 0.00638374072836676 0.00913690612 0.0006049394895608384 0.003058717620000002 0.00020350974707492698 9.921764699999999 0.006243746659642893 0.008461395520000003 0.000560474279787598 4.960102300000001 0.0025346303196033793 0.00023287849024000013 2.9014484102280852e-05 2.6181189720000017e-05 3.3023301203591688e-06 98.45297400000001 0.12417800924169739 0.00020992855322999988 2.616839773478355e-05 49.201818 0.04284059178826361 0.9131635300000002 0.0008729437550523469 
1.85 50.0 0.0 1.0 0.0 9.903084600000005 0.006190868900851872 0.0057300504100000005 0.00047285132414991306 0.0018964659250000002 0.00015757559594994257 9.950276399999998 0.006895434900755224 0.00530411393 0.0004379333837937263 4.973747 0.0025391017210754114 0.00010682391343300002 1.696768135075715e-05 1.1783018231300007e-05 1.8982812661568003e-06 99.01646900000001 0.13746155867494853 9.627708331900001e-05 1.5300339860668317e-05 49.48299999999999 0.047440039924259075 0.9334857800000006 0.0007012160910210387 
1.9000000000000001 50.0 0.0 1.0 0.0 9.942597400000004 0.006643631509338289 0.003342066285 0.00034218898430649877 0.001093407213 0.00011293839623894477 9.970276300000002 0.007608651852518446 0.0030923059900000004 0.00031680501446765773 4.9833192 0.0026448403606876194 4.416235493349999e-05 8.97677144281169e-06 4.782372455540001e-06 9.862600563898488e-07 99.41382500000002 0.15189553356407728 3.97950379804e-05 8.092950472169743e-06 49.681157000000006 0.053537246217024735 0.95508387 0.0005211478148573326 
1.95 50.0 0.0 1.0 0.0 9.968073300000002 0.007429135921551681 0.0018091479539999993 0.00022783949427335144 0.0005849697009000002 7.444551450239945e-05 9.9831236 0.008247847516188855 0.0016732278120000004 0.00021085916376048725 4.9894698 0.002802413713148147 1.6295754541610002e-05 4.193806005253978e-06 1.7324986465950003e-06 4.5170705740705865e-07 99.67021700000001 0.16481794405379796 1.4681718679040005e-05 3.779975406391775e-06 49.80896200000003 0.059519694518192626 0.9778249100000003 0.00035613486604631846 
2.0 50.0 0.0 1.0 0.0 9.983102800000001 0.008184554991033429 0.0009083352747999997 0.00013852049327789032 0.00029017125220000007 4.477320189637787e-05 9.990683099999998 0.008733593362065157 0.0008397265129999996 0.0001281449449405901 4.993086800000002 0.002953823007140693 5.274593793991e-06 1.671912538207294e-06 5.498750836666002e-07 1.7613133143070025e-07 99.82159699999997 0.17463159317541638 4.751241965542999e-06 1.5065055706357467e-06 49.884369000000014 0.06428616813418307 1.0014551 0.00022210995002237155 
2.05 50.0 0.0 1.0 0.0 9.991217500000007 0.008740180467564588 0.0004229326367000001 7.62270835351681e-05 0.00013340949940999995 2.434435754408546e-05 9.9947605 0.009052418366791964 0.00039081015419999994 7.048554430751929e-05 4.9950385000000015 0.0030672204008538933 1.4606398515003e-06 5.491506141830891e-07 1.4893471031753e-07 5.6433217597398527e-08 99.90349499999998 0.18109255544851496 1.3153981132228008e-06 4.94664028649429e-07 49.925145999999984 0.0675191512895283 1.0256939999999992 0.0001252916598354508 
2.1 50.0 0.0 1.0 0.0 9.995243200000003 0.009081541867828957 0.00018287680133 3.779224817108703e-05 5.6918184479999994e-05 1.1909433466138989e-05 9.996774600000002 0.009236328333697898 0.00016890575167000002 3.4928146494176234e-05 4.9960034 0.0031376976821326278 3.390983607448898e-07 1.4540103509234434e-07 3.371288632509701e-08 1.453590465245883e-08 99.94407700000004 0.18481310483191554 3.052924200233199e-07 1.3093014821580962e-07 49.94535400000001 0.06942074942575602 1.0503070000000008 6.363324591385603e-05 
2.15 50.0 0.0 1.0 0.0 9.997073199999996 0.009261161957221766 7.382861293999998e-05 1.6964102984696287e-05 2.2654583314000004e-05 5.268624536957845e-06 9.997692300000004 0.009329348859153059 6.815366492399998e-05 1.5669934975443898e-05 4.996442899999999 0.003175072755998908 6.592977277032799e-08 3.115042460151959e-08 6.3733515448974965e-09 3.022578813123665e-09 99.96255599999996 0.18671125706470562 5.9337672649492026e-08 2.804005460930776e-08 49.954558 0.0703990440586178 1.0751269000000006 2.9183452317890823e-05 
2.2 50.0 0.0 1.0 0.0 9.997838399999996 0.009343887763390095 2.8100068019000004e-05 6.993588276456229e-06 8.496203645500002e-06 2.1389544128796416e-06 9.9980769 0.009372021113619641 2.5926444582000007e-05 6.456423379898667e-06 4.996627299999999 0.00319234496211332 1.0955733694589198e-08 5.556710995529575e-09 1.02789554951161e-09 5.225864743100444e-10 99.97033200000001 0.1875706800480927 9.856981947593896e-09 5.000089482296755e-09 49.95841800000002 0.07084641507326786 1.1000489999999983 1.2358398753170422e-05 
2.25 50.0 0.0 1.0 0.0 9.998142999999995 0.009378721457177051 1.0203352445100005e-05 2.697106044379112e-06 3.0388453327999995e-06 8.120323097589507e-07 9.998227199999997 0.009389296942941744 9.409062640799998e-06 2.4885321549704214e-06 4.996699100000002 0.003199588695734589 1.6056864546479194e-09 8.589108586916415e-10 1.46084658872546e-10 7.824897641624981e-11 99.97338800000001 0.18792714476224526 1.4441605925653092e-09 7.726014887934003e-10 49.959936999999975 0.07103148540840802 1.1250175000000002 4.846390037156455e-06 
2.3000000000000003 50.0 0.0 1.0 0.0 9.998255499999996 0.00939241056003948 3.5738101686999995e-06 9.897966040158876e-07 1.0483329442900002e-06 2.933340200058781e-07 9.998281399999998 0.009395624065532775 3.2938487707999983e-06 9.127418267450309e-07 4.9967258999999995 0.0032023566294275296 2.1409402787064894e-10 1.1943377122342451e-10 1.8883382574747415e-11 1.0540366210462222e-11 99.97449100000001 0.18806314730474538 1.9249271271538194e-10 1.073955678157596e-10 49.96049499999998 0.07110291311034525 1.1500063000000014 1.8849615519682698e-06 
2.35 50.0 0.0 1.0 0.0 9.998291699999998 0.009396922597399434 1.2182025938299998e-06 3.503038929371603e-07 3.5196880170999994e-07 1.0219812748729436e-07 9.998302199999998 0.009398370320015507 1.12218375086e-06 3.2285597024810353e-07 4.996735400000001 0.0032033880639726884 2.662465857049522e-11 1.5381557265592243e-11 2.2768739879581115e-12 1.3154043457892649e-12 99.97486800000003 0.18811123122689996 2.393067348554514e-11 1.3826724711282694e-11 49.960692999999985 0.07112897075405114 1.1750017999999984 6.838318053235868e-07 
2.4 50.0 0.0 1.0 0.0 9.998306399999997 0.009398875122651727 4.0678238712000024e-07 1.207166260833658e-07 1.1577351239699997e-07 3.467513634009023e-08 9.998309699999998 0.009399486768410206 3.7452688457999986e-07 1.1119856734760422e-07 4.996739000000001 0.003203775115383261 3.1447285218867608e-12 1.8730901975506327e-12 2.6082028198299406e-13 1.5528732406753221e-13 99.97500700000005 0.1881288793843074 2.8256587747186003e-12 1.6832240744020006e-12 49.960761999999974 0.071137973386931 1.2000006000000019 2.7629903296840365e-07 
2.45 50.0 0.0 1.0 0.0 9.998310699999998 0.00939962649820307 1.33695966657e-07 4.0777748891134666e-08 3.748782232099999e-08 1.1534847032632376e-08 9.998312699999996 0.009399983927548587 1.23032664444e-07 3.75430075372696e-08 4.996739800000001 0.0032038743763699953 3.5731836404742147e-13 2.1877736078866241e-13 2.875223582318035e-14 1.75914274836653e-14 99.97506900000003 0.18813611143868952 3.209691908897015e-13 1.9654246137191787e-13 49.96078699999998 0.07114141254808698 1.225000099999998 9.98377799987793e-08 
2.5 50.0 0.0 1.0 0.0 9.998312699999996 0.009399983927548587 4.339853813700001e-08 1.3565861223443376e-08 1.1990683042999998e-08 3.779771450266868e-09 9.998312699999996 0.009399983927548587 3.991765287600001e-08 1.2483511728639025e-08 4.996740400000001 0.003203956631794629 3.941016152750108e-14 2.4752055679444665e-14 3.07785385300717e-15 1.931230237870113e-15 99.97508100000005 0.18813780040502584 3.539107321070033e-14 2.223013265333751e-14 49.96079099999998 0.07114211787840484 1.25 0.0 
