0.05 100.0 0.0 1.0 0.0 3.4354949000000015 0.004523859452916458 0.9021603399999999 0.00025616505431111174 0.75303928 0.000992326080889908 2.0296779999999996 0.0020028744993172815 0.8855913099999998 0.00022253963768972216 1.3913583 0.001024694276893294 3.1059772000000003 0.005870021424288624 1.6733841999999992 0.007605702838240439 7.833742600000002 0.02140827347106586 2.946800900000001 0.005186070229168232 4.753563999999999 0.010821177453493657 0.061086417000000004 1.0246942768460275e-05 
0.1 100.0 0.0 1.0 0.0 2.7050578000000014 0.002396815293575485 0.8321478900000002 0.0002357842814417447 0.6665276099999999 0.0007711275436525343 2.6762892 0.001961457599234388 0.81374566 0.00021793493947457415 1.6714085000000003 0.0009431233151080841 1.9649838999999993 0.00260846795225438 1.05070312 0.0035773409830274537 10.280003600000002 0.017271897438607194 1.863397599999999 0.0023381703151015725 5.665352800000002 0.008468428024223318 0.11657177 1.886598449634736e-05 
0.15 100.0 0.0 1.0 0.0 2.6607639 0.0020681134393203595 0.7707455400000005 0.00023717002398058388 0.5907892299999999 0.0006929014125906899 3.2432465999999995 0.0020284049655880884 0.7507504200000003 0.00022538045441282203 1.9170177000000004 0.0009487074138564677 1.5504126 0.0017935528908823457 0.7879300000000004 0.0025298802273224018 13.416404 0.017576535262681443 1.4656922000000003 0.0016158219244693573 7.1021695 0.008599615581376795 0.16748944999999998 2.8457478370178914e-05 
0.2 100.0 0.0 1.0 0.0 2.8206662 0.002145419160818676 0.7145049899999997 0.00024653128544697473 0.5239919300000004 0.0006608040678203047 3.7599687 0.0021437205538899244 0.6933367499999998 0.00023818792722290273 2.1419803000000006 0.0009861117122605442 1.3327773000000005 0.0015497745826679662 0.63401699 0.0021252881330536674 16.910436999999995 0.019276200333907246 1.2551372000000003 0.0013843011527804965 8.772226300000002 0.009447694722677067 0.2143208100000001 3.944900935180695e-05 
0.25 100.0 0.0 1.0 0.0 3.0779042 0.002369890124793677 0.6621064500000001 0.0002610718867943428 0.46462944 0.0006412873445374774 4.238518700000001 0.002289063754685455 0.64016458 0.00025433657707055575 2.3515737999999997 0.001044305221495826 1.1998935999999998 0.001495573512199395 0.5304658499999999 0.0019060560581144147 20.649432000000004 0.02169734946393094 1.1255117999999995 0.001325423897329029 10.589950000000002 0.010659626306770469 0.25742128000000003 5.220998961328914e-05 
0.3 100.0 0.0 1.0 0.0 3.3938460000000004 0.0026979263333233427 0.6127594299999999 0.00028203512591766386 0.41151862 0.0006235256013641213 4.6864066 0.0024785862834400094 0.5903992800000002 0.0002753993101203534 2.5489620000000004 0.0011280896418300536 1.1133667 0.0015238707691590024 0.45558904999999994 0.0017455378815357306 24.575933 0.02485487686771367 1.0402799 0.0013468806739650862 12.515765000000004 0.012247526393102818 0.29706228 6.768428189550294e-05 
0.35000000000000003 100.0 0.0 1.0 0.0 3.7515468999999997 0.003153773031462708 0.5658460100000002 0.00031184497317860436 0.36367208000000006 0.0006097255570628905 5.109559200000001 0.002740507389797927 0.5433823 0.00030450039655182716 2.7366151999999992 0.0012473872332348182 1.0567599000000003 0.0016126799775208968 0.3992434400000001 0.0016227561561315035 28.662142999999997 0.02910271036362925 0.9837025600000007 0.0014249752314508322 14.530692000000009 0.014384428502951777 0.33343692000000014 8.731007120964291e-05 
0.4 100.0 0.0 1.0 0.0 4.144199799999998 0.0037912458215901036 0.5207682999999999 0.0003530222835769957 0.32020902 0.0006055902512389789 5.5136446999999995 0.0031003991757806056 0.49848391999999997 0.0003444903989040347 2.9169274000000014 0.0014120866943186433 1.0224304 0.0017809896322556653 0.3559564699999999 0.0015449330938561876 32.906594999999996 0.03490508577206744 0.9483778900000002 0.0015743429879727557 16.631276 0.0172970514897163 0.36664587 0.00011297121461410652 
0.45 100.0 0.0 1.0 0.0 4.572371000000001 0.0047100190625796266 0.47681659 0.0004096007949456417 0.2802602499999999 0.0006153168982527459 5.905206899999997 0.0035935918040443473 0.4549770100000001 0.00039929407621089335 3.092733399999999 0.0016383562996087312 1.00740593 0.0020671003286365968 0.3225034300000001 0.0015182909523705896 37.34196499999998 0.042952075744496554 0.9313054600000004 0.0018299974177234044 18.832238000000004 0.021331620884462225 0.3966539600000001 0.00014745606051858306 
0.5 100.0 0.0 1.0 0.0 5.045907899999999 0.006137730996545023 0.43294543000000024 0.0004928984950774955 0.24282366000000008 0.0006421078320996005 6.293612999999998 0.004316952611541622 0.41182079999999993 0.00047965610827010226 3.2682177 0.001971580527663688 1.0126240000000002 0.0025255527556542956 0.29701584999999997 0.0015451774570176614 42.061068 0.05490385554551103 0.9331120799999995 0.002242586265084376 21.179043 0.02732358301012296 0.42317823 0.00019715805276766395 
0.55 100.0 0.0 1.0 0.0 5.597061100000002 0.008845431095075015 0.3869683800000001 0.0006456059122674945 0.20621959999999995 0.0007067022597953826 6.6980336 0.005640624679090625 0.3668852200000001 0.0006267385024996809 3.4521262999999998 0.002582439330005134 1.0459509599999999 0.0033419138130707376 0.27872601999999996 0.001637491949292092 47.32427999999999 0.076705524338305 0.96070409 0.0029779090153026857 23.801500999999988 0.03825181795679271 0.4452660400000001 0.00028407116076965914 
0.6 100.0 0.0 1.0 0.0 6.371403999999999 0.018252270938163666 0.33020834 0.0011727895767973096 0.16457141999999997 0.000992129942918781 7.193761600000001 0.010222288117353396 0.3118042100000001 0.0011358051901881481 3.6791665 0.004691084662153673 1.1441825 0.005730425403711256 0.26838591000000006 0.0018664179062092615 54.292193000000005 0.15101976838973669 1.0468719699999998 0.0051134552717603836 27.280290000000004 0.07544286967631529 0.4584999100000001 0.0005629387245678535 
0.65 100.0 0.0 1.0 0.0 8.312212200000006 0.056024039320192676 0.19715916999999997 0.004177287481226446 0.08295904 0.002332566568154052 8.3397674 0.03570295659959573 0.18447025500000003 0.003966997048697496 4.211363200000001 0.016709160984249318 1.3486654999999996 0.008824535330968558 0.23409940999999992 0.003776941662697374 72.09869700000002 0.5765540739313841 1.2248250999999994 0.008013755035556824 36.16639700000002 0.2868638404311233 0.42752274999999995 0.0021721873763731157 
0.7000000000000001 100.0 0.0 1.0 0.0 9.8311755 0.008390041754809932 0.04468679000000002 0.0014796197806629177 0.0142929359 0.0005639335518448629 9.628212500000004 0.01234293309659995 0.04130968899999999 0.0013714411358435345 4.821252600000003 0.005918521111907211 0.5956439500000001 0.01724909251956385 0.069719877 0.0027090725128301185 93.47689 0.21152767894771501 0.53720792 0.0155621324031296 46.773312000000026 0.10468434328273504 0.37502464999999985 0.0008285863601794511 
0.75 100.0 0.0 1.0 0.0 9.9697242 0.001512857912299 0.012212733799999997 0.0004221173139070182 0.00358402389 0.00016576401383839248 9.898714399999998 0.003475192562561872 0.011253994299999999 0.00038613567827330527 4.9511484999999995 0.0016884849799602172 0.184909655 0.007349775202098399 0.018999926200000003 0.0010969279251831793 98.19896399999998 0.060054203042770135 0.16647528199999997 0.0065936928108786515 49.10898400000002 0.02973475484045131 0.3823276400000002 0.0002532649673817905 
0.8 100.0 0.0 1.0 0.0 9.989982699999999 0.0008757884202278802 0.0043532166 0.00021741310556478498 0.001271463113 0.00010139533063998787 9.963902500000003 0.0017878150092273206 0.004010799560000001 0.0001986498753736321 4.982586800000002 0.0008696518368934769 0.0673151146 0.004279255242632708 0.006729660598400005 0.00067399079030586 99.35457899999997 0.030718157214521 0.06058340109999999 0.0038353115391865354 49.68065500000001 0.015200917036147857 0.40278608 0.0001391517924294639 
0.85 100.0 0.0 1.0 0.0 9.9956556 0.0005465062919298877 0.0017596668000000005 0.00014056172908967997 0.00048168651160000015 6.198056869069152e-05 9.9854412 0.0011488429854725271 0.001617668970999999 0.00012764904593784567 4.992961000000001 0.0005621903857956889 0.02693358995 0.0027849820729099117 0.002440491161009 0.000403409837340113 99.73863800000001 0.019937158311071602 0.024212130470000016 0.0024907658088394245 49.87054000000002 0.009892283961775248 0.42619660000000015 9.558342429151948e-05 
0.9 100.0 0.0 1.0 0.0 9.998473099999998 0.00037125569946692136 0.0007876742869999999 9.695822269720887e-05 0.00021516218697899988 4.218268374634871e-05 9.9934836 0.0007919644373643026 0.0007240620008999999 8.799128830559151e-05 4.9968491 0.00038780105978210007 0.012488738774210003 0.001955985341033836 0.0011605976312658753 0.00027042680129498755 99.88366599999999 0.013754577072080743 0.011230063847319997 0.0017491345900057305 49.94241500000002 0.006824465013810649 0.4505670700000001 6.981221132579794e-05 
0.9500000000000001 100.0 0.0 1.0 0.0 9.999670700000003 0.00029924328619149925 0.0004114674207700001 7.42188044157288e-05 0.00010796940047279998 2.780940040342858e-05 9.996600700000002 0.0006048680554706723 0.00037774553907 6.720600740072336e-05 4.9983544 0.00029683723865922155 0.007038198096606804 0.0015386590580226476 0.0005530037925418934 0.00016591098127163097 99.93985099999998 0.01049886036891116 0.006317622359713499 0.0013752454619684838 49.97020799999998 0.0052130825212395775 0.47531270000000014 5.640697030447842e-05 
1.0 100.0 0.0 1.0 0.0 10.000234300000002 0.00021853865541535838 0.000266160804977 6.312552124349012e-05 5.805849600843998e-05 1.951749877057985e-05 9.997813100000002 0.0005145858266323544 0.00024303849550100007 5.7181910766179515e-05 4.998935700000001 0.00025249931665458753 0.005036200601539094 0.001326728378328433 0.0003204916424501669 0.00012205708418184216 99.96176500000001 0.008912606729801056 0.004512233617841621 0.0011865404507396076 49.98103999999998 0.004422378773460162 0.5002128699999999 5.049917752205471e-05 
1.05 100.0 0.0 1.0 0.0 10.000375500000004 0.0001650306224013629 0.00020977272070299983 5.594150589655625e-05 4.108599152198301e-05 1.6893639982798024e-05 9.998281200000003 0.0004567946637263883 0.00019102968579664 5.075209142850277e-05 4.999161400000001 0.0002237322513974892 0.004174507822685502 0.001154238416974701 0.00024553014871560097 0.00010721178393749543 99.970114 0.007935194392145097 0.0037379553114528685 0.001032270742945918 49.98518499999998 0.003937585652354712 0.5251761399999996 4.69879751848972e-05 
1.1 100.0 0.0 1.0 0.0 10.000394000000002 0.0001434812868823831 0.00018381854981862602 5.065111640316466e-05 3.3750816373567225e-05 1.5561900689849664e-05 9.9984962 0.0004129343957698354 0.00016714439001735203 4.5881203963328774e-05 4.999265 0.0002025742084359953 0.0037263427164586833 0.0010459035304801574 0.00020235861912634506 9.708417246643105e-05 99.97394100000002 0.007160004756750134 0.0033347874585371922 0.0009344165490205707 49.98707099999999 0.00355718914238013 0.5501617599999995 4.4573501373325555e-05 
1.1500000000000001 100.0 0.0 1.0 0.0 10.000346799999999 0.00013733906014415208 0.0001696656137433606 4.7705874290581316e-05 3.0331182818029383e-05 1.494275674656702e-05 9.998612400000003 0.00038842582527200673 0.00015418411523626126 4.315912914913048e-05 4.999321600000001 0.0001908156553535889 0.003418673479390866 0.0009819233780938629 0.0001854904706893187 9.189607192438434e-05 99.975921 0.006730109254313267 0.0030594314999667057 0.0008771190241657005 49.988053 0.0033432623150716967 0.5751560700000006 4.388977838422343e-05 
1.2 100.0 0.0 1.0 0.0 10.000288499999998 0.00012575002092199766 0.0001591263706802822 4.6079508135394646e-05 2.9051755976640557e-05 1.4480061167494452e-05 9.9986981 0.0003751852260947133 0.0001446736229793747 4.168610348631728e-05 4.9993633 0.0001843799369224054 0.003166949924600676 0.0009391744095073316 0.00017512535383971617 8.69871450900292e-05 99.97735300000004 0.006504196094228093 0.002834524688610458 0.000838928225850647 49.98876700000001 0.00323106144997671 0.6001527100000008 4.423109817850076e-05 
1.25 100.0 0.0 1.0 0.0 10.000252899999998 0.00010633516070982809 0.00015290945766867836 4.513944016771696e-05 2.81196543273085e-05 1.4016528216405822e-05 9.998748499999998 0.0003674587978926871 0.00013904398767722938 4.082630523643586e-05 4.999388399999999 0.00018055917191749682 0.0030185878735714826 0.0009039323227422047 0.00016520640559107967 8.227273212126109e-05 99.97821400000001 0.00638633322481789 0.002701543609507745 0.0008073781177644964 49.989191 0.0031732904362450818 0.62515293 4.514365570206501e-05 
1.3 100.0 0.0 1.0 0.0 10.000201799999997 9.228395415110858e-05 0.00014930146770002862 4.423433578245292e-05 2.7215037797950377e-05 1.3554082555118438e-05 9.998778500000002 0.00035997245366301364 0.00013573626887646194 3.999692989956475e-05 4.9994028 0.00017695299270713361 0.0028970627962903424 0.0008689542989695775 0.0001555955000288694 7.775778354619981e-05 99.97867800000002 0.006274916821741401 0.002592458563368098 0.0007760719219797958 49.989416 0.0031190417505462193 0.6501552799999992 4.6002478448170715e-05 
1.35 100.0 0.0 1.0 0.0 10.000144100000002 7.926463037379592e-05 0.00014605220563384681 4.332160129160103e-05 2.630979404033711e-05 1.3093579012031451e-05 9.998805299999999 0.0003524405613901141 0.0001327475240635312 3.916115636041313e-05 4.999415999999999 0.00017327683064456334 0.002778668907920401 0.0008347157908604429 0.00014629670000015986 7.34440723316772e-05 99.97908700000002 0.0061617602406438075 0.002486182407040358 0.0007454310436903807 49.989616000000005 0.0030636960418747054 0.675157719999999 4.6784666600190294e-05 
1.4000000000000001 100.0 0.0 1.0 0.0 10.000093399999999 6.931107146042421e-05 0.00014282933716586218 4.240996217935892e-05 2.540186109212539e-05 1.2635428302038858e-05 9.998831899999999 0.00034499990473069576 0.0001297818641604947 3.832666476173061e-05 4.999428599999999 0.0001696495814285163 0.0026629472000349484 0.0008012289992330535 0.00013731540000000095 6.93330334207901e-05 99.97949400000002 0.006048215738556937 0.0023823221000310655 0.0007154696507810557 49.989816999999995 0.003007166460685655 0.7001599500000011 4.749555410424838e-05 
1.45 100.0 0.0 1.0 0.0 10.000044299999999 6.149004204466717e-05 0.00013960936870496718 4.150010543181621e-05 2.4491110087451362e-05 1.2180067507043768e-05 9.998858500000003 0.0003374693571326669 0.0001268185877387815 3.749410977635092e-05 4.9994418000000005 0.0001659415787383268 0.002549898000000187 0.0007684953806347117 0.000128657 6.542549796715347e-05 99.979902 0.005934383705509753 0.0022808726000001656 0.0006861877230439677 49.99001600000001 0.0029512352381880326 0.7251619400000004 4.81389359453134e-05 
1.5 100.0 0.0 1.0 0.0 9.999994899999999 5.616484920981136e-05 0.0001363909306879416 4.05922810546546e-05 2.3577540007115838e-05 1.1727996976386399e-05 9.998885600000001 0.0003299054805991306 0.0001238559906115889 3.666364023217172e-05 4.999454500000001 0.00016238795334053754 0.002439516800000001 0.0007365138044548911 0.0001203266 6.17214035260411e-05 99.98031399999998 0.005819949319618538 0.002181828800000001 0.0006575833326920668 49.990218000000006 0.0028954037301331618 0.7501636799999999 4.871342296869299e-05 
1.55 100.0 0.0 1.0 0.0 9.9999489 5.444646757328032e-05 0.0001331734600563069 3.968655007343561e-05 2.266121000058303e-05 1.1279817776621871e-05 9.998911999999999 0.00032252869673734494 0.00012089420005005768 3.5835537473987556e-05 4.9994669 0.0001588120711980332 0.0023318028 0.0007052832125634791 0.0001123298 5.822005699378523e-05 99.98073000000002 0.00570490464039603 0.0020851974 0.0006296568420545532 49.990421999999995 0.0028384723297548474 0.7751651299999999 4.920965697262253e-05 
1.6 100.0 0.0 1.0 0.0 9.999906499999998 5.5687590892921375e-05 0.00012995676000469348 3.87831504164505e-05 2.1742110000047854e-05 1.0836199260845944e-05 9.9989386 0.00031505396389480645 0.00011793275000417259 3.500987272767259e-05 4.9994802 0.00015510022431211733 0.0022267644 0.0006748047474916625 0.00010467170000000001 5.491930347574613e-05 99.98114800000002 0.005589838003800541 0.0019909779 0.0006024069050650116 49.990625 0.002781445802550137 0.8001663399999986 4.964410004410281e-05 
1.6500000000000001 100.0 0.0 1.0 0.0 9.9998661 5.9399980596832824e-05 0.00012674079000039482 3.7882304289127635e-05 2.0820300000003925e-05 1.0397953519693112e-05 9.998965300000002 0.00030767711729611836 0.000114971860000351 3.418707905224131e-05 4.999492900000001 0.0001515469757232809 0.0021244075 0.0006450770549164553 9.7358e-05 5.1816116315872224e-05 99.98156899999998 0.005474080143895327 0.0018991815000000002 0.000575834051400321 49.990832999999995 0.0027241354797655193 0.8251673000000014 5.000107874005952e-05 
1.7 100.0 0.0 1.0 0.0 9.999828800000001 6.487376437556793e-05 0.00012352546000003332 3.698433727002556e-05 1.989580000000032e-05 9.96601005330618e-06 9.998991699999998 0.0003003273241736809 0.00011201102000002965 3.336723429212151e-05 4.999505999999999 0.00014794194855727882 0.0020247365000000002 0.0006160992370234583 9.039349999999998e-05 4.890547533587114e-05 99.98199199999999 0.005358110800864129 0.0018098103 0.0005499350096817887 49.99104499999999 0.0026666740995460203 0.8501680099999994 5.029992936678063e-05 
1.75 100.0 0.0 1.0 0.0 9.999792600000001 7.122915557425521e-05 0.00012031044000000283 3.608942022186638e-05 1.8968670000000025e-05 9.541474277396076e-06 9.999018600000001 0.0002929308111855666 0.00010905017000000249 3.255067480225265e-05 4.9995185 0.0001443979485591722 0.0019277655999999997 0.0005878699058330903 8.378374e-05 4.618114655518769e-05 99.98242000000002 0.005241332079800152 0.0017228783999999997 0.0005247097433539368 49.99125300000001 0.0026096955577156267 0.8751684600000001 5.0530807262107115e-05 
1.8 100.0 0.0 1.0 0.0 9.9997591 7.816138408504601e-05 0.00011709572000000022 3.519796307103886e-05 1.8038910000000002e-05 9.125612572404058e-06 9.9990451 0.0002856455318329636 0.00010608941000000023 3.173783480017531e-05 4.9995316 0.0001407664533615204 0.0018335068999999996 0.000560386791874589 7.753383e-05 4.3634929919345706e-05 99.98285199999998 0.005124622037482393 0.0016383981000000004 0.0005001555986342389 49.99146400000001 0.002552307393678458 0.9001686200000006 5.068687953661941e-05 
1.85 100.0 0.0 1.0 0.0 9.999729 8.521813119349277e-05 0.00011388124000000003 3.4310363966044195e-05 1.7106580000000002e-05 8.71993869181636e-06 9.999071999999998 0.0002783200319695686 0.00010312839 3.092901556934813e-05 4.9995443999999996 0.00013725263705925193 0.0017419728499999997 0.0005336465066443903 7.164874e-05 4.125684466126468e-05 99.983284 0.0050086468659896275 0.00155638357 0.00047627008302403106 49.991682 0.0024933448950407167 0.9251685399999985 5.077708077207199e-05 
1.9000000000000001 100.0 0.0 1.0 0.0 9.9997013 9.216145037252148e-05 0.00011066668 3.3426940375304706e-05 1.617172e-05 8.326211229377742e-06 9.9990985 0.0002711136055750521 0.00010016714000000001 3.0124698829741096e-05 4.9995574 0.00013370913342477498 0.0016531874700000003 0.0005076463106479026 6.613347e-05 3.903506636815276e-05 99.98372099999997 0.004891758851535764 0.0014768488100000002 0.00045304795106833665 49.99189399999998 0.0024368031645403245 0.9501682500000013 5.081555932184259e-05 
1.95 100.0 0.0 1.0 0.0 9.999676000000001 9.894250745501744e-05 0.00010745187999999999 3.2548148518283745e-05 1.523436e-05 7.946486819261957e-06 9.999125300000001 0.00026390344638705304 9.720546000000002e-05 2.9325328354643942e-05 4.999569900000001 0.00013025240802095125 0.00156716739 0.00048237977827519875 6.0993159999999995e-05 3.695637159446451e-05 99.98415900000003 0.004775238227569971 0.0013998143700000001 0.0004304842092294466 49.992109000000006 0.0023790271511601783 0.9751676399999992 5.0776525385097254e-05 
2.0 100.0 0.0 1.0 0.0 9.9996531 0.00010547195813003632 0.000104236643 3.1674491778103946e-05 1.429453e-05 7.583160744207589e-06 9.9991517 0.000256765303303034 9.424312000000001e-05 2.853142496499703e-05 4.9995829 0.00012671971407995122 0.00148394111 0.00045784228801578367 5.6232699999999994e-05 3.5006043487036634e-05 99.98460299999996 0.004658881298080283 0.0013253076799999998 0.0004085748159658504 49.99233100000001 0.0023204575805920646 1.0001669 5.0680705412672607e-05 
2.05 100.0 0.0 1.0 0.0 9.999632800000002 0.0001116861737419712 0.000101020996 3.080663509803522e-05 1.33523e-05 7.239025864140837e-06 9.999178700000002 0.0002496355997155219 9.127997e-05 2.77436209542102e-05 4.9995958 0.00012323312718926893 0.00140353187 0.00043402374929042063 5.185672e-05 3.316825589198829e-05 99.98504799999996 0.004542742673637122 0.0012533467300000001 0.00038730961610923575 49.992551999999996 0.0022632814589886472 1.0251658000000012 5.054644951864717e-05 
2.1 100.0 0.0 1.0 0.0 9.999615499999999 0.00011753224065298967 9.780444100000003e-05 2.9945096288621552e-05 1.2407659999999999e-05 6.917239730936322e-06 9.999205100000001 0.00024262330766726064 8.8315992e-05 2.696265145849761e-05 4.999608900000001 0.00011977686665342097 0.0013259786099999997 0.00041091763591588517 4.7869899999999994e-05 3.1426882663969395e-05 99.98549999999999 0.004426238814614655 0.00118396442 0.0003666809260603612 49.992774 0.0022061494157610403 1.0501641999999984 5.028760930925587e-05 
2.15 100.0 0.0 1.0 0.0 9.9996005 0.0001230525400188884 9.4586558e-05 2.9090743213813058e-05 1.1460156e-05 6.621321946177563e-06 9.999232 0.00023567999558750835 8.535018700000001e-05 2.6189169187558036e-05 4.9996213 0.00011639034759621618 0.00125130828 0.00038851032574433125 4.4276362e-05 2.976617656168379e-05 99.98595499999999 0.004311326332061589 0.00111719247 0.0003466785121632518 49.992997 0.0021491456223702286 1.0751629000000016 5.004803561964752e-05 
2.2 100.0 0.0 1.0 0.0 9.999589 0.00012820198811538768 9.1361198e-05 2.824428692540992e-05 1.0503024e-05 6.354607989822365e-06 9.999258600000001 0.0002288060758297637 8.2376914e-05 2.5424211368584594e-05 4.999634500000001 0.00011300047540839335 0.0011795527419999998 0.00036679190904862527 4.1073561e-05 2.8171097894945763e-05 99.98641200000002 0.00419672307101217 0.001053055676 0.0003272921641993633 49.993229000000014 0.002091415448094258 1.1001604999999985 4.967823979389798e-05 
2.25 100.0 0.0 1.0 0.0 9.999580700000001 0.00013322126296398153 8.808744599999999e-05 2.7407656988849686e-05 9.485245e-06 6.120025617929777e-06 9.9992857 0.00022205748192912845 7.9353964e-05 2.466965541397583e-05 4.9996476 0.00010963285255218146 0.0011107158050000002 0.0003457509890955949 3.82489018e-05 2.6629634275086204e-05 99.98687999999999 0.004083423569020799 0.000991551749 0.00030850946775707336 49.993460999999996 0.0020356330203063345 1.1251585 4.9323092999144466e-05 
2.3000000000000003 100.0 0.0 1.0 0.0 9.9995736 0.0001380436541896828 8.491301209999998e-05 2.6579124249695992e-05 8.589032999999999e-06 5.930527709930718e-06 9.9993119 0.0002153377204491694 7.6432591e-05 2.3923875499097296e-05 4.9996606 0.00010627227402811883 0.0010451192895900002 0.00032536704506502443 3.590596377000001e-05 2.513092013716751e-05 99.987339 0.003970716026859571 0.0009329836089100001 0.00029031326498079235 49.993687 0.001979546238642016 1.1501562000000012 4.8874078855743854e-05 
2.35 100.0 0.0 1.0 0.0 9.999560400000002 0.00014237829106825467 8.218912262299999e-05 2.5743788532027076e-05 8.22877551e-06 5.756922878550612e-06 9.999334199999998 0.0002085765187699598 7.397120183099999e-05 2.3171254865001078e-05 4.9996711 0.00010296182733194714 0.00098218612605821 0.0003056503096057948 3.3819307240080006e-05 2.367358142461855e-05 99.98771500000001 0.003856413715067648 0.0008768112239672601 0.0002727125201964347 49.993874 0.0019229475403607487 1.175154399999998 4.8368858173637006e-05 
2.4 100.0 0.0 1.0 0.0 9.999547699999999 0.00014604676369968768 7.956420726850001e-05 2.4908805388613764e-05 7.9750166154e-06 5.58242537969587e-06 9.999355200000002 0.00020183921696371372 7.1609848307e-05 2.2418759659498112e-05 4.9996817 9.964698238624107e-05 0.0009213607000219557 0.00028661243556810394 3.1799500005722344e-05 2.2259716761986455e-05 99.988076 0.0037411805901255597 0.0008225203000201521 0.0002557186459461992 49.99404999999999 0.0018662649898568088 1.2001530000000016 4.7869927386800077e-05 
2.45 100.0 0.0 1.0 0.0 9.9995363 0.0001492356956738293 7.695004322688e-05 2.4077011566376346e-05 7.725543400444001e-06 5.407881966970566e-06 9.9993765 0.000195095943852634 6.9258413246168e-05 2.166909194145286e-05 4.9996921 9.634555477445802e-05 0.0008626203000000167 0.0002682490418581375 2.984200000000414e-05 2.0889462040942977e-05 99.988438 0.003625455771988437 0.0007700892000000155 0.00023932723573959016 49.994231000000006 0.0018088182298910765 1.2251510999999982 4.726899574406639e-05 
2.5 100.0 0.0 1.0 0.0 9.999527200000001 0.00015171256165071322 7.43431500886496e-05 2.3248604461353487e-05 7.4762100912415e-06 5.23335084235867e-06 9.999397599999998 0.0001883220186793434 6.69135500889376e-05 2.092258574108498e-05 4.999703 9.291345433118842e-05 0.0008059534000000001 0.00025055386783592946 2.79469e-05 1.956288753773072e-05 99.988798 0.003510287450048298 0.0007195082 0.0002235329748324564 49.99441000000001 0.0017512929498451843 1.2501486 4.648398003069898e-05 
2.5500000000000003 100.0 0.0 1.0 0.0 9.9995196 0.00015373736861178203 7.174386000245489e-05 2.2423777057932985e-05 7.226890002468704e-06 5.058826680508255e-06 9.9994189 0.00018158771369057957 6.457539000245643e-05 2.01792862255682e-05 4.9997128 8.97116581365107e-05 0.000751348 0.00023352003490754279 2.6113999999999998e-05 1.82798532521462e-05 99.98915999999997 0.003394658458915294 0.0006707665 0.00020832940400583756 49.99459500000002 0.0016927654078184023 1.2751463000000018 4.5753394183666855e-05 
2.6 100.0 0.0 1.0 0.0 9.999513799999999 0.00015518787333811224 6.915230000006875e-05 2.1602526626688947e-05 6.977590000067564e-06 4.884316500638505e-06 9.999439599999999 0.00017497885214042526 6.22440600000686e-05 1.9439264794458626e-05 4.9997234 8.639817320849782e-05 0.0006987923000000002 0.0002171414547530644 2.43433e-05 1.7040358844258534e-05 99.98952199999998 0.0032791894158007047 0.0006238538 0.00019371158948063895 49.994776 0.0016353789299706494 1.3001440999999982 4.496044852557775e-05 
2.65 100.0 0.0 1.0 0.0 9.999509899999998 0.00015610903392699414 6.656875000000195e-05 2.0784950137541164e-05 6.728290000001873e-06 4.709806321162129e-06 9.999460899999997 0.00016826854242365396 5.991985000000195e-05 1.8702586985854994e-05 4.999733699999999 8.317062679446512e-05 0.0006482733 0.0002014113039180798 2.2635e-05 1.584454465644248e-05 99.98988800000001 0.003162519336447249 0.0005787573 0.00017967242831947564 49.994956 0.0015777707805606726 1.3251413000000014 4.4073042389933784e-05 
2.7 100.0 0.0 1.0 0.0 9.999507099999999 0.00015652554500999948 6.399343000000007e-05 1.9971118419218563e-05 6.479000000000053e-06 4.535303150485091e-06 9.999481400000002 0.000161736760653741 5.760293000000006e-05 1.796931001481278e-05 4.9997442 7.98751750343832e-05 0.000599775 0.00018632188975058726 2.09888e-05 1.469220085506593e-05 99.99025300000001 0.0030471141920982887 0.0005354655 0.00016620662963735084 49.99513800000002 0.001519736669554133 1.3501382999999978 4.310824926548474e-05 
2.75 100.0 0.0 1.0 0.0 9.9995068 0.0001563258698907065 6.142638999999999e-05 1.9160980110395685e-05 6.229740000000002e-06 4.360820971918476e-06 9.9995024 0.00015516327699712697 5.529348000000001e-05 1.723947754324637e-05 4.9997541000000005 7.666330225538953e-05 0.0005532851 0.0001718673690768841 1.940483e-05 1.3583418054731693e-05 99.99062099999999 0.0029301697301853794 0.0004939652 0.00015330747198805936 49.995321999999994 0.0014619716692392472 1.3751350000000002 4.215981494357561e-05 
2.8000000000000003 100.0 0.0 1.0 0.0 9.9995076 0.0001557580899720807 5.8868010000000014e-05 1.8354669686368616e-05 5.98047e-06 4.186331802125938e-06 9.999522899999999 0.0001486538468882609 5.2991599999999996e-05 1.6513100301506076e-05 4.999764699999999 7.336694904170132e-05 0.0005087865 0.00015803989001377943 1.788306e-05 1.2518175505758175e-05 99.990988 0.0028142314304370622 0.00045424189999999996 0.0001409686506306771 49.99550300000001 0.001403991772139407 1.4001319000000023 4.112704511214917e-05 
2.85 100.0 0.0 1.0 0.0 9.999510299999999 0.00015457829550517846 5.631821999999999e-05 1.755212654928502e-05 5.731219999999999e-06 4.011856632821767e-06 9.9995438 0.00014211036456438867 5.069748999999999e-05 1.579021094141237e-05 4.999774700000001 7.023239321854944e-05 0.0004662646 0.0001448328870273889 1.642348e-05 1.149646615751536e-05 99.99135699999997 0.002697213857038388 0.00041628219999999993 0.00012918405256869594 49.995687 0.0013461468394955695 1.4251282999999992 3.998801172561463e-05 
2.9 100.0 0.0 1.0 0.0 9.999514600000001 0.00015295969472941897 5.377723e-05 1.675336269647294e-05 5.481970000000001e-06 3.837381464083418e-06 9.9995642 0.00013564919343937989 4.8411119999999996e-05 1.5070768199227801e-05 4.999784900000001 6.704244783308359e-05 0.00042570159999999994 0.0001322392510845944 1.502607e-05 1.0518276009311176e-05 99.99172700000003 0.0025806940239978455 0.0003800711 0.00011794735265073946 49.995870000000004 0.001288362912521174 1.4501247000000006 3.884776786297138e-05 
2.95 100.0 0.0 1.0 0.0 9.9995207 0.00015080631707338618 5.124511e-05 1.5958359569911283e-05 5.23274e-06 3.662920295982974e-06 9.9995849 0.00012918564019968052 4.613263000000001e-05 1.4354782509015277e-05 4.9997949 6.383188754282678e-05 0.00038708350000000004 0.00012025270835506159 1.3690830000000002e-05 9.583605060310602e-06 99.99209299999998 0.002464678187502824 0.0003455952 0.000107252788078677 49.99605600000001 0.0012298604117565147 1.4751209999999977 3.771432147034615e-05 
