0.05 100.0 0.0 1.0000023 8.701155374551018e-07 6.992237599999998 0.007591593694526005 0.55538373 0.0006939966970897257 0.2832144799999998 0.0010976033249298777 5.272125000000001 0.006036696662074776 0.5251071599999998 0.0006468554023465776 2.776727 0.0028277883036105745 3.7980721000000006 0.008673754821634126 1.0068550800000002 0.00667264455992761 38.52144499999999 0.06959088107473234 3.4875733999999987 0.007758635837859551 19.756578 0.03164307938806954 0.04721080899999999 2.878883780556014e-05 
0.1 100.0 0.0 1.0000001 9.949245442523716e-08 7.587288999999998 0.011139900300741445 0.43187881000000006 0.000932411448416343 0.20763940999999997 0.001009040467681605 6.335213499999998 0.008594209537109588 0.4069345199999998 0.00089456216167338 3.270252399999998 0.0038321049675723745 3.2784054999999994 0.00922167635343349 0.7539800800000002 0.005493541545918567 48.878642999999975 0.10646897771902697 2.9975879999999995 0.008299893092084728 24.806322 0.04827495086646856 0.08454353299999999 7.582952526619291e-05 
0.15 100.0 0.0 1.0 0.0 8.085706200000002 0.014982256444719394 0.34687927 0.0012125441240510124 0.15793132999999998 0.0010405882201961658 7.064581499999998 0.011120485801781026 0.3258604900000001 0.0011597527367065575 3.6099259000000012 0.0050020401899420345 2.8955252000000002 0.010309339076273861 0.60026016 0.004991303040884335 57.07667999999998 0.14739377113716295 2.640196400000001 0.009234449523947277 28.826657 0.06840882785510863 0.11661747000000004 0.00014655598074074692 
0.2 100.0 0.0 1.0 0.0 8.5531706 0.017725148511555523 0.27651823999999997 0.0014695965542365539 0.11954947200000003 0.0010535427953443852 7.6655794 0.013392460896205105 0.2590572100000001 0.0013928990169638775 3.8911000999999983 0.006059006836938645 2.559333 0.011132797130550518 0.48270514000000014 0.004880038123273495 64.55604199999999 0.18953002212946557 2.328325499999999 0.009989110799642209 32.505812999999996 0.0889080074757844 0.14423442 0.0002359933720169995 
0.25 100.0 0.0 1.0 0.0 8.986771199999998 0.01839170938510937 0.21415866000000006 0.0016507322683717456 0.08803447000000003 0.0010124050359983962 8.1957124 0.014957783208165848 0.20012937000000006 0.0015550915122688387 4.140289699999999 0.0067718099980073835 2.2198062000000007 0.012104022263510433 0.38227369999999994 0.0042883231290914686 71.70624899999999 0.22317346562036625 2.0153962 0.010907402733720928 36.02899399999998 0.10480127548675937 0.16782379000000003 0.00033094012397852444 
0.3 100.0 0.0 1.0 0.0 9.351003100000003 0.01689411089265028 0.15919648000000006 0.0017114106350890588 0.062266198999999994 0.0009637775178717482 8.660947700000001 0.015590027920340564 0.14841523000000006 0.001610189385870714 4.3599228 0.007029147493229501 1.8488377 0.014184634803797419 0.29118324000000007 0.004281784237490642 78.40508100000001 0.24318471323124685 1.6755663999999992 0.012844140633395082 39.331279 0.11350759267376767 0.18820034 0.0004114398352662903 
0.35000000000000003 100.0 0.0 1.0 0.0 9.619443699999998 0.014332000840551435 0.11303746300000002 0.0016263050286158798 0.04192552000000001 0.0008360956289456323 9.0503707 0.015057588483051767 0.10512836199999999 0.0015252908275242307 4.544378999999997 0.006728079939354478 1.45525971 0.016559606560521186 0.20860043 0.004071591312232972 84.318518 0.2451698792567784 1.3165896999999998 0.015029608029676084 42.245338999999994 0.11301230973567525 0.20664517000000004 0.0004559783661652273 
0.4 100.0 0.0 1.0 0.0 9.790818199999999 0.01204873319350226 0.07665504799999999 0.0014119152311781982 0.02693821399999999 0.0006582711490518497 9.356278800000004 0.013606447114696826 0.07112604299999997 0.0013175568896972023 4.68977 0.0059498591058878315 1.07263384 0.017559343418048247 0.14107771299999997 0.003590272055601279 89.15907599999997 0.231188701156128 0.9690227400000004 0.01590137041106566 44.630684999999986 0.1040754617801792 0.22452588999999995 0.0004523499443787266 
0.45 100.0 0.0 1.0 0.0 9.888827900000006 0.010742351201885611 0.04979634299999999 0.0011501827565245963 0.016787980800000005 0.0005101643993252092 9.581207900000003 0.011996813858082623 0.046125912000000005 0.001068704177611633 4.7971088 0.0050616962439074 0.7413851299999997 0.016754777687809953 0.09165744199999999 0.003119861717617041 92.83749699999997 0.21286452863500047 0.6691271799999998 0.015145247599510506 46.44427999999998 0.09262818518153132 0.24292429999999984 0.00041447800822330656 
0.5 100.0 0.0 1.0 0.0 9.939519200000005 0.01015270765917854 0.031136433900000014 0.0008872683494698268 0.010231429100000002 0.0003941539688609036 9.737000200000004 0.010695558074230721 0.028812091199999997 0.0008235654459899779 4.871691499999998 0.004297298049663921 0.4829634799999999 0.014318093375393826 0.05699059400000001 0.0024919742159877226 95.44603499999998 0.1977280163933148 0.4355914 0.012934442108966254 47.73056600000001 0.08286364548120952 0.26245312000000004 0.0003551739625252151 
0.55 100.0 0.0 1.0 0.0 9.964490900000001 0.009828590648790856 0.01877991040000001 0.0006579719712188307 0.006037605270000001 0.0002915048985247537 9.840030700000002 0.009858736988338957 0.0173631846 0.0006107036004024773 4.921086 0.0037717420272444452 0.29768087 0.011462983665086721 0.0336255697 0.0018636235038384085 97.20125300000004 0.1881328376463346 0.26831493800000006 0.010347096228878971 48.59605899999999 0.0763473716784999 0.28326229999999986 0.0002896562664621438 
0.6 100.0 0.0 1.0 0.0 9.976754000000003 0.009661892045521826 0.010941378399999995 0.00048195923759786566 0.0034426684000000013 0.0002095607638402031 9.9053331 0.009465704162602775 0.010107665100000003 0.0004469266962195132 4.952421300000003 0.0034782067639654766 0.17378857699999994 0.008796993417283983 0.019095104208 0.0013918029259272179 98.329633 0.1844142340008576 0.15658515900000003 0.0079334691989254 49.152650999999985 0.07324791036620536 0.30525139999999995 0.0002314050215537297 
0.65 100.0 0.0 1.0 0.0 9.9850947 0.009572640152479803 0.0061941188399999994 0.0003529481651759599 0.0019243418669999996 0.0001518283885287349 9.944832799999999 0.009311138968039891 0.005719375609999997 0.0003265593037138915 4.971400900000001 0.0033334323694671542 0.09873756840000007 0.006587222775506508 0.010719370003500001 0.001014033433945446 99.021981 0.18362164872749814 0.08894947510000001 0.005933464562464404 49.49440099999999 0.0720958014797169 0.32822073999999984 0.00018355104882666816 
0.7000000000000001 100.0 0.0 1.0 0.0 9.9901015 0.009454915644644492 0.0034788835399999977 0.0002565415845118703 0.0010785989536000002 0.00010658316014181568 9.9674057 0.009285097376177873 0.00321198391 0.00023653273304681158 4.982257100000001 0.0032735847057593854 0.05573321347999999 0.004884649415573752 0.0059861979594834 0.0006908415380638763 99.42096000000005 0.18420573706551385 0.050201263309999994 0.0043916733581741835 49.69139399999999 0.07193683191285556 0.35194808999999977 0.00014365651959055193 
0.75 100.0 0.0 1.0 0.0 9.993064499999997 0.009375528035669102 0.0019677831759999996 0.00019120901328468264 0.000591354809594 7.219647874497746e-05 9.979995499999998 0.009343673766120568 0.001814728183 0.00017533815155508403 4.988301100000001 0.0032691784132509324 0.031933224318099994 0.0037587577218593285 0.0031152912294171746 0.00045346790570098826 99.64406000000001 0.1858090576478419 0.028728928780499995 0.00337206469899396 49.80140400000002 0.07248674693917437 0.37618061999999997 0.00011470103031848912 
0.8 100.0 0.0 1.0 0.0 9.9948537 0.009369488912060167 0.0011459602168 0.00014755169647526553 0.00029739868590469994 4.7857006002745026e-05 9.986868300000005 0.009401621158093247 0.0010516057686000002 0.00013471880022619063 4.9915886999999985 0.0032797945809354126 0.019083284701917988 0.0029394756153472887 0.0014489830584725855 0.000307822206253949 99.76659599999998 0.18719033563701554 0.017122451959142 0.0026352768263631712 49.86174699999998 0.07304936968190581 0.4007333800000001 9.440100505478047e-05 
0.85 100.0 0.0 1.0 0.0 9.995716100000001 0.00936643915785695 0.0006965832841199998 0.00011594178982410825 0.00015220722450699 3.6132239121676906e-05 9.990614800000003 0.009438488844555084 0.00063606142068 0.00010586933200796879 4.9933868 0.003290270693668678 0.01188712659716015 0.0023171035297027912 0.0008177781832259981 0.0002520993458364745 99.83352000000001 0.18806506500146505 0.010656138256359375 0.0020786710303403212 49.89488200000003 0.07344762809469313 0.42547359 7.879917524272834e-05 
0.9 100.0 0.0 1.0 0.0 9.996060000000002 0.009371727755320136 0.0004440980089780001 9.288443748421674e-05 9.7478310666114e-05 3.066791110911325e-05 9.9926871 0.009458999892476803 0.0004055673158739999 8.499432573577163e-05 4.9943966999999985 0.003297172285649609 0.007705898339539425 0.0018439727371877782 0.0005949548237253529 0.0002162065007164996 99.870736 0.18857068301585708 0.006914949089841157 0.0016556154290726377 49.913343999999995 0.07369594437049251 0.45031968000000006 6.683226747654699e-05 
0.9500000000000001 100.0 0.0 1.0 0.0 9.996260799999998 0.009387433974923552 0.00029729892816669995 7.378731255776208e-05 7.426971070734721e-05 2.7161391030686268e-05 9.9938888 0.009461387842461075 0.0002725095599196 6.776971928579227e-05 4.9949848 0.003297064726330074 0.0052903064878586405 0.0014253633336810084 0.0004679546570915013 0.00018891453807924648 99.89217799999999 0.18869638434584876 0.004753831616614464 0.0012815708361448674 49.924008 0.07375903085968852 0.4752258000000003 5.60408529504322e-05 
1.0 100.0 0.0 1.0 0.0 9.996384800000001 0.00940323061236062 0.00021200392446058994 5.701102516027431e-05 5.709468431242396e-05 2.3713118362463604e-05 9.9945884 0.009451776292015168 0.00019478454964675 5.260230020342025e-05 4.995325399999997 0.0032912512679437525 0.0038955959772146945 0.0010737288746219512 0.0003494954603511148 0.00015993489028524028 99.90467700000005 0.188576578003789 0.0035010814318363857 0.0009663981310825305 49.93019100000001 0.073685675203374 0.5001694799999998 4.557678463177791e-05 
1.05 100.0 0.0 1.0 0.0 9.996468099999996 0.009413734993824368 0.00016150539176479 4.411548163339591e-05 4.314840835527852e-05 2.051268316571189e-05 9.9950105 0.009438055960152153 0.00014833842243931002 4.07685675381688e-05 4.9955264999999995 0.003285265923425866 0.003072353521739513 0.0008469730798659371 0.00027086971700964363 0.0001343679296564589 99.91216500000002 0.18834873864371093 0.0027604871465139254 0.0007614438387464026 49.93389400000001 0.07356647498439126 0.5251356099999995 3.703638735614666e-05 
1.1 100.0 0.0 1.0 0.0 9.996536799999996 0.009413085898795028 0.0001342722553781678 3.786001743621776e-05 3.454502377002581e-05 1.7553529101327197e-05 9.995235099999999 0.009426813228733726 0.00012316635759518338 3.4817819647275e-05 4.995635600000001 0.0032822811741813015 0.0026468145146125444 0.0007687630931885402 0.00021480772657689765 0.00011335791550530501 99.91622500000003 0.1881495544152428 0.0023759320486631684 0.0006898744211428299 49.935908 0.07347940452513549 0.5501180599999994 3.3293169950007905e-05 
1.1500000000000001 100.0 0.0 1.0 0.0 9.996563299999996 0.009408853541282798 0.00012139977997897577 3.6117609171953366e-05 2.8812591688834533e-05 1.602321450764934e-05 9.995345199999997 0.009421410143373306 0.00011108271818008674 3.31166235531624e-05 4.995686399999999 0.003281102191423754 0.0024417944572274206 0.0007378926236606296 0.00018294072348162515 0.00010580723283345359 99.91819800000005 0.18805412183696163 0.0021901334074744708 0.0006619751106318533 49.93687099999999 0.07343762447546026 0.5751116100000009 3.3202463330407513e-05 
1.2 100.0 0.0 1.0 0.0 9.996557699999997 0.009406710276031518 0.00011581955209181172 3.537304668727237e-05 2.6440903978894406e-05 1.555495644583556e-05 9.995391199999997 0.009419254808407026 0.00010585847387442546 3.242107967671627e-05 4.995709 0.003280520405380864 0.0023326915174958847 0.000710016909914486 0.00017214210391477112 0.00010109459805864828 99.91902300000004 0.1880170711653855 0.0020919779838863713 0.0006369183297861463 49.93727899999999 0.07342148747203533 0.6001111300000008 3.393752078791582e-05 
1.25 100.0 0.0 1.0 0.0 9.996522699999998 0.00940649390352674 0.00011296912981714943 3.4669640483684334e-05 2.5561292825903016e-05 1.518866956038065e-05 9.995413799999996 0.00941854466123292 0.0001032276864519806 3.177188781342379e-05 4.995720200000001 0.003280141993815573 0.002242340432867355 0.0006823438373929169 0.0001643769686340459 9.649055276352792e-05 99.91939900000006 0.18800612305678616 0.0020108333221026844 0.0006120439079336649 49.937465 0.07341565197388958 0.62511291 3.4643562443879665e-05 
1.3 100.0 0.0 1.0 0.0 9.996481099999995 0.009406726234889948 0.00011062843619380173 3.3958277696791685e-05 2.4929772249841583e-05 1.4822263890732974e-05 9.995433099999996 0.009418226023737696 0.000101077448288616 3.111537545814782e-05 4.9957296 0.0032798280257447924 0.002154552003485478 0.0006552882417736392 0.0001568581078178564 9.200377738119278e-05 99.91969300000002 0.18800062275017645 0.0019319930928078652 0.0005877254712373587 49.937609 0.07341204254202585 0.6501149899999993 3.528728247211272e-05 
1.35 100.0 0.0 1.0 0.0 9.996441599999999 0.009407107643375281 0.00010835053355416692 3.324748973494415e-05 2.4325089297647908e-05 1.4456270335892708e-05 9.995452999999996 0.009417967479779542 9.898618629290701e-05 3.0459483179161067e-05 4.9957386999999995 0.0032794850835577787 0.0020686932009130383 0.0006288665171270463 0.00014951640006287295 8.763688595803931e-05 99.91997700000003 0.18799572993983266 0.0018548871008181199 0.000563978861669332 49.937749 0.07340857841562207 0.675116949999999 3.5881405843027754e-05 
1.4000000000000001 100.0 0.0 1.0 0.0 9.996401299999995 0.009407326712382631 0.0001060827839054824 3.2538942849500343e-05 2.3722884185748338e-05 1.4091250115503207e-05 9.995471599999997 0.009417495008468404 9.690418058988126e-05 2.9805654377254332e-05 4.995747699999999 0.0032791823793887204 0.0019847489000073522 0.000603076578641043 0.00014235280000047284 8.339046527307696e-05 99.92028200000003 0.18799354864640846 0.0017795005000065844 0.0005408011840990672 49.937889999999996 0.07340528297748736 0.7001187400000012 3.641460571431895e-05 
1.45 100.0 0.0 1.0 0.0 9.996365099999997 0.009407655365180258 0.00010381968464447599 3.183267749103484e-05 2.3120922046289918e-05 1.3727338452289211e-05 9.995489399999997 0.009417084054865226 9.482653435450607e-05 2.9154063508452043e-05 4.995756799999999 0.0032788939137812162 0.0019027081000000557 0.0005779140279745178 0.00013536910000000338 7.926507138318801e-05 99.92056700000003 0.18798874582810518 0.00170582630000005 0.0005181895075608452 49.938030999999995 0.07340201059505848 0.72512038 3.690435412318987e-05 
1.5 100.0 0.0 1.0 0.0 9.996329099999995 0.00940796754044985 0.00010156130039368611 3.112895878700466e-05 2.25190601699956e-05 1.3364617358555434e-05 9.995507899999996 0.00941684769156393 9.275276036871619e-05 2.8504719734665614e-05 4.9957657 0.003278606567611075 0.0018225660000000003 0.0005533756562031437 0.0001285665 7.526094257440242e-05 99.92084200000004 0.18798298709796726 0.0016338568000000004 0.0004961398115156226 49.93817099999999 0.07339880112514131 0.7501218199999999 3.733237036906112e-05 
1.55 100.0 0.0 1.0 0.0 9.996294399999996 0.009408187272094862 9.930717003288471e-05 3.0427692740884857e-05 2.1917570013908287e-05 1.3003332842596713e-05 9.995527499999998 0.009416607699550923 9.068293003076628e-05 2.7857739682534398e-05 4.995774699999999 0.0032782726258294608 0.0017443127000000003 0.0005294561350958899 0.0001219462 7.137829145948789e-05 99.92114100000005 0.18797869693154007 0.0015635884 0.0004746490064088141 49.938313999999984 0.07339545360625317 0.7751230800000002 3.770413425155854e-05 
1.6 100.0 0.0 1.0 0.0 9.996262599999998 0.009408494248933422 9.705750000271015e-05 2.9728981860885166e-05 2.1316380001122895e-05 1.2643441256180111e-05 9.995545899999998 0.009416154161959952 8.861706000253289e-05 2.721314544268036e-05 4.995783599999999 0.0032779957337660975 0.0016679422999999998 0.000506151995027064 0.00011550909999999999 6.761709589535696e-05 99.92142700000001 0.1879740026643857 0.0014950139999999998 0.00045371370586399525 49.938457 0.07339213362826633 0.8001241799999987 3.802837229789284e-05 
1.6500000000000001 100.0 0.0 1.0 0.0 9.996231099999996 0.009408679261084138 9.481236000022059e-05 2.903291670082229e-05 2.0715800000089585e-05 1.2285220825315389e-05 9.995563599999997 0.00941577091854809 8.655532000020597e-05 2.6571048099094993e-05 4.9957928 0.0032777155949918375 0.0015934472000000003 0.0004834584050572516 0.00010925600000000001 6.397732108255238e-05 99.92173600000004 0.1879718300143443 0.0014281215 0.00043332740379819904 49.93860199999999 0.07338878783556758 0.8251251100000013 3.830032839156639e-05 
1.7 100.0 0.0 1.0 0.0 9.996202699999996 0.009409137125017824 9.25717900000177e-05 2.8339551571015133e-05 2.011581000000707e-05 1.1928678783894559e-05 9.9955819 0.009415553233531253 8.449766000001654e-05 2.593148835677999e-05 4.995801600000001 0.0032774279235926853 0.0015208165 0.0004613702391946272 0.0001031874 6.045878604315836e-05 99.92202500000005 0.18796700286655882 0.0013629105 0.0004134882995307697 49.93874699999999 0.07338574642888132 0.8501258399999996 3.851622948845624e-05 
1.75 100.0 0.0 1.0 0.0 9.996175399999998 0.009409358558805389 9.033571000000141e-05 2.7648860831944894e-05 1.951650000000055e-05 1.1573929108772861e-05 9.995601399999996 0.0094153442805097 8.24441000000013e-05 2.5294487813207402e-05 4.9958105 0.0032771096636512466 0.0014500458 0.00043988301698126927 9.73038e-05 5.706126984317471e-05 99.92231600000002 0.18796221570137864 0.0012993713000000002 0.000394191158148243 49.938889999999994 0.07338260148712268 0.8751263999999999 3.868039296720347e-05 
1.8 100.0 0.0 1.0 0.0 9.996149299999997 0.009409526333730588 8.81042900000001e-05 2.6961008705563276e-05 1.891797000000004e-05 1.1221087743703414e-05 9.995618799999997 0.009414848245486555 8.039485000000009e-05 2.466019837694488e-05 4.995819299999999 0.003276847140968382 0.0013811237999999998 0.00041899069705473847 9.16057e-05 5.37845505462777e-05 99.92261600000003 0.18795804931252252 0.0012374965 0.0003754308735687137 49.93903499999998 0.07337933965884451 0.9001268000000006 3.8795180136556534e-05 
1.85 100.0 0.0 1.0 0.0 9.996125199999996 0.00940985810997311 8.587751000000001e-05 2.6275977841376313e-05 1.8320250000000005e-05 1.0870241677252396e-05 9.995638199999997 0.00941464586098805 7.834968000000001e-05 2.402855361915852e-05 4.995828400000001 0.003276581302880624 0.0013140454999999998 0.00039868912918742533 8.60934e-05 5.0628313392452645e-05 99.92291400000002 0.18795566327718516 0.001177277 0.0003572021996407777 49.93918199999999 0.07337600059131791 0.9251270299999984 3.885876911900102e-05 
1.9000000000000001 100.0 0.0 1.0 0.0 9.996101399999997 0.009409930380215344 8.365534e-05 2.5593840155917283e-05 1.772341e-05 1.0521502549494487e-05 9.995655499999996 0.009414349171758348 7.630873000000001e-05 2.3399665247848545e-05 4.9958373 0.00327629858487736 0.0012487992000000002 0.00037897118639019725 8.07674e-05 4.7592254046981214e-05 99.92322000000001 0.18795116872727333 0.0011187111000000001 0.0003395018886007527 49.939330999999996 0.07337315012589628 0.9501270700000015 3.887046489749119e-05 
1.95 100.0 0.0 1.0 0.0 9.996081399999998 0.009410326660660832 8.143788000000001e-05 2.4914645265519154e-05 1.71275e-05 1.0174990904423454e-05 9.995674799999996 0.009414158424940642 7.427207999999999e-05 2.277359584062947e-05 4.995846 0.0032760074694827093 0.0011853799 0.00035983258719361413 7.56279e-05 4.467592052913851e-05 99.92350900000001 0.18794623323748777 0.0010617849 0.0003223224377691536 49.939479 0.07336990236190666 0.9751269799999989 3.8840396874029355e-05 
2.0 100.0 0.0 1.0 0.0 9.996062799999997 0.009410651860604873 7.922502e-05 2.4238422065146817e-05 1.653252e-05 9.830802405231019e-06 9.995691999999996 0.009413696811566865 7.223960000000001e-05 2.215035484715313e-05 4.995854899999999 0.00327575018432193 0.0011237752 0.00034126583695595663 7.06751e-05 4.187873956615576e-05 99.92381600000004 0.18794218045808525 0.0010064945000000003 0.0003056600257689047 49.939626999999994 0.07336663676163882 1.0001266999999998 3.8758755231112834e-05 
2.05 100.0 0.0 1.0 0.0 9.996043899999995 0.009410709701100358 7.701696e-05 2.3565286517400634e-05 1.593851e-05 9.489085125242528e-06 9.995710699999997 0.00941352628004757 7.021148e-05 2.153007451656162e-05 4.9958637 0.0032754907560875223 0.0010639806 0.0003232664100070349 6.59095e-05 3.9200231961144056e-05 99.92411700000002 0.18793968314875942 0.0009528321000000001 0.0002895088685331865 49.939775999999995 0.07336383124029285 1.0251263000000015 3.864884278168378e-05 
2.1 100.0 0.0 1.0 0.0 9.996027299999998 0.009410940390679785 7.481356999999999e-05 2.2895223120149997e-05 1.53455e-05 9.14998083152637e-06 9.995729399999997 0.009413339177813817 6.818754e-05 2.0912718173099453e-05 4.995872500000001 0.003275233104296492 0.0010059846 0.0003058269522696592 6.133150000000001e-05 3.6639664980830545e-05 99.92443700000004 0.1879361673260644 0.000900789 0.0002738629153841936 49.939924999999995 0.07336063504882015 1.0501255999999983 3.8428979340142516e-05 
2.15 100.0 0.0 1.0 0.0 9.996013599999996 0.009411251355200045 7.261475e-05 2.2228257147128628e-05 1.4753479999999999e-05 8.813651381527183e-06 9.995747099999997 0.009413061555412633 6.616794e-05 2.029844518865334e-05 4.9958812 0.0032749532768539605 0.0009497813999999999 0.00028894219077151126 5.6941400000000003e-05 3.419614371768255e-05 99.92472700000002 0.1879313447396582 0.0008503581 0.0002587165054255988 49.94007599999999 0.07335737079703696 1.0751249000000016 3.8225513355889245e-05 
2.2 100.0 0.0 1.0 0.0 9.995999 0.009411387863090755 7.042065000000003e-05 2.1564521571434756e-05 1.416245e-05 8.480280539538476e-06 9.995764499999996 0.009412632377173108 6.415255999999999e-05 1.9687244683831813e-05 4.995889799999999 0.003274707990018178 0.0008953599999999999 0.00027260457465728635 5.273987e-05 3.1868650244381716e-05 99.92503900000001 0.18792709849234263 0.0008015334 0.00024406444953946975 49.94022699999999 0.07335452653876005 1.1001236999999984 3.790584535459902e-05 
2.25 100.0 0.0 1.0 0.0 9.995987599999998 0.009411570935946594 6.823123e-05 2.090404753003999e-05 1.357243e-05 8.15010184304779e-06 9.995783099999997 0.009412474855958414 6.214146e-05 1.9079233471711695e-05 4.9958988 0.0032744567649726475 0.0008427145999999999 0.000256808705130119 4.872724999999999e-05 2.9655743281477114e-05 99.92533800000002 0.18792487574958994 0.0007543063000000002 0.0002299000720700476 49.940379 0.07335147836677383 1.1251228 3.759204172523118e-05 
2.3000000000000003 100.0 0.0 1.0 0.0 9.995977099999994 0.009411727886347015 6.604647e-05 2.0246920442558444e-05 1.298339e-05 7.823350420719947e-06 9.995801599999997 0.009412304871530903 6.0134590000000005e-05 1.8474478231907362e-05 4.995907299999999 0.003274230177821927 0.0007918345 0.00024154679687200882 4.490424e-05 2.7555784873703447e-05 99.92565800000003 0.18792139420058385 0.0007086697 0.00021621745294603096 49.94053099999999 0.07334865638443154 1.1501213000000017 3.7206626759740674e-05 
2.35 100.0 0.0 1.0 0.0 9.995968499999998 0.009411875979169457 6.386622e-05 1.959311131407965e-05 1.239532e-05 7.5003344622474e-06 9.995819999999997 0.009412162886402817 5.813187e-05 1.7873011151541618e-05 4.995916199999999 0.003273930346815485 0.0007427135 0.00022681287246496283 4.127151e-05 2.5566698687497746e-05 99.92597000000002 0.18791729469887977 0.0006646172000000001 0.00020301055256814017 49.94068199999999 0.07334552082286869 1.1751200999999984 3.684982942898289e-05 
2.4 100.0 0.0 1.0 0.0 9.995960999999998 0.009412019428904368 6.169069000000001e-05 1.894285213010805e-05 1.180822e-05 7.181408381530465e-06 9.995836299999997 0.009411642558725314 5.613332e-05 1.7274969514455765e-05 4.9959248 0.0032737100588902937 0.00069534189 0.00021259932709474498 3.78298e-05 2.3685932860658032e-05 99.92628200000004 0.18791601051706114 0.0006221402400000001 0.0001902724120916667 49.940836999999995 0.07334277488153308 1.2001183000000017 3.6343652028434975e-05 
2.45 100.0 0.0 1.0 0.0 9.995956499999997 0.009412189369515479 5.9519560000000016e-05 1.829606939154593e-05 1.122205e-05 6.866982884489738e-06 9.995854799999996 0.009411499101086941 5.413898e-05 1.6680491514976292e-05 4.995933399999999 0.0032734800082733183 0.0006497143 0.00019890030835507797 3.457996e-05 2.1910407648183637e-05 99.92659500000003 0.18791142150140905 0.0005812331 0.00017799715231608032 49.940991000000004 0.07333956156259235 1.225116499999998 3.580429535514892e-05 
2.5 100.0 0.0 1.0 0.0 9.995951099999996 0.009412224881398711 5.7352990000000004e-05 1.7652981517242323e-05 1.0636809999999999e-05 6.557566922078569e-06 9.995872999999996 0.009411364083411354 5.214865e-05 1.6089623766939828e-05 4.9959421 0.003273252059651366 0.0006058207399999999 0.00018570768468136726 3.15227e-05 2.0236303516628227e-05 99.92689600000003 0.1879074186501693 0.00054188914 0.00016617823282638497 49.941146999999994 0.07333687676006434 1.2501146 3.5248665149695067e-05 
