0.05 20.0 0.0 1.0 0.0 1.165492 0.00021047470153989214 0.9343199999999999 0.00022874916395730077 0.8842124 0.0009597792475324791 1.641227 0.0011965433966165213 0.9287524000000001 0.00013295474411043865 1.2627199999999998 0.0009145239198803636 0.9862096000000001 0.0006052930232366874 0.8769058000000001 0.0019719816064026705 2.8883350000000005 0.004478886524535788 0.9740647000000001 0.000371723608329212 1.88262 0.002901594044653552 0.06237279999999999 9.14523920306019e-06 
0.1 20.0 0.0 1.0 0.0 1.275287 0.0003725561702497726 0.8737352999999999 0.00023289654571556983 0.7859798 0.0007389191403696273 2.224136 0.001496071656022372 0.8639850000000001 0.00016622827669104834 1.505059 0.0009319210803710762 0.8594250000000001 0.0005469353892200575 0.6882664000000001 0.001355557244823573 5.189197 0.007019150668040265 0.8404074999999999 0.00039676278180671186 2.9387309999999998 0.0038495260617582086 0.11989880000000001 1.8660010703745484e-05 
0.15 20.0 0.0 1.0 0.0 1.4463110000000001 0.0006507525643029553 0.8175952000000001 0.00024595250758893336 0.7012546000000001 0.0005879868229795724 2.757983 0.0017916752217232968 0.8046688 0.00019907369490150916 1.729617 0.0009841311396282485 0.7540602 0.000523688892386825 0.5482054000000001 0.0009852685948452274 7.882432 0.010150327758241146 0.7311875 0.00042198483976628866 4.215317000000001 0.005214420782720581 0.17311130000000002 2.952898575273074e-05 
0.2 20.0 0.0 1.0 0.0 1.661345 0.0009760299687771313 0.7653989000000001 0.00026273768094713714 0.6275215000000001 0.0004883242006978727 3.249289 0.0020594151839756674 0.750079 0.00022873757888720956 1.938405 0.0010509188836593615 0.6648493 0.0005145940740051152 0.4414336 0.0007570007556145483 10.853229999999998 0.013589937821952345 0.6400252 0.0004414568789841666 5.647328 0.006821230944637962 0.22246379999999996 4.198542607792414e-05 
0.25 20.0 0.0 1.0 0.0 1.9081279999999996 0.001320804906167376 0.7167323000000001 0.0002802323339394211 0.5629099 0.0004265117454465715 3.703228 0.002294597480973352 0.6996412 0.0002549299433279238 2.1330699999999996 0.0011212207633592244 0.5882719 0.000510017851642979 0.3584641 0.0006132741548406852 14.016670000000001 0.017161101654639105 0.5627376 0.0004543332961700358 7.187564 0.00853572237129229 0.2683465 5.605519602214894e-05 
0.3 20.0 0.0 1.0 0.0 2.177636 0.001670324040351357 0.6712475 0.0002969980555405349 0.5059723 0.00039160865797172663 4.124048 0.0024967309827179794 0.6528834000000001 0.00027747649268024087 2.315009 0.0011877857130044446 0.5218415000000001 0.0005056881697139834 0.2930349 0.0005196909360365352 17.30859 0.020715725669134176 0.4964186 0.00046082157501428563 8.800814 0.010274237898698328 0.31109929999999997 7.135026981167874e-05 
0.35000000000000003 20.0 0.0 1.0 0.0 2.46306 0.0020168232446156364 0.6286432999999999 0.00031239673656351314 0.4555573 0.0003738034791154207 4.515295 0.0026703892039015107 0.6094115999999999 0.00029671852656257085 2.485425 0.0012497505750972359 0.46373030000000004 0.0004998364742632972 0.24082910000000002 0.0004551166982221086 20.679920000000003 0.02418440737321485 0.4389635 0.00046195868321776367 10.46038 0.011986449015464902 0.3510201 8.746593051528392e-05 
0.4 20.0 0.0 1.0 0.0 2.7592 0.0023519115629629934 0.5886585 0.0003262032265369251 0.41073170000000003 0.00036601060230294976 4.880001999999999 0.002817875369891078 0.5688888000000001 0.0003130305671793133 2.645365 0.0013049185798285775 0.4125520000000001 0.0004918850678672778 0.198772 0.00040711023077332463 24.09283 0.027505534170372586 0.38879870000000005 0.00045843204621518944 12.1458 0.013636883808416067 0.3883707 0.00010435497592174095 
0.45 20.0 0.0 1.0 0.0 3.0620529999999997 0.002673851173908212 0.5510628 0.00033826152013066355 0.370728 0.00036303735344746533 5.220767999999999 0.0029419414679634163 0.5310256 0.00032679654832188856 2.795749 0.0013532209354246022 0.36722960000000004 0.0004817048515393356 0.1646174 0.00036840597715093735 27.518099999999997 0.030667605058157167 0.34471739999999995 0.0004512541235330171 13.84135 0.015219430015583266 0.42338259999999994 0.00012178852164131193 
0.5 20.0 0.0 1.0 0.0 3.3685089999999995 0.0029799229688510383 0.5156533999999999 0.00034890386069397347 0.33490879999999995 0.00036169080165756565 5.539866000000001 0.0030451998947577663 0.4955705999999999 0.00033833324401796584 2.937387 0.001395730668825195 0.32691 0.0004696845324257301 0.1366921 0.000335154127231308 30.93313 0.0336446490548263 0.30577450000000006 0.0004410130440183314 15.534910000000002 0.016707294514426776 0.4562613 0.00013957306690717822 
0.55 20.0 0.0 1.0 0.0 3.6761520000000005 0.003269602972817717 0.48224930000000005 0.0003580551647384091 0.3027381 0.0003602618339463252 5.839269 0.0031312283372305536 0.4623036 0.00034795951488244983 3.071001 0.0014319702861015807 0.290905 0.00045597254303125746 0.1137276 0.00030512755365580646 34.320539999999994 0.03642898077130698 0.2712185 0.0004285059451190022 17.21713 0.018106247816681326 0.48718970000000006 0.00015756097547448897 
0.6 20.0 0.0 1.0 0.0 3.9830969999999994 0.0035415691579556616 0.45068909999999995 0.0003659273274948063 0.27376389999999995 0.0003578401724275468 6.1207210000000005 0.0032027480231909982 0.43103089999999994 0.0003559156487261699 3.1972430000000003 0.0014639576837728908 0.25865269999999996 0.0004408556691273043 0.09474869 0.0002774896922227374 37.66698 0.0390308616351582 0.24044119999999997 0.00041416218562589913 18.880879999999998 0.01940946057997053 0.5163307 0.00017568477738308415 
0.65 20.0 0.0 1.0 0.0 4.287888999999999 0.00379582993570939 0.4208286 0.0003726735622537224 0.24760099999999996 0.0003540633559168688 6.385769999999999 0.0032610424715856707 0.40158119999999997 0.00036241166648328814 3.3166849999999997 0.00149025920574327 0.22968929999999999 0.00042463626906027644 0.07899723 0.00025158950854519156 40.962360000000004 0.041442290477129176 0.2129456 0.0003985539411412218 20.520680000000006 0.020620197864756877 0.5438308999999999 0.00019382447989496702 
0.7000000000000001 20.0 0.0 1.0 0.0 4.5893999999999995 0.004032729596710691 0.39253790000000005 0.00037843338779927036 0.22391989999999998 0.0003487888888736113 6.635778 0.0033081114854835707 0.37380240000000003 0.00036755930677656026 3.429849 0.0015139025398536697 0.2036261 0.00040758838182694963 0.06587712999999999 0.00022726682162195903 44.19911999999999 0.04367539765160072 0.1883208 0.00038196512406139387 22.1325 0.021742111213029255 0.5698212 0.00021190355351467175 
0.75 20.0 0.0 1.0 0.0 4.8867709999999995 0.004254089197548272 0.3656992 0.0003832703432344476 0.2024372 0.0003420993072181771 6.871967 0.0033461876965340254 0.34755910000000007 0.00037172727771310894 3.5372019999999997 0.0015332304458680484 0.18013649999999998 0.00038996623571827297 0.054915549999999994 0.00020443634082537677 47.371689999999994 0.0457401780721776 0.166223 0.0003646356263439956 23.713309999999996 0.02277954543060762 0.5944197000000001 0.00022991363810292463 
0.8 20.0 0.0 1.0 0.0 5.179345 0.004458785092405491 0.3402077 0.000387332287578013 0.1829078 0.0003341152435900343 7.095432 0.003374597398265425 0.3227299 0.00037497859805331996 3.639169 0.0015491884650475933 0.15894290000000003 0.00037186576744799993 0.04573437 0.00018308711590368164 50.47616 0.047637397493568566 0.1463641 0.00034695101815706365 25.260959999999997 0.023739234191952945 0.6177326 0.00024791285567028396 
0.85 20.0 0.0 1.0 0.0 5.466633 0.004648533758139681 0.31596680000000005 0.00039065372902035003 0.1651195 0.0003250705538806216 7.307145000000001 0.0033969666613652065 0.2992058999999999 0.0003773738319025391 3.736133 0.0015624666715977383 0.1398076 0.00035352595944243505 0.03802899 0.00016320639537109046 53.509820000000005 0.04937566363992963 0.12849890000000003 0.0003290492501115382 26.77394 0.02462008204719587 0.6398575 0.00026566867524673834 
0.9 20.0 0.0 1.0 0.0 5.748279 0.004824715421714472 0.2928899 0.00039340786596288465 0.1488877 0.0003151291814472973 7.507993000000001 0.0034121902201953423 0.2768898 0.0003791792399361982 3.8284400000000005 0.001574296668210943 0.12252649999999998 0.0003349561239928022 0.03155249 0.0001448138670500789 56.47103 0.05097653783921454 0.1124182 0.00031098555593456315 28.25129 0.025429354887508627 0.6608808 0.00028324119755699376 
0.9500000000000001 20.0 0.0 1.0 0.0 6.0240290000000005 0.004986472991919978 0.27089869999999994 0.00039557062707372686 0.1340505 0.0003045126023663693 7.698760000000002 0.003423152055780434 0.2556933 0.00038032202276384983 3.916404 0.0015823054066427746 0.10692270000000001 0.00031630001738805187 0.0261034 0.0001278771691898301 59.358810000000005 0.05244073502496216 0.09794279 0.00029300681031379296 29.69246 0.026164274115492884 0.6808830999999999 0.0003006659758329953 
1.0 20.0 0.0 1.0 0.0 6.2937069999999995 0.005134693963591607 0.2499219 0.0003971709820717682 0.12046680000000001 0.00029333185302586763 7.880157 0.0034284565186374254 0.23553800000000003 0.00038087444125065907 4.000311 0.0015887903889557483 0.0928432 0.000297732563217023 0.02151651 0.00011237118976857566 62.17279 0.053772610965097264 0.08491802000000001 0.0002750680206056675 31.097160000000002 0.02683787323854483 0.6999374 0.00031772705894971795 
1.05 20.0 0.0 1.0 0.0 6.557193000000001 0.005270386712485862 0.22989550000000003 0.0003982770204247377 0.10801269999999999 0.0002817353030775679 8.052823 0.003428551603795126 0.21635290000000001 0.0003809773602191021 4.080419000000001 0.0015929415869248428 0.08015410999999999 0.0002791095105693151 0.01765574 9.822620851890247e-05 64.91305 0.054977754137887094 0.07320985 0.00025726150712806307 32.46533 0.02744022248389478 0.7181121000000001 0.00033456767473733276 
1.1 20.0 0.0 1.0 0.0 6.814403999999999 0.005393968520687795 0.2107621 0.00039887685944393463 0.09657946999999999 0.00026990230308399386 8.217323000000002 0.0034247321203707643 0.1980753 0.0003805251910181181 4.156952 0.001595469711260871 0.06873860000000001 0.00026053801411685194 0.014408470000000001 8.540471421414274e-05 67.57971 0.056046681346246484 0.06270192 0.0002396038475484717 33.79706 0.027988591247083843 0.7354706 0.00035096994743015616 
1.1500000000000001 20.0 0.0 1.0 0.0 7.065275 0.005503490574126699 0.19247149999999996 0.00039890498242253634 0.08607149 0.0002579254436656052 8.374155999999997 0.003416566464098904 0.1806492 0.00037954567050627535 4.230115 0.001595247473053211 0.05849438999999999 0.0002420143340590941 0.01168105 7.381521286291619e-05 70.1731 0.05699825435739717 0.05329292 0.00022209244327536757 35.09241 0.028468124103969948 0.7520738999999999 0.00036700881327686674 
1.2 20.0 0.0 1.0 0.0 7.309734000000001 0.005599178368264674 0.17497990000000002 0.00039827170248337806 0.07640527999999999 0.0002458708761933765 8.523755000000001 0.003402515907037122 0.1640273 0.00037803251315318264 4.3000799999999995 0.0015928603204044894 0.04933189 0.00022354524349664777 0.009395484999999999 6.339637084647575e-05 72.69325999999998 0.05779804875838035 0.0448945 0.00020473667380327689 36.35134 0.028873008848971926 0.7679809000000002 0.00038232087174422196 
1.25 20.0 0.0 1.0 0.0 7.547673999999999 0.005678175622644123 0.1582517 0.0003969314059136088 0.06750828 0.00023377606284644652 8.666475 0.003382643419113607 0.14816939999999998 0.0003757901595314588 4.366991999999999 0.0015876667159296436 0.04117259999999999 0.00020510265819856366 0.007486443000000001 5.405486477737663e-05 75.13987 0.0584376728652479 0.0374297 0.00018749317427564 37.57367 0.029201500132766588 0.7832516999999999 0.0003969314059302161 
1.3 20.0 0.0 1.0 0.0 7.778927 0.005737170042683446 0.1422607 0.00039453653949937206 0.05931787000000001 0.0002216517927062706 8.802596 0.0033539991651488263 0.13304489999999997 0.0003727329727849644 4.430957 0.0015784137923037665 0.033947700000000004 0.00018667888632616572 0.005899116 4.5711642810120294e-05 77.51179 0.058881563243499496 0.03083119 0.00017035727835930123 38.75885000000001 0.02941962695080235 0.7979512000000001 0.00041036239592022765 
1.35 20.0 0.0 1.0 0.0 8.003226 0.005772646568111042 0.12699 0.00039093638868773514 0.05178125 0.00020947674536794125 8.932300000000001 0.003316078707790886 0.11863349999999999 0.00036844161681352154 4.49204 0.0015634052576770723 0.02759664 0.00016823790845114114 0.004587318999999999 3.8286920441590194e-05 79.80689 0.0590822146679237 0.025040080000000003 0.00015328652112949346 39.905739999999994 0.029526233082834422 0.8121490999999998 0.00042223340584624354 
1.4000000000000001 20.0 0.0 1.0 0.0 8.220153 0.005776359069466181 0.11243569999999999 0.00038555855716129544 0.04485494999999999 0.0001971788813491574 9.05566 0.0032636890170046682 0.1049265 0.00036262877023199443 4.5502590000000005 0.0015421507382555805 0.022065869999999998 0.00014978925665753341 0.003511952 3.170360575076291e-05 82.02147 0.05897026038692236 0.020004330000000004 0.00013626763595949216 41.012480000000004 0.029472976775165964 0.825928 0.0004317737602111048 
1.45 20.0 0.0 1.0 0.0 8.429097 0.0057401405991277755 0.09860815 0.00037795160252323244 0.03850482000000001 0.00018466936443260932 9.172628 0.003193493948753499 0.09193003999999999 0.000354849113906235 4.605566 0.0015120689140761237 0.017306670000000003 0.00013136043700441236 0.00263967 2.5891321982466663e-05 84.14989 0.05846402218474004 0.015677020000000003 0.00011934507346345106 42.07627 0.02921995910278005 0.8393856999999999 0.00043843328000217337 
1.5 50.0 0.0 1.0 0.0 8.658142999999999 0.00576392939775285 0.08366008999999999 0.00037554386679875885 0.03188853 0.00015988693508223417 9.29883 0.0031461420819637862 0.07790769 0.00034959796865835144 4.665361 0.0015017153193371772 0.012754419999999999 0.00010458518135951309 0.0018500099999999998 1.85998416659939e-05 86.47754999999998 0.05848635439400087 0.01154282 9.477132245569129e-05 43.23969000000001 0.02923947827792431 0.8503921 0.0004507109594894815 
1.55 50.0 0.0 1.0 0.0 8.863645 0.005853790267978098 0.07041926000000001 0.00037636009145490025 0.02629344 0.00015292715730046974 9.410352 0.0031505697266009953 0.06551641 0.0003500608585519688 4.718323 0.001505540467669866 0.009223667000000001 9.065986481402455e-05 0.0012839610000000001 1.4840650150851552e-05 88.56138 0.05927067200684221 0.008341479 8.207319762808279e-05 44.28133 0.029626373555424315 0.8623196999999999 0.00046669939042555283 
1.6 50.0 0.0 1.0 0.0 9.063446000000003 0.005915459609702172 0.05770145 0.0003755383602909464 0.02111321 0.0001461195677861102 9.517275999999999 0.0031410995531819955 0.0536361 0.0003490098139021813 4.769194999999999 0.0015023350161092893 0.0063210340000000005 7.623792805684079e-05 0.0008451056000000001 1.1533913583167455e-05 90.58302 0.059769975405200224 0.005712598 6.895644094353702e-05 45.29194 0.029879053533017657 0.8738578 0.0004806626218020854 
1.6500000000000001 50.0 0.0 1.0 0.0 9.256578000000001 0.005906841761851261 0.04554948 0.0003705256657236684 0.0163391 0.00013860919017152302 9.619265 0.0030970199384387164 0.042303890000000004 0.000344073938986882 4.8178019999999995 0.001482658288449143 0.004020070000000001 6.110075434886197e-05 0.0005166066 8.590176181196863e-06 92.53311000000001 0.05955713466927457 0.0036307979999999998 5.521843441822732e-05 46.26682000000001 0.029776604237479323 0.8851253 0.0004891045092924627 
1.7 50.0 0.0 1.0 0.0 9.440449 0.005736989881677705 0.03410623 0.0003558787431274925 0.011998120000000001 0.00012860312033538 9.715152999999999 0.002971959303762575 0.03164979 0.0003302150755038406 4.863574 0.001423465630011082 0.0022995589999999996 4.519746962939586e-05 0.00028424490000000005 5.945880882509969e-06 94.38582 0.057737510858048145 0.002075635 4.081482148068261e-05 47.19305000000001 0.028864120461055413 0.8963844999999999 0.00048396990092723456 
1.75 50.0 0.0 1.0 0.0 9.609376000000001 0.005257698773944399 0.023698729999999998 0.0003228628585173688 0.008178756 0.00011325091711946575 9.802232 0.0026943692400669024 0.0219743 0.0002993522082764784 4.905206 0.0012913862320592555 0.0011318157999999998 2.9245914509141637e-05 0.00013466310000000002 3.627652536972096e-06 96.08457000000001 0.05281705983671643 0.0010210212999999999 2.6391372287189105e-05 48.042359999999995 0.026399750756885998 0.9081782 0.00045203782584765846 
1.8 50.0 0.0 1.0 0.0 9.753826 0.004338533208245495 0.01487739 0.0002641711571879131 0.005038604 9.032741793276063e-05 9.875941000000001 0.002202269488162666 0.0137842 0.00024474508289238083 4.940491 0.001057026442589417 0.0004539294 1.535535697937363e-05 5.201909e-05 1.8089133081742846e-06 97.53456 0.04350893977330104 0.00040927260000000006 1.3847862040185023e-05 48.7673 0.021756746080708635 0.9214233999999999 0.00038038488931206816 
1.85 50.0 0.0 1.0 0.0 9.863362 0.0030623731974041574 0.008234964 0.00018531565824937422 0.0027377479999999995 6.196325894915695e-05 9.931384 0.0015441056968855725 0.00762416 0.0001715629184002176 4.967061 0.0007419413049387588 0.0001411416 6.058911853130057e-06 1.558736e-05 6.818462472141355e-07 98.63247 0.03066574652877744 0.00012719096999999998 5.4608701937338146e-06 49.31624000000001 0.015335691700012057 0.9371878 0.00027423139136347776 
1.9000000000000001 50.0 0.0 1.0 0.0 9.933897 0.001792492705933205 0.003977921000000001 0.00010808583595873989 0.001298549 3.541393156513409e-05 9.96688 0.0008992975028893463 0.003680212 9.999195514440168e-05 4.984089 0.0004322648494683668 3.3304300000000006e-05 1.7241151233023787e-06 3.5463219999999996e-06 1.8612614567437873e-07 99.33871 0.017939015849921917 2.9997850000000003e-05 1.553119042781326e-06 49.66933 0.00897063041223284 0.9560464999999999 0.00016427107174785764 
1.95 50.0 0.0 1.0 0.0 9.971837999999998 0.0008757908440364583 0.001693868 5.269976639037416e-05 0.000543092 1.6942016305622886e-05 9.985907000000001 0.0004383036589284095 0.0015660030000000003 4.8719801745285734e-05 4.993225000000001 0.0002109419326020845 6.0855e-06 3.5984112862762017e-07 6.251103e-07 3.7367332970938574e-08 99.71829999999999 0.008759303643679394 5.478788e-06 3.2399463933775293e-07 49.859159999999996 0.004379251080055412 0.9776425 8.223201936759516e-05 
2.0 50.0 0.0 1.0 0.0 9.989169 0.0003690811551597313 0.0006515133 2.2204252710257718e-05 0.00020522630000000002 7.009715213972637e-06 9.994581999999998 0.00018438438816725024 0.0006019259 2.0513620072746948e-05 4.997393 8.916333501728521e-05 9.04845e-07 5.8459935841223616e-08 8.971395e-08 5.8503997564141e-09 99.89169000000001 0.0036908115207946466 8.142746999999999e-07 5.261211991015959e-08 49.945859999999996 0.0018414233729005087 1.001042 3.540621416619984e-05 
2.05 20.0 0.0 1.0 0.0 9.9075 0.0011620834734615037 0.005581532000000001 7.019391037403779e-05 0.0017338269999999999 2.3287584247835098e-05 9.953613 0.0005848231358634404 0.005154007 6.493727880115808e-05 4.977673999999999 0.0002807853294418007 6.507896e-05 1.6724003828748533e-06 6.290568e-06 1.7351195624970343e-07 99.07446 0.011633711362757853 5.854691000000001e-05 1.5054542408488825e-06 49.53725 0.005815414859324331 1.0341539999999998 0.00011466647302246662 
2.1 20.0 0.0 1.0 0.0 9.935972000000001 0.0008472187434853893 0.0038624950000000005 5.11457734959584e-05 0.0011795179999999998 1.6624454565490797e-05 9.967920000000001 0.0004253186999101862 0.0035643860000000006 4.728067106545376e-05 4.98455 0.00020503170511694456 3.131656e-05 8.48808149018389e-07 2.924961e-06 8.47632715325461e-08 99.35947 0.008478703315453386 2.8161930000000004e-05 7.637299648501193e-07 49.67972 0.0042421409613224124 1.0564899999999997 8.619744823284448e-05 
2.15 20.0 0.0 1.0 0.0 9.956387000000001 0.0006033722719118208 0.002630922 3.639777830582498e-05 0.0007900353 1.160175093686243e-05 9.978162 0.0003026773887865404 0.0024263780000000003 3.362316230814477e-05 4.989477 0.00014544448984939805 1.45868e-05 4.136407267182472e-07 1.3171439999999998e-06 3.98086453223419e-08 99.56372999999999 0.006040580271917504 1.311238e-05 3.720240282024787e-07 49.781870000000005 0.0030185774576852228 1.0795249999999998 6.230971058014556e-05 
2.2 20.0 0.0 1.0 0.0 9.97071 0.0004207374462292237 0.0017671940000000001 2.5369574777674e-05 0.0005219614 7.936277496660497e-06 9.985341 0.0002109096993349716 0.0016288319999999998 2.342002450041671e-05 4.992929999999999 0.00010139033903962948 6.602307e-06 1.944960047921275e-07 5.766706e-07 1.8059399636311526e-08 99.70701 0.004209262419236842 5.9327899999999995e-06 1.7485850082852883e-07 49.853519999999996 0.0021030834507309464 1.1031099999999998 4.44072069594255e-05 
2.25 20.0 0.0 1.0 0.0 9.980566999999999 0.00028781956635621846 0.0011726590000000002 1.7366766794655518e-05 0.00034076449999999997 5.3354596320281055e-06 9.990276999999999 0.00014417386554118692 0.001080227 1.602210641894577e-05 4.99531 6.972804474992827e-05 2.9147509999999997e-06 8.866101626363339e-08 2.4638910000000004e-07 7.95037967074511e-09 99.80566 0.0028789303168315697 2.618265e-06 7.96792306219126e-08 49.90283 0.0014447179452188007 1.1271109999999998 3.1095016464305335e-05 
2.3000000000000003 20.0 0.0 1.0 0.0 9.987244 0.00019432549774638783 0.0007699903000000001 1.1705799920593923e-05 0.0002201934 3.5339935093318455e-06 9.993618000000001 9.712671512524196e-05 0.0007089019 1.0792819551396368e-05 4.996921 4.654996829948901e-05 1.259389e-06 3.935356323003013e-08 1.0308455000000001e-07 3.4110084819081903e-09 99.87243 0.001940569484588573 1.1309120000000002e-06 3.535446548316042e-08 49.93622 0.00097034016142669 1.151418 2.1156559302198768e-05 
2.35 20.0 0.0 1.0 0.0 9.991703000000001 0.00012899649285325897 0.0005010260999999999 7.786573321365971e-06 0.00014103369999999998 2.3111424709438754e-06 9.995849 6.405388129433523e-05 0.00046102680000000007 7.175083884944897e-06 4.997997000000001 3.127458040114056e-05 5.341855e-07 1.7074469367011073e-08 4.236030999999999e-08 1.4316739726942282e-09 99.91702999999998 0.0012899652061475018 4.795382000000001e-07 1.5333957663825468e-08 49.95852000000001 0.0006475800433032594 1.1759400000000002 1.4628737925655734e-05 
2.4 20.0 0.0 1.0 0.0 9.994645 8.492644148637196e-05 0.00032348340000000003 5.121747469760501e-06 8.965221999999999e-05 1.4952515915926206e-06 9.997322 4.286723619363494e-05 0.000297502 4.7168314237419675e-06 4.998706 2.0890182296085086e-05 2.2301950000000003e-07 7.265983571753891e-09 1.714191e-08 5.897954636058159e-10 99.94645 0.0008492644081704664 2.0014419999999998e-07 6.523220491137826e-09 49.97322 0.00042867241497771187 1.200622 9.465727340826004e-06 
2.45 20.0 0.0 1.0 0.0 9.996568 5.545809105692135e-05 0.00020746139999999999 3.3370062936710714e-06 5.662319e-05 9.586079687181913e-07 9.998282 2.770560843091354e-05 0.00019070150000000002 3.071512540263922e-06 4.999170999999999 1.3597856226475843e-05 9.185332e-08 3.0414105104309426e-09 6.846514000000001e-09 2.3915817347604795e-10 99.96567999999999 0.0005545810899406362 8.24082e-08 2.729703366045465e-09 49.98283000000001 0.00027094254899074434 1.2254070000000004 6.789692473026545e-06 
2.5 20.0 0.0 1.0 0.0 9.997812 3.577152781159409e-05 0.0001322886 2.156618900965099e-06 3.556518e-05 6.098324995931186e-07 9.998906 1.7274203490301372e-05 0.0001215414 1.9840409128846397e-06 4.99947 8.366632458694346e-06 3.739225e-08 1.2553286877347986e-09 2.7040609999999998e-09 9.568206284826921e-11 99.97812 0.0003577150874276337 3.353803e-08 1.1263380623995638e-09 49.98906 0.00017274264367284588 1.250265 4.527692756380186e-06 
2.5500000000000003 20.0 0.0 1.0 0.0 9.998614 2.32894500081981e-05 8.393632e-05 1.3842325460557552e-06 2.223279e-05 3.854091180680606e-07 9.999307 1.1318104371924385e-05 7.708037e-05 1.2727713845817118e-06 4.999663 5.108816990391012e-06 1.506968e-08 5.119373574569514e-10 1.0577794999999999e-09 3.7844062584308094e-11 99.98613999999999 0.00023289500043249787 1.3512799999999999e-08 4.592009562272292e-10 49.993069999999996 0.00011318149572934322 1.2751709999999998 3.3015203208532325e-06 
2.6 20.0 0.0 1.0 0.0 9.999122 1.4886276440329764e-05 5.302842000000001e-05 8.832415892381119e-07 1.3841620000000003e-05 2.422248883991795e-07 9.999562999999998 7.218120021331392e-06 4.867435e-05 8.11716232959508e-07 4.999788 3.4058721985200084e-06 6.020758e-09 2.0662990563226683e-10 4.103829e-10 1.4822619555564388e-11 99.99122000000001 0.0001488611988053201 5.397380999999999e-09 1.8529679042255758e-10 49.99563 7.21802945711025e-05 1.30011 1.999994531617772e-06 
2.65 20.0 0.0 1.0 0.0 9.999448 9.465848147434632e-06 3.337663e-05 5.607241969186239e-07 8.587069e-06 1.5150246992343088e-07 9.999724000000002 4.5158140480222255e-06 3.062224e-05 5.15071965107778e-07 4.999865000000001 2.120954044786731e-06 2.387363e-09 8.266164566532642e-11 1.580836e-10 5.7570655740576495e-12 99.99447999999998 9.465908198301359e-05 2.139665e-09 7.410810103153391e-11 49.99723999999999 4.516732851903968e-05 1.325072 1.2648970729857055e-06 
2.7 20.0 0.0 1.0 0.0 9.999654999999999 5.701270734676748e-06 2.0939e-05 3.5442594572066456e-07 5.31093e-06 9.437186093322637e-08 9.999827 3.178218924423801e-06 1.920255e-05 3.2541733919690514e-07 4.999917000000001 1.4487730123919812e-06 9.4042e-10 3.281471870822614e-11 6.052013999999999e-11 2.2199069285985986e-12 99.99655000000001 5.700547841597921e-05 8.426535000000001e-10 2.941225500339933e-11 49.998270000000005 3.1779685202716345e-05 1.350045 1.581131873813957e-06 
2.75 20.0 0.0 1.0 0.0 9.999784 3.7947146247002806e-06 1.3098529999999999e-05 2.2317980421625452e-07 3.2759329999999997e-06 5.857722151229258e-08 9.999892 2.3668373262082524e-06 1.2007150000000002e-05 2.0481770345845514e-07 4.999948 1.2649672884828862e-06 3.683092e-10 1.2939230109090761e-11 2.304484e-11 8.506401515564564e-13 99.99784 3.794856928511607e-05 3.299464e-10 1.1594843749011736e-11 49.99892000000001 2.3662848796087576e-05 1.3750300000000002 6.664001874625056e-09 
2.8000000000000003 20.0 0.0 1.0 0.0 9.999863999999999 2.530215415572062e-06 8.173149e-06 1.400680550336123e-07 2.0159639999999997e-06 3.62472489494061e-08 9.999933 1.4492633738927014e-06 7.489018999999999e-06 1.2848959295172843e-07 4.999968 1.2648268535905874e-06 1.4351200000000002e-10 5.072123511903027e-12 8.73374e-12 3.2418139962064145e-13 99.99864 2.5296649425713127e-05 1.285368e-10 4.544176034882495e-12 49.99933 1.449145702265197e-05 1.4000199999999998 9.424321830774484e-09 
2.85 20.0 0.0 1.0 0.0 9.999917 1.4482824848639907e-06 5.088406000000001e-06 8.765331676781732e-08 1.238046e-06 2.236945288557567e-08 9.999958 1.2655288722124303e-06 4.6605879999999996e-06 8.03733477441382e-08 4.99998 0.0 5.566753e-11 1.977969292837968e-12 3.296311e-12 1.2295824561573781e-13 99.99916999999999 1.4494594720431007e-05 4.984852999999999e-11 1.7716848438167837e-12 49.999579999999995 1.2653716538911563e-05 1.42501 6.664001874625056e-09 
2.9 20.0 0.0 1.0 0.0 9.999948 1.2649672884828862e-06 3.161597e-06 5.47128129792295e-08 7.589323000000001e-07 1.377280005449081e-08 9.999972999999999 1.4497535695346213e-06 2.894634e-06 5.0147280129635477e-08 4.9999899999999995 3.264680847556389e-08 2.15065e-11 7.6781113107326e-13 1.239563e-12 4.6441319749766004e-14 99.99948 1.2644728884862687e-05 1.9254599999999998e-11 6.875966864376295e-13 49.99973 1.4489887918968885e-05 1.4500100000000002 9.424321830774484e-09 
2.95 20.0 0.0 1.0 0.0 9.999968 1.2638433724115916e-06 1.960905e-06 3.407382350866992e-08 4.644837e-07 8.462325695752814e-09 9.999979999999999 6.529361695112778e-08 1.7946359999999999e-06 3.121802361457301e-08 4.9999899999999995 3.264680847556389e-08 8.278978999999998e-12 2.968370789758313e-13 4.646265e-13 1.7476245434446093e-14 99.99967999999998 1.2666288540560906e-05 7.410721e-12 2.6577387095216936e-13 49.9998 2.132480599880018e-07 1.4750019999999997 1.2649321812214975e-06 