0.05 100.0 0.0 1.0 0.0 6.2662833000000004 0.007322472253351297 0.7422694700000002 0.0006014153026720648 0.46482062999999985 0.0012674600701921084 3.597024199999999 0.005373473923229717 0.7114417700000004 0.0005970543284876892 2.0309221000000006 0.0024056251923071184 4.813724500000002 0.008203692380096706 1.6505632999999997 0.009142551767482618 22.502469 0.04953743414218274 4.462261899999999 0.007189225452996412 12.076518 0.024107210016093263 0.054690778999999995 2.405625192335386e-05 
0.1 100.0 0.0 1.0 0.0 6.677992900000003 0.011665228858693807 0.5876002599999999 0.001098204012525483 0.3300899 0.001170620927755811 4.969107999999999 0.009544348835835246 0.55898799 0.0010604889983866854 2.6495987999999993 0.004392795889367826 3.9926760000000003 0.006710054418553638 1.1687395999999997 0.00621669639265174 33.66978599999999 0.09937688365030659 3.6789055000000004 0.0059914770488975885 17.419261000000002 0.049473944776922255 0.09700801900000004 8.785597881361392e-05 
0.15 100.0 0.0 1.0 0.0 8.236421499999997 0.011043694026357367 0.37704768 0.0013114054561330804 0.17399648999999998 0.0010227160238791273 6.809622100000001 0.011174238051239179 0.35448641 0.0012415829205572476 3.4918090999999998 0.005245613975684876 3.495484500000001 0.007682326687105538 0.7726720499999996 0.005968118358099324 53.627670999999985 0.1370088231122398 3.192949300000001 0.006976208135161116 27.200169000000006 0.06749951743076528 0.12024577000000004 0.0001573683156510103 
0.2 100.0 0.0 1.0 0.0 9.3662211 0.005151441530050149 0.20161716000000002 0.0008432316788071291 0.07784532499999999 0.000780684896057784 8.309217799999997 0.007149612619740134 0.1878646199999999 0.0007944031646186986 4.1935317 0.00337291309420104 2.4971001000000004 0.009896900843693105 0.4157845199999998 0.005238227018400142 73.26961999999997 0.10002682137326999 2.2658435 0.009016033236823373 36.842698999999996 0.0489214397273064 0.13225875 0.00013491773817813415 
0.25 100.0 0.0 1.0 0.0 9.799049899999998 0.0030881570507792075 0.10312985499999999 0.0005907780838358942 0.035690313 0.0005146856837092935 9.139270700000003 0.004923342907457549 0.09563663499999998 0.0005470321246515281 4.5874803 0.002363168548600852 1.5138894000000003 0.010382992478875527 0.20778027999999985 0.003846436726636323 85.671592 0.07509677598508446 1.3687663000000003 0.009373067192392042 42.939689 0.036865102682483844 0.14562598 0.0001181532894000631 
0.3 100.0 0.0 1.0 0.0 9.9347324 0.002470760680986146 0.05160572599999999 0.00045193231524117414 0.016708331000000007 0.0003439931589717845 9.5704458 0.003736297582286914 0.04772823499999999 0.00041514440388467895 4.793577299999999 0.0018076824823969491 0.8268028700000001 0.009334397468917312 0.09964807099999998 0.0026236577857591563 92.63325399999997 0.059985334031648206 0.74600794 0.008384860125092361 46.36644799999999 0.029563705129109635 0.16238538999999996 0.00010846571522450164 
0.35000000000000003 100.0 0.0 1.0 0.0 9.9750495 0.0019410220728856436 0.025146859000000004 0.0003530051352122011 0.007813296599999998 0.00023413484861341052 9.791011499999998 0.002900962089984887 0.02322090399999999 0.00032233032891715817 4.899412700000002 0.001412009503141201 0.41849289999999995 0.007791344658099861 0.047050014 0.0018902477665369798 96.35549900000002 0.04805141160203297 0.37722144 0.006990264614237705 48.20127699999996 0.02372056099135649 0.18204113 9.884024246777933e-05 
0.4 100.0 0.0 1.0 0.0 9.987360199999998 0.001250568422853685 0.0118972123 0.0002574278728439825 0.0036254838099999986 0.00016526595829557356 9.9011972 0.0021279426028851978 0.010978131300000003 0.00023644332396321267 4.952411 0.001029733785988322 0.19937182300000006 0.005606276987024058 0.021288873300000004 0.0012795858294348912 98.257342 0.03605126802729367 0.1795848 0.00504631186506858 49.13932 0.017733948291540947 0.20380710000000002 8.237580409249387e-05 
0.45 100.0 0.0 1.0 0.0 9.993296899999995 0.0008469147388707428 0.005482852100000001 0.00017517617168726359 0.0016080635900000003 0.0001093163075476921 9.9545286 0.00145621861696736 0.005052319900000001 0.00016180001167122885 4.978068900000002 0.0007007034735127226 0.09158039899999995 0.003815751574265168 0.009105436791999998 0.0008296666548862462 99.191219 0.025025496705480554 0.082416525 0.0034362125955541114 49.60015599999999 0.012302143579433017 0.2269738400000001 6.306141247660365e-05 
0.5 100.0 0.0 1.0 0.0 9.996240499999997 0.0005253144092036478 0.00247217074 0.00011438856682715515 0.0007040508656000001 7.102162282024732e-05 9.9795187 0.0009509185522283265 0.00227571292 0.00010565251632438743 4.990111400000002 0.00045755793098110756 0.0405618453 0.0024419105159056063 0.004080886460410001 0.0005345684382361 99.63379800000001 0.01657186271748759 0.03650839720000001 0.0021969777333631464 49.818941999999986 0.00815180828826369 0.2509888599999999 4.5755793124134e-05 
0.55 100.0 0.0 1.0 0.0 9.997786299999996 0.00035994248673297633 0.0010822904670000002 7.128433845815696e-05 0.00031686826291 4.5750986631640456e-05 9.991025200000001 0.0005921339285238338 0.0009972432999999998 6.579233152366393e-05 4.995670199999998 0.000285152801060712 0.017172781149999997 0.0015048070265248062 0.0017799540630615998 0.00033501567771042454 99.838695 0.010400113016334795 0.01546247001 0.0013525350941821872 49.920238000000026 0.005122115923185225 0.27547616999999996 3.136140958745515e-05 
0.6 100.0 0.0 1.0 0.0 9.998791 0.0002754999642724455 0.0004584063660000002 4.528285122092716e-05 0.00013068087359899999 2.8908077956544257e-05 9.9962021 0.0003728252482503969 0.000421992422 4.142607033120738e-05 4.998166399999999 0.0001811607312069668 0.0070123548243000025 0.0010015841330354186 0.0006497281991051375 0.00020544149569272767 99.93116500000004 0.006570361225460305 0.006305396065000001 0.0008959006505622142 49.965906999999994 0.003257189051358797 0.30022003999999997 2.17363930776069e-05 
0.65 100.0 0.0 1.0 0.0 9.999598299999997 0.00022467541404333513 0.00019456819210000005 3.178935652654669e-05 4.3363158455e-05 1.5551343133634063e-05 9.998399999999998 0.00025887390700365156 0.00017776758109999989 2.876811772401043e-05 4.999221999999999 0.00012716438189090494 0.003106285538466001 0.0007591119645115913 0.0001626328929980236 9.996183732308526e-05 99.97097099999999 0.0045285355890186466 0.002779209930888 0.0006782572397766808 49.98556599999999 0.0022504933800051668 0.3251012500000002 1.6531009476754777e-05 
0.7000000000000001 100.0 0.0 1.0 0.0 10.0000395 0.0001981133197106506 9.462187077000001e-05 2.5969238585096817e-05 1.4187671320369996e-05 9.841831206732239e-06 9.999229100000006 0.00021140449470473155 8.568472516999999e-05 2.348837386706252e-05 4.999621600000002 0.0001039230206186016 0.00176863101253144 0.0006637768942362448 8.249683976936753e-05 8.034568803623522e-05 99.98615099999999 0.003627640697048899 0.0015812842030679408 0.0005934806018160176 49.99312599999998 0.001799122913669802 0.35005298999999995 1.4546281263961756e-05 
0.75 100.0 0.0 1.0 0.0 10.000213400000002 0.00018421005351188484 5.899053384300002e-05 2.408379118202229e-05 9.424745343673001e-06 8.928891867056041e-06 9.999519500000005 0.00019637323182782016 5.3483138099999965e-05 2.181454935372518e-05 4.9997645 9.637337530209945e-05 0.0013071363594633811 0.0006328922571533218 7.867241579079458e-05 7.825684373210044e-05 99.99158799999995 0.0033341224697513083 0.0011706402317241097 0.0005661037691906622 49.995838999999975 0.001651084436104764 0.3750353399999999 1.4453983711354206e-05 
0.8 100.0 0.0 1.0 0.0 10.000270900000002 0.00017531874217645028 4.664920991309998e-05 2.3559820068779264e-05 8.845522923611804e-06 8.759192577831955e-06 9.999618400000001 0.0001921635089587275 4.24488263475e-05 2.135153182230924e-05 4.999813900000001 9.42510356469714e-05 0.001147338450763319 0.0006200348324486042 7.731430751516536e-05 7.69265561256588e-05 99.99345799999998 0.0032563768843722487 0.0010284475877580246 0.0005546463435614997 49.99676999999999 0.0016118390169603738 0.4000298199999995 1.5073661823093154e-05 
0.85 100.0 0.0 1.0 0.0 10.0002952 0.0001679596068938176 4.303266388427702e-05 2.3356336824731455e-05 8.72254379880534e-06 8.675038844416918e-06 9.999647200000002 0.00019055408948690511 3.922046107616101e-05 2.1168104134320827e-05 4.9998282000000005 9.33849425866468e-05 0.0011084232850176914 0.000609704201444068 7.599970186955811e-05 7.561874670508223e-05 99.99401000000002 0.0032316121287742916 0.0009937096982359358 0.0005454052804984415 49.997042999999984 0.0016004582253235672 0.42502921999999976 1.5880224008480612e-05 
0.9 100.0 0.0 1.0 0.0 10.0002931 0.00016194206847000738 4.212992855083448e-05 2.31629825212823e-05 8.643142160405296e-06 8.599484033859557e-06 9.9996544 0.000188880665931593 3.8409200046925996e-05 2.0992778766251625e-05 4.9998315 9.269675013713543e-05 0.0010887344213823186 0.0005992709641927579 7.469670001601857e-05 7.432227809316107e-05 99.99413600000001 0.003210497936112125 0.000976063263455393 0.0005360720295518663 49.997106 0.001588713203193722 0.4500303300000004 1.667815966410221e-05 
0.9500000000000001 100.0 0.0 1.0 0.0 10.000281900000001 0.00015558706091565937 4.170314745084282e-05 2.2963054235016682e-05 8.567708950400538e-06 8.524733674194668e-06 9.9996578 0.00018733582562736921 3.802146428955251e-05 2.0811566567939917e-05 4.9998332 9.186194854980182e-05 0.0010699120988511555 0.0005889152212715558 7.340500000013323e-05 7.30370528208101e-05 99.99418500000002 0.003187924200491343 0.000959191087867677 0.0005268092602570283 49.99713100000001 0.0015782779788422788 0.4750316900000008 1.7453387541987288e-05 
1.0 100.0 0.0 1.0 0.0 10.000271 0.00014963485605437983 4.1332245111921825e-05 2.2762146167802786e-05 8.49262250545908e-06 8.450050182939674e-06 9.999661 0.00018560498432007935 3.768340148867751e-05 2.062947162144337e-05 4.999834600000001 9.106375976331517e-05 0.0010512660007685726 0.0005786503744821052 7.212460000000109e-05 7.176307090634011e-05 99.99422999999999 0.0031639031338164918 0.0009424730006831763 0.0005176263378855759 49.997150999999995 0.0015669215033664093 0.50003306 1.8207519426401973e-05 
1.05 100.0 0.0 1.0 0.0 10.000261 0.00014382555382930017 4.096675825022313e-05 2.2561134450565684e-05 8.417570216163706e-06 8.375376398793044e-06 9.9996638 0.00018404949218829577 3.7350202913107486e-05 2.0447298122360053e-05 4.9998363 9.01731283142114e-05 0.0010327830000053553 0.0005684752653176736 7.08555e-05 7.050033234990813e-05 99.99427100000001 0.0031411880843367525 0.0009259030000047604 0.0005085243612206025 49.997170000000004 0.001556381378614759 0.5250344099999992 1.894944941987891e-05 
1.1 100.0 0.0 1.0 0.0 10.000250000000001 0.00013787312864026703 4.060175393107845e-05 2.2360113973643033e-05 8.342530018648291e-06 8.300712543497669e-06 9.9996669 0.00018236253487876724 3.701740349635861e-05 2.0265107277221147e-05 4.9998376 8.945681870947187e-05 0.0010144660000000346 0.0005583912379760621 6.959779999999999e-05 6.924893665025912e-05 99.99431399999999 0.0031179570360909867 0.000909480000000031 0.0004995032257653592 49.997191 0.0015446171661778639 0.5500357199999992 1.9673947708949247e-05 
1.1500000000000001 100.0 0.0 1.0 0.0 10.000238 0.00013153539504258107 4.023679031422053e-05 2.215909275783633e-05 8.267480001612217e-06 8.226038736514034e-06 9.9996698 0.00018076315902000738 3.668467027948591e-05 2.0082925279892722e-05 4.999839 8.865861505912717e-05 0.0009963100000000003 0.0005483968425519972 6.83513e-05 6.800868480990571e-05 99.99435600000001 0.0030944341323308794 0.0008932050000000002 0.0004905634361453674 49.997213 0.0015327404570655346 0.575037010000001 2.0382067889374273e-05 
1.2 100.0 0.0 1.0 0.0 10.00023 0.00012693699196795902 3.987194002479811e-05 2.1958157382630927e-05 8.192440000139902e-06 8.151374879248351e-06 9.9996729 0.0001790762011117011 3.635194002205833e-05 1.990074322869693e-05 4.9998405 8.782031388233234e-05 0.00097832 0.0005384931123069264 6.711609999999999e-05 6.67796763275916e-05 99.99439899999999 0.0030712031885608195 0.000877076 0.0004817040733004445 49.997234 0.0015209761473505845 0.6000382800000009 2.1077988541440842e-05 
1.25 100.0 0.0 1.0 0.0 10.000218 0.0001206016580354897 3.950700000194037e-05 2.1757141333099502e-05 8.117400000012197e-06 8.076711021969155e-06 9.9996758 0.00017747682573718835 3.60192100017261e-05 1.9718561173366975e-05 4.9998421 8.696979835105473e-05 0.0009604930000000001 0.0005286795381027244 6.58922e-05 6.556191120331683e-05 99.99444100000001 0.0030476804585490127 0.0008610950000000001 0.00047292565775050734 49.99725300000001 0.0015104366607119732 0.6250395099999999 2.175647720616415e-05 
1.3 100.0 0.0 1.0 0.0 10.000209 0.00011517894709238974 3.914205000015096e-05 2.1556124063716946e-05 8.042360000001066e-06 8.002047164688786e-06 9.9996789 0.00017578986922761757 3.568655000013429e-05 1.953644987836273e-05 4.9998434 8.625348933401439e-05 0.000942832 0.0005189570457366968 6.46796e-05 6.435538943708134e-05 99.99448400000001 0.0030244496035718186 0.0008452609999999999 0.0004642284819502031 49.99727299999999 0.001499082289985522 0.6500407099999991 2.2421544710530704e-05 
1.35 100.0 0.0 1.0 0.0 10.000199 0.00011004994210689001 3.877709000001169e-05 2.1355102782880956e-05 7.967330000000091e-06 7.927393257282685e-06 9.999681800000001 0.0001741904911096224 3.535382000001042e-05 1.935426782284126e-05 4.9998449 8.541516172871359e-05 0.0009253349999999999 0.0005093246944285638 6.34783e-05 6.316011102888515e-05 99.994526 0.003000927063872278 0.0008295720000000001 0.00045561091994174156 49.997296 0.001486797176654258 0.6750418799999989 2.3066223542714266e-05 
1.4000000000000001 100.0 0.0 1.0 0.0 10.000190000000002 0.00010507616187523995 3.8412260000000897e-05 2.1154172633944426e-05 7.892290000000007e-06 7.852729400002205e-06 9.9996848 0.00017258380416403047 3.5021100000000795e-05 1.917209015491789e-05 4.999846300000001 8.461697837134663e-05 0.000908001 0.0004997824991483695 6.22883e-05 6.197607597872828e-05 99.994571 0.0029764610844696363 0.0008140320000000001 0.00044707511820695194 49.99731599999999 0.0014754434753443877 0.7000430200000012 2.3690512476337278e-05 
1.45 100.0 0.0 1.0 0.0 10.000179 9.911907050102137e-05 3.804731000000006e-05 2.0953155365050365e-05 7.81726e-06 7.778075492596096e-06 9.9996878 0.00017090415838577543 3.4688470000000064e-05 1.8989988368961446e-05 4.9998479 8.380826886270778e-05 0.0008908310000000001 0.000490330861551045 6.110950000000001e-05 6.0803184787866995e-05 99.994614 0.0029532304396360336 0.0007986399999999999 0.0004386202637795021 49.997336999999995 0.00146367937615732 0.7250441300000001 2.4301381142311336e-05 
1.5 100.0 0.0 1.0 0.0 10.000171 9.452296032086795e-05 3.768237e-05 2.075213931616524e-05 7.74223e-06 7.703421585189987e-06 9.9996908 0.00016929747147702653 3.4355739999999996e-05 1.8807806313903915e-05 4.9998493 8.301003014801751e-05 0.0008738260000000001 0.0004809694875095924 5.9942099999999997e-05 5.9641636453788727e-05 99.99465599999999 0.002929707945563579 0.0007833939999999999 0.00043024623462575477 49.99736000000001 0.0014513944998305205 0.7500452200000001 2.4900050517477417e-05 
1.55 100.0 0.0 1.0 0.0 10.000163 8.99294724863043e-05 3.731752e-05 2.0551203935966767e-05 7.6672e-06 7.6287676777838766e-06 9.9996938 0.00016761782598199532 3.402299e-05 1.8625619137271625e-05 4.9998507 8.221183090315076e-05 0.000856985 0.0004716986711521986 5.8786e-05 5.849133147774976e-05 99.9947 0.002905669975416976 0.0007682950000000001 0.0004219530466873653 49.99737999999999 0.001440041668352808 0.7750462800000001 2.5485298160584957e-05 
1.6 100.0 0.0 1.0 0.0 10.000152 8.443316946960913e-05 3.6952589999999995e-05 2.0350191899134983e-05 7.5921699999999995e-06 7.5541137703777665e-06 9.9996968 0.0001660111369746004 3.369037e-05 1.844352173879303e-05 4.9998522 8.137353110712395e-05 0.000840306 0.0004625171925124946 5.76411e-05 5.73521703610064e-05 99.99474500000001 0.0028812040416024125 0.0007533430000000002 0.00041373999310014736 49.997400999999996 0.0014282776302879682 0.8000472999999986 2.604614610679898e-05 
1.6500000000000001 100.0 0.0 1.0 0.0 10.000144 7.984134166090664e-05 3.658774e-05 2.014925651901638e-05 7.5171500000000005e-06 7.479469812846029e-06 9.9996998 0.00016433149348510048 3.335764e-05 1.826133968420455e-05 4.9998537 8.060491943919336e-05 0.0008237950000000001 0.0004534280156857867 5.65075e-05 5.622425260230233e-05 99.994787 0.002857681806229224 0.0007385399999999999 0.00040560909828552905 49.997423 0.001416405209475182 0.8250482900000015 2.659357123073757e-05 
1.7 100.0 0.0 1.0 0.0 10.000134000000001 7.471572676456684e-05 3.6222809999999995e-05 1.9948244482588914e-05 7.44213e-06 7.404825855314289e-06 9.9997028 0.00016272480360333212 3.3025020000000005e-05 1.80792422857872e-05 4.9998550999999996 7.980670378056155e-05 0.000807443 0.00044442683410715654 5.53853e-05 5.510767770038128e-05 99.994833 0.0028324085357583737 0.000723883 0.0003975582317373268 49.997443999999994 0.0014046411096231884 0.8500492699999994 2.7132809710835254e-05 
1.75 100.0 0.0 1.0 0.0 10.000126 7.012303436499449e-05 3.585799e-05 1.9747318345858988e-05 7.36711e-06 7.3301818977825505e-06 9.999705800000001 0.00016104515956576917 3.26923e-05 1.78970646189452e-05 4.9998566 7.896837587557987e-05 0.0007912589999999999 0.0004355179543419421 5.4274299999999996e-05 5.400224665775582e-05 99.99487700000002 0.0028083710040758066 0.0007093720000000001 0.0003895881904269687 49.99746499999999 0.0013928771512273705 0.87505019 2.7642415589993555e-05 
1.8 100.0 0.0 1.0 0.0 10.000118 6.553441759827078e-05 3.5493140000000004e-05 1.9546382965858514e-05 7.29209e-06 7.255537940250812e-06 9.9997088 0.00015943846920490147 3.235967e-05 1.7714962833142242e-05 4.999858000000001 7.817019862546519e-05 0.0007752389999999999 0.00042669893648073463 5.3174600000000004e-05 5.290805897316968e-05 99.99492199999999 0.002783905024968787 0.000695009 0.00038169869795977817 49.997488000000004 0.0013805928289600574 0.9000511000000009 2.814383227907574e-05 
1.85 100.0 0.0 1.0 0.0 10.00011 6.0950801623626214e-05 3.512821e-05 1.934537092999922e-05 7.21707e-06 7.180893982719075e-06 9.9997118 0.0001577588272878941 3.202697e-05 1.753279028856762e-05 4.9998596 7.736147900997393e-05 0.0007593799999999999 0.00041796913381492656 5.2086199999999996e-05 5.182511464662282e-05 99.994966 0.0027598678308206354 0.000680792 0.00037389003071940823 49.997507999999996 0.001369241894313134 0.9250519999999984 2.863706075114707e-05 
1.9000000000000001 100.0 0.0 1.0 0.0 10.000100000000002 5.582114080202124e-05 3.476339e-05 1.9144444793500258e-05 7.14206e-06 7.106259975061707e-06 9.9997148 0.00015615213644465042 3.1694349999999996e-05 1.7350692890304843e-05 4.999861 7.656324159580451e-05 0.0007436879999999998 0.0004093312312792172 5.1009e-05 5.075331417937158e-05 99.99500999999998 0.002735110060630887 0.000666724 0.0003661631237498391 49.997531 0.0013569581379818487 0.9500528400000016 2.910065525138866e-05 
1.95 100.0 0.0 1.0 0.0 10.000093 5.208176233337847e-05 3.4398459999999997e-05 1.894343275816408e-05 7.0670499999999995e-06 7.031625967404338e-06 9.9997178 0.00015447249399635834 3.136163e-05 1.7168515224192543e-05 4.9998624000000005 7.57650470373182e-05 0.0007281580000000001 0.00040078224986937733 4.99432e-05 4.9692856568903336e-05 99.995055 0.0027106439756905036 0.0006528016 0.00035851598675812823 49.997552999999996 0.001344380492301703 0.9750536699999987 2.9556062854060877e-05 
2.0 100.0 0.0 1.0 0.0 10.000086 4.7833462364872965e-05 3.403362e-05 1.8742501390192183e-05 6.99204e-06 6.956991959746972e-06 9.9997208 0.00015286580217452957 3.102901999999999e-05 1.698642221350912e-05 4.999863800000001 7.500863629188543e-05 0.000712795 0.00039232516859456014 4.88886e-05 4.864354281773071e-05 99.99510100000002 0.0026853709136146833 0.0006390269999999999 0.00035095029768574063 49.997576 0.0013320969313063112 1.0000545 3.000312480186787e-05 
2.05 100.0 0.0 1.0 0.0 10.000078 4.325690378358254e-05 3.3668790000000005e-05 1.8541571242148247e-05 6.91703e-06 6.882357952089604e-06 9.9997237 0.0001512664304152997 3.06964e-05 1.6804324815350364e-05 4.9998654 7.415813102496233e-05 0.000697592 0.00038395690079663896 4.78453e-05 4.760547242459737e-05 99.995146 0.0026605271685926843 0.0006253984 0.0003434644827158325 49.997597 0.0013203328777923735 1.0250553000000016 3.046324084768742e-05 
2.1 100.0 0.0 1.0 0.0 10.000071 3.952961167852995e-05 3.330397e-05 1.834064510597408e-05 6.84202e-06 6.8077239444322355e-06 9.9997268 0.00014957946914518266 3.036368e-05 1.662214714972094e-05 4.9998667999999995 7.33599182811478e-05 0.0006825549999999999 0.0003756792983074127 4.68133e-05 4.6578645389503335e-05 99.99519099999999 0.0026360611163081344 0.0006119176 0.0003360601156617405 49.99761900000001 0.0013077558559232605 1.0500558999999983 3.0801330434750924e-05 
2.15 100.0 0.0 1.0 0.0 10.000062 3.526414901739885e-05 3.2939049999999994e-05 1.8139637083306683e-05 6.7670199999999995e-06 6.73309988664924e-06 9.9997297 0.0001479800966252568 3.0031089999999994e-05 1.6440059261262383e-05 4.9998683 7.25215905137134e-05 0.0006676839999999999 0.0003674931942518664 4.57926e-05 4.5563061712448605e-05 99.995237 0.0026107882526556865 0.0005985838 0.0003287364356480668 49.997641 0.0012958874127891313 1.0750566000000017 3.1179550493975675e-05 
2.2 100.0 0.0 1.0 0.0 10.000054 3.0705695918174756e-05 3.257423e-05 1.793871094738892e-05 6.69202e-06 6.6584758288662435e-06 9.9997328 0.00014629313549743638 2.9698469999999998e-05 1.6257961863237686e-05 4.9998696 7.180528090631926e-05 0.000652974 0.00035939588880681426 4.47831e-05 4.4558621894689475e-05 99.99528300000001 0.002585515439140716 0.000585398 0.00032149425560258464 49.997662 0.0012841236551493897 1.1000571999999984 3.151763967599787e-05 
2.25 100.0 0.0 1.0 0.0 10.000048 2.7293955462608342e-05 3.2209410000000004e-05 1.7737784811549017e-05 6.61702e-06 6.583851771083246e-06 9.9997357 0.0001446937626664912 2.9365860000000007e-05 1.607586885276824e-05 4.9998712 7.095481367733314e-05 0.0006384298 0.00035139002936102157 4.3784899999999995e-05 4.356542543496964e-05 99.99532900000003 0.0025602426665908545 0.0005723579999999999 0.0003143318976112033 49.997686 0.0012710279451926209 1.1250578999999998 3.189586028117137e-05 
2.3000000000000003 100.0 0.0 1.0 0.0 10.000041000000001 2.362604214973353e-05 3.184459e-05 1.7536858675789655e-05 6.54202e-06 6.509227713300249e-06 9.9997388 0.00014300680317609529 2.903317e-05 1.5893700697534576e-05 4.9998727 7.011645406875713e-05 0.000624049 0.00034347401415389493 4.2798000000000006e-05 4.258347233328912e-05 99.99537499999998 0.0025349699756970446 0.000559465 0.00030725062509090196 49.99770700000001 0.001259264269161201 1.150058500000002 3.223394893690552e-05 
2.35 100.0 0.0 1.0 0.0 10.000034 2.0011004107121295e-05 3.1479769999999994e-05 1.733593254011364e-05 6.46702e-06 6.434603655517253e-06 9.999741700000001 0.0001414074280247604 2.8700549999999997e-05 1.571160329966598e-05 4.9998741 6.931826456762603e-05 0.0006098315999999999 0.0003356478431892486 4.18224e-05 4.1612762589647904e-05 99.99542100000001 0.00250969730731945 0.00054672 0.0003002504541045692 49.997731 0.0012461690847209849 1.1750591999999982 3.261216999573037e-05 
2.4 100.0 0.0 1.0 0.0 10.000028 1.6618061439474882e-05 3.1114950000000006e-05 1.71350064045239e-05 6.3920299999999995e-06 6.359989547608628e-06 9.9997448 0.00013972046871493223 2.8367940000000003e-05 1.552951028939303e-05 4.999875500000001 6.856185076760863e-05 0.0005957788 0.00032791238713492603 4.0858099999999994e-05 4.065329620404598e-05 99.995467 0.002484424702413849 0.0005341208 0.0002933305036002795 49.997753 0.0012339890225322903 1.200059700000002 3.28683592465461e-05 
2.45 100.0 0.0 1.0 0.0 10.000021 1.313734508020164e-05 3.0750130000000004e-05 1.6934080269023498e-05 6.31704e-06 6.285375439700002e-06 9.9997477 0.00013812109573792258 2.8035350000000003e-05 1.5347422401376562e-05 4.9998771 6.771134238687244e-05 0.0005818906 0.0003202676459878462 3.9905e-05 3.970497367773967e-05 99.99551299999999 0.0024591521555403255 0.0005216696 0.00028649165463716104 49.997777 0.0012208938151667807 1.225060299999998 3.3206462663836794e-05 
2.5 100.0 0.0 1.0 0.0 10.0000148 9.841208804278224e-06 3.0385309999999996e-05 1.6733154133615665e-05 6.24205e-06 6.210761331791377e-06 9.999750800000001 0.0001364341356048875 2.770274e-05 1.5165329391197675e-05 4.9998784999999994 6.691313444422486e-05 0.000568165 0.0003127123997937242 3.89632e-05 3.8767894509472654e-05 99.99556000000001 0.002433449400275249 0.0005093652 0.00027973383906243737 49.997801 0.0012077992334440524 1.2500608 3.34627195358184e-05 
2.5500000000000003 100.0 0.0 1.0 0.0 10.0000083 6.797166924445937e-06 3.0020520000000006e-05 1.6532237242179173e-05 6.1670599999999995e-06 6.136147223882751e-06 9.999753700000001 0.00013483476176238168 2.737015e-05 1.4983241503322135e-05 4.9998799 6.615670695039663e-05 0.0005546048 0.00030524821779609067 3.80326e-05 3.784195920050124e-05 99.995607 0.002407370453091221 0.0004972068 0.00027305589761925596 49.997822 0.001196035599968489 1.2750611000000023 3.366656899664898e-05 
2.6 100.0 0.0 1.0 0.0 10.000001899999999 4.53584689142842e-06 2.96557e-05 1.63313111070024e-05 6.09208e-06 6.061543065848497e-06 9.9997565 0.00013327928365847722 2.7037549999999997e-05 1.4801152880842593e-05 4.9998813 6.535849663828575e-05 0.0005412072 0.00029787353075105816 3.71134e-05 3.6927366748312824e-05 99.99565300000002 0.002382097997161343 0.00048519639999999994 0.00026645945612541205 49.997846 0.001182941604676442 1.3000615999999983 3.392277151566074e-05 
2.65 100.0 0.0 1.0 0.0 9.9999955 4.477415855907899e-06 2.929089e-05 1.6130388983883152e-05 6.01709e-06 5.986928957939871e-06 9.9997597 0.0001315484281321276 2.6704959999999996e-05 1.4619064993124013e-05 4.999882700000001 6.456033646438166e-05 0.000527974 0.000290589506178802 3.6205400000000004e-05 3.6023918155420024e-05 99.995701 0.0023563108879522975 0.00047333280000000003 0.00025994364960729775 49.99786800000001 0.0011703665030623515 1.3250621000000011 3.417902688343853e-05 
2.7 100.0 0.0 1.0 0.0 9.9999902 6.409337090708269e-06 2.8926079999999996e-05 1.5929466860900778e-05 5.94211e-06 5.912324799905618e-06 9.999762500000001 0.00012999295086406974 2.637235e-05 1.4436971983164438e-05 4.9998844 6.366966620430603e-05 0.0005149054 0.00028339619650374345 3.53087e-05 3.5131712920566514e-05 99.99574899999999 0.0023298014999793984 0.0004616162 0.00025350853013162214 49.997893000000005 0.0011568545735013533 1.3500623999999977 3.438288024804437e-05 
2.75 100.0 0.0 1.0 0.0 9.9999847 8.944772744888507e-06 2.8561280000000002e-05 1.572854595813027e-05 5.86713e-06 5.837720641871363e-06 9.999765700000001 0.000128262094319724 2.6039770000000002e-05 1.4254888483231675e-05 4.9998857 6.2953356677528e-05 0.0005019994 0.00027629196528559496 3.44232e-05 3.42506515450086e-05 99.99579599999998 0.0023037230459534196 0.0004500466 0.0002471540977003303 49.997914 0.0011450912807143645 1.3750628999999999 3.463908056214204e-05 
2.8000000000000003 100.0 0.0 1.0 0.0 9.999979100000001 1.1711607431333165e-05 2.819657e-05 1.55277057201652e-05 5.79215e-06 5.763116483837109e-06 9.9997685 0.00012670661961096836 2.5707190000000003e-05 1.4072804983418868e-05 4.999887200000001 6.21150667431021e-05 0.0004892590000000001 0.0002692792671849988 3.3549e-05 3.338083352748999e-05 99.99584300000001 0.002278019863103624 0.0004386238000000001 0.00024088030024818464 49.997938000000005 0.0011319980363449099 1.4000631000000023 3.476109670441657e-05 
2.85 100.0 0.0 1.0 0.0 9.9999737 1.4546923554923567e-05 2.783176e-05 1.5326783597455276e-05 5.71718e-06 5.688522275677226e-06 9.999771700000002 0.00012497575974225713 2.5374579999999998e-05 1.3890711973669166e-05 4.9998886 6.131688479384719e-05 0.0004766820000000001 0.0002623564133354853 3.26861e-05 3.252225886801069e-05 99.99589 0.002251941605339028 0.000427349 0.00023468800273339499 49.997962 0.0011189055193648232 1.4250634999999994 3.4935475951663786e-05 
2.9 100.0 0.0 1.0 0.0 9.9999685 1.73010877759539e-05 2.746697e-05 1.512586670701851e-05 5.642200000000001e-06 5.613918117642971e-06 9.999774500000001 0.00012342028771945553 2.5042000000000002e-05 1.3708628474066981e-05 4.999890199999999 6.04663513326652e-05 0.0004642686 0.00025552387264289107 3.18345e-05 3.1674927566570694e-05 99.99593999999999 0.002224917528300485 0.00041621949999999996 0.00022857532004669158 49.997985 0.001105911727584873 1.4500637000000003 3.5099189189646504e-05 
2.95 100.0 0.0 1.0 0.0 9.999963399999999 2.0014110780996076e-05 2.710216e-05 1.4924944584652366e-05 5.567229999999999e-06 5.539323909483087e-06 9.999777700000001 0.00012168942842503282 2.4709420000000002e-05 1.3526544974598503e-05 4.999891600000001 5.970991791998964e-05 0.0004520186 0.00024878117620013055 3.09941e-05 3.083874012442629e-05 99.99598699999999 0.002198839542822449 0.000405238 0.00022254413729204376 49.998009 0.0010928193731524517 1.4750640999999973 3.527353053743821e-05 
