0.05 100.0 0.0 1.0000014000000002 6.931074546182603e-07 6.381172299999998 0.0075220974692732255 0.6292554699999999 0.0006360845084513172 0.33737213 0.0009128427743763254 4.627670599999999 0.005492674109788204 0.5968070999999999 0.0005866134627684967 2.482284 0.0024513044160195813 3.8078678000000004 0.009163326084541065 1.0549170099999998 0.004943395216740939 32.28938700000001 0.06216247846814684 3.501825300000001 0.008176503573598129 16.669664 0.025390037042904268 0.050167821 2.6893352423699363e-05 
0.1 100.0 0.0 1.0000004 3.9799213480836567e-07 6.298526500000003 0.00963130305447491 0.5414074499999999 0.0007703776631469435 0.2832085 0.000877497369397823 5.384392899999999 0.006963005305608458 0.5127040100000001 0.0007199427764043723 2.833507699999999 0.002999103595604818 3.008998 0.008929025013964965 0.7705108299999998 0.003973100108909238 38.136990999999995 0.08181979718987431 2.7601466 0.007927020554053393 19.450659000000005 0.03433096550037886 0.09330865900000003 6.388451134749936e-05 
0.15 100.0 0.0 1.0000001 9.949245442523716e-08 6.291625999999996 0.011130904310993677 0.48333594999999974 0.000861752201666172 0.24740384999999995 0.0008640432917830728 5.884594399999998 0.007775247865290963 0.4571084699999998 0.0008115349113215651 3.0656838000000017 0.003359612060262085 2.4785355999999994 0.008752831762715378 0.6058971599999997 0.00322227299696166 42.475168000000004 0.0955740061823959 2.2703542000000003 0.00774989552984915 21.537118999999993 0.04094503656601341 0.13299518999999996 0.00010633603029580809 
0.2 100.0 0.0 1.0 0.0 6.3748241 0.012513028370534144 0.43658958 0.0009356044772425548 0.2184380599999999 0.0008614271253940097 6.287384399999997 0.008351242007435377 0.41233882 0.0008842517267590126 3.252578899999999 0.003632911438214586 2.1114581 0.008513964431090228 0.49534503 0.0027594918621171157 46.353324 0.10747339554623347 1.9317906 0.007535281916185378 23.420651 0.046730764309915344 0.16984830999999992 0.00015325595172520644 
0.25 100.0 0.0 1.0 0.0 6.514919399999999 0.013844730908050887 0.3963427699999999 0.0010048568615340302 0.19381491 0.000857419684529666 6.6338484000000015 0.00882324668442447 0.37382865999999987 0.0009513902667385334 3.4134868000000007 0.003885741313773281 1.8422916999999996 0.008421234521204354 0.4146891200000001 0.002510920758696956 49.987235 0.11834920676860128 1.6835771000000002 0.007467173760259314 25.197053 0.05218328978620147 0.20426187000000007 0.0002050342408732824 
0.3 100.0 0.0 1.0 0.0 6.690965000000001 0.015163733700839488 0.3605064100000002 0.001079171281223144 0.1723713299999999 0.0008573762516020962 6.9418651 0.009334635660258392 0.33959205 0.0010225559687740524 3.556763699999999 0.00416745693357421 1.6359348 0.008351361302781959 0.35415599000000014 0.002293332068213705 53.458086 0.12955076166521146 1.4934299999999996 0.007422628427990666 26.90201600000002 0.05797103821242664 0.23651443000000005 0.000263376159229744 
0.35000000000000003 100.0 0.0 1.0 0.0 6.889182300000001 0.0165224005573354 0.3279436099999999 0.001160189213955889 0.15344406000000002 0.000864093038025398 7.221187100000002 0.009922587568052733 0.30854488 0.00109990430531753 3.6869520000000024 0.004479707041748687 1.4713782999999996 0.008229526772610797 0.30730495 0.002124043125286007 56.80257900000001 0.1418556323400319 1.3419607 0.007332054502328461 28.550661 0.06439248000960265 0.26681686999999993 0.0003293750660439931 
0.4 100.0 0.0 1.0 0.0 7.1013119000000025 0.018132612176227178 0.29799166000000016 0.0012526705791400816 0.13653643 0.0008678945292206273 7.477616100000001 0.010637437163025135 0.28004280000000004 0.0011863874482646814 3.8067026999999984 0.004847896611650833 1.3367959000000003 0.0082402710175025 0.26928025999999994 0.001958239440243282 60.03768100000005 0.1564924011615963 1.2181141000000004 0.0073570415617885175 30.149031000000004 0.07195883438045048 0.2953499500000001 0.00040534506074991507 
0.45 100.0 0.0 1.0 0.0 7.323458599999999 0.020061615070593414 0.2701332799999999 0.0013672553471887512 0.12122986000000005 0.0008669455331241496 7.7157002999999955 0.011524018131268764 0.25357970999999985 0.0012919155635178895 3.918083999999999 0.00530681700081483 1.2250734000000003 0.008375576752940215 0.23745543000000002 0.001808654548456029 63.183904000000005 0.17408848937203134 1.1152735499999997 0.007491388890311252 31.706053999999998 0.08109569265284902 0.32224063000000003 0.0004965353545628736 
0.5 100.0 0.0 1.0 0.0 7.554498499999997 0.02243332470918884 0.24388473000000008 0.001506939945973615 0.10718876299999996 0.0008837651430246114 7.939649300000003 0.012657762060672317 0.22868812000000002 0.0014211278158054515 4.023028199999998 0.005867833329923877 1.1312338899999994 0.008653801415123692 0.21060501 0.0017003715313128273 66.27108799999999 0.19595086075993734 1.02887904 0.007745882635115049 33.23602999999998 0.09232410012026482 0.3475469200000002 0.0006068094000050036 
0.55 100.0 0.0 1.0 0.0 7.795309799999999 0.02541503300921567 0.21870207000000005 0.0016875228099941426 0.09405404699999996 0.0009311669739520478 8.154165499999998 0.014143724039571723 0.20484488000000003 0.0015891296952281245 4.123708199999999 0.0065820093533535545 1.0506172 0.008952969389023874 0.18748239000000008 0.00165093405536945 69.34647900000002 0.22407351239842507 0.9546534400000002 0.008015900573052475 34.761939000000005 0.10665243452349746 0.37122248999999974 0.0007462053834577534 
0.6 100.0 0.0 1.0 0.0 8.047915500000004 0.028979932148417882 0.19406077000000002 0.0019198287996513835 0.08163507299999997 0.0010019551139376266 8.363631499999999 0.016043089794914266 0.18156221000000006 0.0018054912847362847 4.222221200000001 0.0075002299768431565 0.9792418700000005 0.009081207172844644 0.16738458 0.0016529776743307296 72.46273300000001 0.259670054769621 0.8889774800000005 0.00813269133606371 36.30981400000001 0.1248192507990525 0.39314348999999993 0.0009248248752599678 
0.65 100.0 0.0 1.0 0.0 8.315240200000003 0.03314193889407735 0.16939919 0.002213929505955205 0.06956136499999997 0.0011079778903357298 8.572916299999997 0.018493107203316546 0.15829978999999994 0.0020808935991201314 4.320817500000001 0.008680809763344394 0.9124637300000003 0.008973271719131549 0.14899681000000004 0.0017050309281473064 75.68766800000002 0.30550720408485577 0.8275781900000001 0.008034805741418818 37.912903 0.14815130906243032 0.4130828599999999 0.0011540555884381434 
0.7000000000000001 100.0 0.0 1.0 0.0 8.596867300000001 0.03780100347976414 0.144238769 0.002585396709785837 0.05770360600000001 0.0012425505485772492 8.785970000000002 0.021595916320902832 0.134618094 0.0024281553117491616 4.4214080000000004 0.010172613542247454 0.8425158599999995 0.008735820720196161 0.13110092399999998 0.0017452580083180493 79.08041300000002 0.3637633614388655 0.7634171499999998 0.007822638836638092 39.60013499999998 0.17760757544871292 0.4307701999999998 0.0014501085588332651 
0.75 100.0 0.0 1.0 0.0 8.879356599999998 0.04122530089113811 0.11872919900000005 0.0029754592953782485 0.046348597 0.0013500204891700386 9.0013167 0.024832198077114797 0.11068204200000001 0.0027884320291379507 4.5233966 0.01174329855723906 0.75661603 0.00920458294542952 0.11269424500000003 0.0018466331571594513 82.60984599999998 0.4254368883969007 0.6850236799999996 0.008270533691799049 41.355470000000004 0.20857484071431118 0.4462354300000001 0.001787020949639271 
0.8 100.0 0.0 1.0 0.0 9.144397300000003 0.041946755138349265 0.094061761 0.003237458164028964 0.03583753100000001 0.0013980387853065384 9.209083899999998 0.026976980843644603 0.08758845099999998 0.0030278087860740256 4.6220219 0.012802576434217566 0.6543120900000001 0.011210626675294162 0.09298687999999998 0.002152832068020182 86.09734199999998 0.46900576879651945 0.5919082000000002 0.010124976906008146 43.08923700000001 0.23026603541403068 0.46019883 0.0020732800852299796 
0.85 100.0 0.0 1.0 0.0 9.376017599999997 0.039375069040228416 0.07151790999999999 0.003265572934612086 0.0265474424 0.0013565788852561145 9.398658500000003 0.027169394591103617 0.06651782900000001 0.003048884267337243 4.7121604 0.012932010784808592 0.5405337499999999 0.014025669191595726 0.07311675000000001 0.002491644721581908 89.342825 0.47866418000590905 0.4885711400000002 0.012688641166965142 44.701932000000006 0.23477526709545823 0.4736328899999998 0.0022216461015609626 
0.9 100.0 0.0 1.0 0.0 9.564405800000001 0.034039047106279155 0.05200910060000002 0.0030544394161973374 0.0188063294 0.0012146168098056671 9.5624242 0.025356905281666415 0.048317031099999984 0.002846123853273778 4.790169599999998 0.012109450982542975 0.4227042770000001 0.01628184259493197 0.05459388399999998 0.0026291400042237107 92.187335 0.45218039528566195 0.38177893600000007 0.014724914883413497 46.11480199999999 0.22107716551457307 0.48744831 0.0022001962684586067 
0.9500000000000001 100.0 0.0 1.0 0.0 9.709175700000001 0.027017185732510877 0.03623568340000001 0.002631098310985852 0.0127344888 0.0010053098698355673 9.6946897 0.02192753334575764 0.03362216140000001 0.0024471792249935553 4.853248000000001 0.010454109303042415 0.31485360199999995 0.01698234690562102 0.03898010450000001 0.002544565194243453 94.51383399999999 0.3959620728762228 0.2841787239999999 0.015346299328061103 47.26985800000002 0.19173600857515827 0.5025416799999999 0.00200063546174154 
1.0 100.0 0.0 1.0 0.0 9.817162000000001 0.01991316544048334 0.023982731599999994 0.002071856942000252 0.008132017419999998 0.0007670728776824833 9.797401800000001 0.01779779492879512 0.022219994149999995 0.001924088659816191 4.902258499999999 0.008297522063094982 0.22321178779999998 0.016011398271372084 0.02630611127 0.002242287265475137 96.34114100000002 0.3265977625797389 0.20131315340000003 0.014455754609405805 48.17636600000001 0.15381687423177498 0.5191890499999999 0.0016584590239964708 
1.05 100.0 0.0 1.0 0.0 9.892829399999997 0.014700089029555103 0.015104086389999995 0.0015078592268436496 0.004965579164999999 0.000554890987278011 9.871709 0.014142483944140435 0.013976640409999994 0.0013994577634127388 4.9377825 0.006208735757589083 0.15214830210000002 0.013509946689003863 0.017342549620000005 0.001834124122424933 97.67736600000006 0.2655302708248186 0.13715331319000007 0.012191282122821669 48.839138999999996 0.11817451065178394 0.53769009 0.0012674876842871997 
1.1 100.0 0.0 1.0 0.0 9.938289600000003 0.01179552056829324 0.009319570872999998 0.0010252054427066734 0.0030557640305999994 0.000381197803970746 9.920003899999996 0.011705604389288495 0.008623070445999996 0.0009514593756519213 4.960938199999999 0.004604554291968896 0.10073047918829996 0.010327953797909979 0.011471439553881 0.0014009060678747982 98.55113300000002 0.226004175284544 0.09080145881090002 0.00931983373362847 49.27243699999998 0.09253810721709325 0.5582032500000002 0.0009028590253599041 
1.1500000000000001 100.0 0.0 1.0 0.0 9.963910399999998 0.010601120745418203 0.005661816191 0.0006636119073808483 0.0019035517441699991 0.0002566168824667208 9.950507899999996 0.010604356446578266 0.005243989103699998 0.0006163608115826364 4.975586100000002 0.0036429382615870212 0.064299038699123 0.007515386726356502 0.007492640787505818 0.0010579765946485025 99.10436200000002 0.2091792034250096 0.057981761967091004 0.00678427383275544 49.546536 0.07924375521785645 0.58021031 0.0006109714722779442 
1.2 100.0 0.0 1.0 0.0 9.9784665 0.010411806399836456 0.003444755461439999 0.0004376432563612311 0.0011921673839060004 0.00018379776117936656 9.969018799999999 0.010395687282984649 0.00319436829678 0.00040711986153458836 4.984466199999997 0.003251778020684887 0.04083444112224093 0.005477870518304705 0.004787200535972532 0.0007947207919068941 99.44149599999996 0.20704351002617183 0.03682681537589777 0.004943241662342 49.71339000000001 0.07552252393149803 0.6033078600000001 0.0004203582955094562 
1.25 100.0 0.0 1.0 0.0 9.986389500000005 0.010488829317242963 0.0022227595021067008 0.0003146211496341436 0.0007848737443443303 0.0001384959201535255 9.979246000000003 0.01045922950791508 0.0020629404395887 0.0002926980267753094 4.9893626 0.003158931678989121 0.027603117138907528 0.004201243684643427 0.003191175200583871 0.0005992713010357583 99.62889099999998 0.2089874395897266 0.02488881092181101 0.003787936278235815 49.80609300000001 0.07555269994189827 0.6272233100000001 0.0003146646801556684 
1.3 100.0 0.0 1.0 0.0 9.9904863 0.010574884903992788 0.0015735788151400695 0.00025376486153417627 0.0005466303386359038 0.0001058449144021491 9.9847005 0.01056643369483371 0.00145939473247795 0.00023533721685771447 4.991966099999998 0.0031632818998762456 0.020359344357149457 0.0034958844477716903 0.0022083998977216017 0.00044859501555954035 99.729261 0.211308221406032 0.018340464544254313 0.0031471300317542027 49.855662999999986 0.07642376120901967 0.6516367199999997 0.00026384642658205 
1.35 100.0 0.0 1.0 0.0 9.992453600000003 0.010655769087664442 0.0012362641549738757 0.0002246991169543724 0.00040760433491233343 8.429520909061152e-05 9.987553099999996 0.010657586344693246 0.0011440922735864271 0.00020751319283455176 4.993318600000001 0.0031831266579232997 0.01636833047546726 0.003077135838833046 0.001638032823022259 0.00035752760424217903 99.78173799999999 0.21318452212944244 0.014729505040333372 0.002766547508021625 49.881526999999984 0.07724026703557679 0.6763351599999997 0.00024253888832080793 
1.4000000000000001 100.0 0.0 1.0 0.0 9.993176599999996 0.010705039718053 0.001060496759592014 0.00020623954363361332 0.0003297813892900196 7.115116510346373e-05 9.989044799999999 0.0107127987963189 0.0009791980578994026 0.00018979731758472383 4.994024499999997 0.003198196371049919 0.013949904341311537 0.0027520260010257696 0.0013333153554311503 0.0002989875294700038 99.80877999999998 0.21431586369190966 0.012545806682827924 0.002471644376975518 49.894858000000006 0.07776093507893982 0.7011876800000009 0.00023080819951062614 
1.45 100.0 0.0 1.0 0.0 9.993441399999998 0.010739401744085867 0.000946964747798884 0.00019282487593548498 0.00028378036351972037 6.297996195312209e-05 9.9900056 0.010747508286391875 0.0008731703553148108 0.00017708458498054958 4.994480299999999 0.003208953578534067 0.012175082453076002 0.002497402011173622 0.0011229030521237831 0.00025674521733100254 99.82592500000001 0.21503160991048684 0.010944824325402341 0.002242022548316697 49.903314999999985 0.0781050846793031 0.7260982800000001 0.00022348807487753046 
1.5 100.0 0.0 1.0 0.0 9.993563599999998 0.010765831539204799 0.0008674403669714108 0.00018171976025790595 0.00025214980165128356 5.8048639059266995e-05 9.9906774 0.010759083253329008 0.0007989785848778807 0.00016679279751601715 4.994798799999999 0.0032085764110866637 0.010871358268408314 0.0022709537383373496 0.000977516379461133 0.0002323282575470176 99.83779900000003 0.21531403942828095 0.009769999091334148 0.002038825090048463 49.90915899999998 0.0782198525836575 0.7510406800000001 0.00021788298000181952 
1.55 100.0 0.0 1.0 0.0 9.993566399999999 0.010768787426176697 0.0008042185951295682 0.00016990806211559815 0.0002328280559653586 5.427521489490953e-05 9.991199799999999 0.010750736828702015 0.0007406501823547806 0.00015592926113235848 4.995051499999999 0.003195723227622343 0.009744806165808818 0.002050104362541491 0.0008800611465200268 0.00021217544996956898 99.84694400000001 0.21521940448904037 0.008758102035553385 0.001840777510296381 49.91367499999999 0.07810447947948537 0.7759969800000003 0.0002105237231199276 
1.6 100.0 0.0 1.0 0.0 9.993563499999999 0.010762464440272786 0.0007439493245472048 0.00015775745045492105 0.00021714816913260662 5.095205998877588e-05 9.991702499999997 0.010737031181298179 0.0006853607431198781 0.00014477568152935472 4.995291899999998 0.003177690326947704 0.008668958690950744 0.0018414366863211823 0.0007904207094990103 0.00019333233834931636 99.855554 0.21500300027406913 0.0077922069153929996 0.0016535512732401847 49.91793000000001 0.07790654915335973 0.8009520799999993 0.00020180526740347515 
1.6500000000000001 100.0 0.0 1.0 0.0 9.993577399999996 0.010755596407136778 0.0006827818674246305 0.00014659107531445184 0.0002003639118403547 4.7134664510905137e-05 9.992205099999996 0.010720900914141965 0.0006291540376689151 0.00013442463333891987 4.995535499999997 0.003157755245050899 0.007598933609421087 0.001652792228981914 0.000691674562272619 0.00017181819597175034 99.86434999999997 0.21474923723045505 0.0068305705204072635 0.0014838108341279233 49.92225999999999 0.07767984773423767 0.8259011500000009 0.00019340374365226418 
1.7 100.0 0.0 1.0 0.0 9.993713999999997 0.010742522695379378 0.0006255861390570553 0.00013792375155693135 0.0001779226627245718 4.253246054214013e-05 9.992682599999998 0.010705919610795218 0.0005758348101807261 0.00012632202634836937 4.995763299999998 0.0031402191103746756 0.006716576645843315 0.001499770667539531 0.0005838815549443667 0.00015253146342151776 99.87283099999999 0.2144968985123648 0.006034513716840934 0.0013462571966187176 49.92644799999998 0.07746110199953363 0.8508507299999997 0.00018749086261536877 
1.75 100.0 0.0 1.0 0.0 9.993780199999998 0.010734312775406962 0.0005832827670580271 0.00013041509165532956 0.00016013251466427239 3.9860799534538526e-05 9.993037999999995 0.010697014400332001 0.000536255068801644 0.00011942559696834051 4.995932299999998 0.0031317263222161206 0.006025984189196645 0.0013553841175136037 0.0005103793256085035 0.00013858075387908567 99.879121 0.21434511300372988 0.005412540955064429 0.0012167018853364714 49.929552 0.07734498553210606 0.87581659 0.00018250844369007178 
1.8 100.0 0.0 1.0 0.0 9.9938039 0.01072887273192761 0.0005465170301300241 0.00012273190862338484 0.00014734802029658285 3.747384524819314e-05 9.993345099999999 0.010690066264065552 0.000502154227479863 0.00011237830796609514 4.996078999999998 0.003126440492016268 0.005388415922647784 0.0012181444655707612 0.0004491212372190135 0.00012555481023584277 99.88450999999999 0.21423422108759546 0.00483904813669614 0.0010935644575823446 49.932210999999995 0.07726818619454107 0.9007869700000007 0.0001766635726115081 
1.85 100.0 0.0 1.0 0.0 9.993859499999996 0.01072213301393361 0.0005095467629031127 0.00011496816311932976 0.0001347824992871604 3.513019572186071e-05 9.993653599999998 0.010683376961946676 0.0004678963564387769 0.00010526235714675765 4.9962269999999975 0.0031216225957476198 0.004786352774167822 0.0010886454537843541 0.00039284579635210704 0.00011350512965238391 99.88994399999997 0.21411999026876388 0.004297671030301624 0.0009774006356376202 49.93490599999999 0.07719583408221821 0.925754119999999 0.00017008891229664414 
1.9000000000000001 100.0 0.0 1.0 0.0 9.9939733 0.01071438838668828 0.000471185639537033 0.0001071325889514619 0.00012169387582873507 3.2874796724834257e-05 9.993972299999996 0.010677097008912081 0.0004323441248357852 9.809078466958406e-05 4.996380299999999 0.003117035150454106 0.004219118299041452 0.0009667196995727228 0.00034184923100070486 0.00010236708168997342 99.89568500000001 0.2140156171187499 0.003787840748036938 0.0008680562462939406 49.937746 0.0771266280401681 0.950716210000001 0.00016278924981318735 
1.95 100.0 0.0 1.0 0.0 9.994129599999999 0.010707448753011531 0.0004322623097257277 9.911254789702778e-05 0.00010898199720029336 3.073156994884128e-05 9.994296599999998 0.010672170081333303 0.00039633412884799367 9.076445555676167e-05 4.996535899999999 0.0031130713197826754 0.0036883418221002073 0.0008520250419852795 0.00029741742689000134 9.20051917961474e-05 99.90155100000001 0.21393644464877237 0.003311144345700183 0.0007652129673083751 49.94065200000001 0.07707045233390178 0.9756743099999993 0.00015457012830169314 
2.0 100.0 0.0 1.0 0.0 9.994318599999996 0.010701869817058772 0.00039364388468178285 9.057200732992763e-05 9.765125388935727e-05 2.864562455154739e-05 9.994617399999996 0.010667748445342486 0.00036074947458504037 8.297851630298259e-05 4.996690199999998 0.0031090119684208696 0.0031980869703370014 0.0007436716715371376 0.000258508366895 8.232272500172332e-05 99.90737499999999 0.21386423160682044 0.002871088029263001 0.0006680712470398229 49.94355199999999 0.07701650761342485 1.0006300000000001 0.00014491280136161636 
2.05 100.0 0.0 1.0 0.0 9.994541299999998 0.010688614554440767 0.0003549412011464913 8.097878063788953e-05 8.75402863607743e-05 2.656015410637379e-05 9.994936699999997 0.010658571985128313 0.0003252265274812035 7.425355978648624e-05 4.996845199999999 0.0031026298666892637 0.0027482798361713346 0.0006424883045176343 0.00022359210698649177 7.32538474776976e-05 99.91320100000002 0.21370112636802316 0.0024674301340940337 0.0005773513002856041 49.946454 0.07691163638122452 1.025582200000001 0.00013278249719855397 
2.1 100.0 0.0 1.0 0.0 9.994775499999998 0.01067191141023666 0.0003194659692882996 7.285897303206683e-05 7.879763884540871e-05 2.465752853484995e-05 9.995225699999999 0.01064979103952669 0.00029272379830235727 6.685572250633262e-05 4.9969865 0.0030969528229312484 0.0023718737462335077 0.0005611007191800568 0.00019318331167660028 6.515715061560766e-05 99.918589 0.21353972165339546 0.002129502982419394 0.000504315999943508 49.94912999999999 0.07681151829646779 1.0505366999999988 0.0001224218981124507 
2.15 100.0 0.0 1.0 0.0 9.994920399999998 0.010665477354483553 0.0002929423187543111 6.732943923361261e-05 7.183021720835615e-05 2.304725645927608e-05 9.995447799999996 0.010648026460914853 0.0002683728721960321 6.179702637308177e-05 4.997092699999997 0.0030950254760515094 0.0020556623822215498 0.0004920807987828792 0.0001670395649312775 5.788991998539968e-05 99.922609 0.21350554148362044 0.0018455434075203942 0.0004423594689053588 49.951125999999974 0.07678388952944983 1.0755035000000015 0.0001157391354350902 
2.2 100.0 0.0 1.0 0.0 9.995046599999997 0.010661745012197823 0.00026910546898391605 6.232524769813667e-05 6.56493789424388e-05 2.1506325077486828e-05 9.995644099999998 0.010647686799617341 0.000246497015135954 5.7216939095283974e-05 4.997187799999997 0.0030942222272840147 0.001765792777905581 0.00042870956537800764 0.00014322984999197847 5.1207398572907513e-05 99.92623800000001 0.21350185732576493 0.0015852585964433639 0.0003854771700127322 49.952921999999965 0.07677588430748875 1.1004736999999987 0.00010971295780466763 
2.25 100.0 0.0 1.0 0.0 9.995197099999995 0.010658704159837756 0.00024534531602333267 5.7432967373007676e-05 5.94278966274442e-05 2.00123628611104e-05 9.995839899999998 0.010647788410299718 0.0002246845214166067 5.2741928236564105e-05 4.997283499999998 0.0030936759409592096 0.001501196648248927 0.00037064317159255693 0.00012167712374539409 4.50845897043685e-05 99.929866 0.2135019617062816 0.0013476918239570717 0.00033336079079963963 49.954719999999995 0.07677198655765782 1.1254415999999998 0.00010334531629868084 
2.3000000000000003 100.0 0.0 1.0 0.0 9.995357900000002 0.01065535645324579 0.0002223476491134901 5.2701628271134474e-05 5.3537994067063297e-05 1.8613442703235113e-05 9.996031099999996 0.010647914152482438 0.00020358675462656486 4.842095265176153e-05 4.997375099999998 0.003093215668215432 0.0012649900704561137 0.000317660747420929 0.0001031412734893604 3.944247120574462e-05 99.933399 0.21350576119391818 0.0011356953604152917 0.0002858049122587756 49.95647599999998 0.07676917463576641 1.1504094000000011 9.69886405012455e-05 
2.35 100.0 0.0 1.0 0.0 9.995516999999996 0.010651783264364969 0.000200963979456471 4.807896376209765e-05 4.85195512496636e-05 1.725341752563604e-05 9.996205699999999 0.010647804237735042 0.00018402115364029662 4.420208123582531e-05 4.997460899999998 0.003092586833381621 0.0010529765700033097 0.0002695070212995776 8.686835737663108e-05 3.423018507342983e-05 99.93665800000001 0.2135031864969538 0.0009454549000030114 0.00024257685761087917 49.958107999999996 0.07676366451235515 1.1753781999999988 9.043189492394176e-05 
2.4 100.0 0.0 1.0 0.0 9.9956868 0.010647643712947885 0.00017987750864960068 4.352821305944233e-05 4.371128691891496e-05 1.5910794949042745e-05 9.996380499999997 0.010647987751128971 0.00016474267734866842 4.0049521685124945e-05 4.997545299999999 0.0030920786841939977 0.0008622256800000204 0.00022606025659792746 7.221573302035377e-05 2.944399284554357e-05 99.93990400000001 0.21350344889913733 0.0007742938900000185 0.00020356690809744172 49.959728999999996 0.07675885042521347 1.2003455000000012 8.358951763998777e-05 
2.45 100.0 0.0 1.0 0.0 9.995878599999998 0.010643686546539442 0.0001588103443421377 3.908525828896327e-05 3.893180894402724e-05 1.459760034398697e-05 9.996553999999996 0.010648118063819025 0.00014548460131981271 3.5996801300544424e-05 4.997629499999999 0.003091656893563324 0.0006935086100000002 0.00018716509282560564 5.9238641904061214e-05 2.5066700027394125e-05 99.94319099999998 0.21350429722189618 0.0006229035570000001 0.00016863454853552454 49.96136199999998 0.0767554689620037 1.2253112999999984 7.663558665839702e-05 
2.5 100.0 0.0 1.0 0.0 9.996071299999997 0.010640164443931443 0.00013882401902403518 3.473731018367531e-05 3.449000974170354e-05 1.3310384426002856e-05 9.996717799999997 0.010648651137686843 0.0001272251910224544 3.203206039777171e-05 4.997709199999999 0.00309127723984694 0.00054675828397 0.0001526492116719136 4.791665933001564e-05 2.1080431363809928e-05 99.94631199999999 0.21351334161726437 0.00049122200591 0.0001376235086674216 49.962916999999976 0.07675449624703892 1.2502779 6.952845393570682e-05 
