0.05 100.0 0.0 1.0 0.0 5.768326799999999 0.006155010285758146 0.6907523099999999 0.0005706956764714667 0.38843056999999986 0.0010827311448611677 4.086108200000001 0.004887704099833147 0.6571719100000002 0.0005205284732034525 2.2373458999999993 0.002332121155074556 3.677652400000001 0.007168169433145898 1.07061547 0.006227552027538011 27.196414 0.05195093067539528 3.3880730000000012 0.0063380194532590625 14.133604 0.023276824994828103 0.052631574000000014 2.371264973024848e-05 
0.1 100.0 0.0 1.0 0.0 5.271414799999999 0.0065892069348006095 0.6125119 0.0006104936834253176 0.33919211 0.0008627171170084494 4.7614044 0.0052405632088906974 0.58215261 0.0005644808062092797 2.5503916 0.002490163174253586 2.5814529000000017 0.006168547164918039 0.7159427599999999 0.003939066708805953 31.35303 0.058631333696217036 2.3742377 0.005504830198751886 16.034590999999995 0.026215009406666174 0.09900365599999991 5.0623439045214064e-05 
0.15 100.0 0.0 1.0 0.0 5.1212253000000025 0.0066872582848885725 0.55480046 0.0006475585761014431 0.3013019200000001 0.0007398246499915634 5.261071000000002 0.005389786588510645 0.5266428400000003 0.0005989820641234265 2.781296900000001 0.002615372155891649 1.9533032999999997 0.005530126913652699 0.5236749199999999 0.0029344766613718814 35.06957400000001 0.06323872956689128 1.7945036999999997 0.004951753547290076 17.796817 0.028524629009122428 0.14157984000000004 8.044033406096553e-05 
0.2 100.0 0.0 1.0 0.0 5.1435169 0.006706226537626675 0.5067162200000003 0.0006792641018866988 0.26949622999999984 0.0006610090988571412 5.677617000000002 0.005453941269375152 0.48036660000000014 0.0006280716003750714 2.9736835999999984 0.002709577677514 1.5513979 0.005051440351612648 0.40153698000000004 0.002307434543772635 38.630651 0.06672541904688725 1.4236733000000001 0.0045299506775558305 19.516385 0.030317069329858358 0.18107921000000002 0.00011236490670586273 
0.25 100.0 0.0 1.0 0.0 5.2525904 0.006718391246287046 0.4651152800000001 0.0007069649982958542 0.24217519999999992 0.0006047181973450596 6.037802799999998 0.005490910230707411 0.44035170000000007 0.0006537261236171415 3.1401290000000013 0.002786832619647994 1.2718012000000003 0.004645342982557638 0.31747078999999995 0.00187311443816413 42.042915999999984 0.06976718431652502 1.1657959999999998 0.004167952118247534 21.180585000000004 0.03188815119678313 0.21802853000000005 0.0001459575825056042 
0.3 100.0 0.0 1.0 0.0 5.4077142999999985 0.00677348463978248 0.4283742600000003 0.0007312530664010813 0.21842082 0.0005618731861162026 6.355536099999999 0.0055161435983757615 0.40505314 0.0006766340978724013 3.2871304000000006 0.002851537925114658 1.0656244800000005 0.004288067997395255 0.25658151999999995 0.0015468100719531737 45.30508600000002 0.07257106486766401 0.9757579700000002 0.003848780726137322 22.781318000000002 0.03333173566973063 0.25281606 0.00018085904833239615 
0.35000000000000003 100.0 0.0 1.0 0.0 5.5878014999999985 0.0068780387733509505 0.39546696 0.0007526264489007071 0.1975637 0.0005281085215180527 6.639698499999997 0.00553854479333272 0.37348433999999997 0.000697076289113427 3.4187925000000003 0.002907162397861371 0.9070239700000002 0.00398230697607427 0.21079357999999998 0.0012931091058515252 48.421161000000005 0.07525082299741627 0.8296883100000002 0.0035761152096281347 24.316535000000002 0.03469876183308686 0.28573764 0.00021679296829979418 
0.4 100.0 0.0 1.0 0.0 5.7810190000000015 0.007014020863228672 0.36568553000000004 0.0007713399445708894 0.17910252000000007 0.0005013204678604486 6.896454400000002 0.005562256258589077 0.3449602799999999 0.0007150921838594644 3.5379492999999997 0.002956264539094534 0.7810141300000004 0.0037215450344613814 0.17535083 0.0010978286216031987 51.39743300000001 0.07786964697557035 0.7137385800000001 0.0033445186942270963 25.78702 0.03601464382719896 0.31702683 0.0002534672566837079 
0.45 100.0 0.0 1.0 0.0 5.980417499999998 0.007163494064186161 0.3385136000000001 0.0007877331659892131 0.16264613000000008 0.0004799184669614867 7.130327099999999 0.0055883449952343085 0.31897868 0.000730883933040055 3.6466647000000005 0.0030002408885037345 0.6783532700000002 0.003494233453272575 0.14728437000000003 0.0009495593723042942 54.24133100000001 0.08044069652470551 0.6193637799999998 0.0031434005160205594 27.19500499999999 0.03728527348370493 0.34687286 0.00029069804678407134 
0.5 100.0 0.0 1.0 0.0 6.181814 0.007318756503677438 0.31355828 0.0008022830727471541 0.14788410000000005 0.00046265283517969263 7.344770899999998 0.005617565866282561 0.29515550000000007 0.0007449027189502165 3.7465121999999997 0.0030402305096229195 0.5930638500000003 0.0032932364875713715 0.12465107999999998 0.0008355495931038614 56.96078099999999 0.08296819640914278 0.5410343200000001 0.002965736543891868 28.54347000000001 0.038515096429740756 0.37543177000000005 0.0003284039573003092 
0.55 100.0 0.0 1.0 0.0 6.382625600000003 0.007480737355776433 0.29051154000000007 0.0008154789677750814 0.13456903000000003 0.0004486748703581724 7.542497299999999 0.005651153862484005 0.2731898 0.0007576055121234318 3.838723500000001 0.0030773646724778906 0.52110321 0.0031147527304839326 0.10612734900000001 0.0007448418993658689 59.56363099999998 0.08546469591252064 0.47500955999999983 0.002807676181482695 29.835685999999992 0.03971224808600745 0.4028339700000001 0.0003665896958316877 
0.6 100.0 0.0 1.0 0.0 6.581230099999998 0.007653196727509352 0.26912689999999995 0.0008276883735442034 0.12250149999999993 0.0004373814709153829 7.725676700000003 0.005690708822353487 0.25284004999999987 0.0007693771820605009 3.9242845 0.0031127832445487125 0.45962802 0.002955981589454773 0.090782749 0.0006700348370771204 62.05734200000002 0.0879588157055556 0.41865869000000006 0.0026666246972040534 31.074914999999997 0.04089011607656144 0.4291899900000001 0.0004052618172213045 
0.65 100.0 0.0 1.0 0.0 6.776590999999996 0.00783909274155168 0.24920413999999988 0.0008391357004708963 0.11151920799999998 0.0004282240955754355 7.896075700000003 0.005737722973866892 0.23391032000000003 0.0007804108565209538 4.0039970999999985 0.0031471050325752974 0.40656835 0.0028143622602066916 0.07794309799999999 0.000606849799629191 64.448754 0.09048172975154717 0.3700667600000001 0.0025403828157235563 32.264246 0.04206589424744521 0.45459554999999996 0.000444444143257349 
0.7000000000000001 100.0 0.0 1.0 0.0 6.9680383 0.008038915467966302 0.23057820999999998 0.0008499546955333205 0.10148825200000001 0.0004207141282235883 8.055146400000002 0.005792818290781415 0.21623911000000004 0.0007908461626503968 4.078520699999999 0.0031812065549437127 0.36037206 0.002686690760426961 0.06710601499999998 0.0005528008986052616 66.74412600000002 0.09306040897831339 0.32779804999999995 0.0024262044245024817 33.406543000000006 0.04325381932852181 0.47913347000000006 0.0004841147484746327 
0.75 100.0 0.0 1.0 0.0 7.155140500000001 0.008251173283088341 0.21311173999999997 0.0008602202202484435 0.09229743000000001 0.00041439591706361024 8.204100100000003 0.005856011950942702 0.19969183999999995 0.000800729722905324 4.1484055 0.003215649786201105 0.31984303000000003 0.00256927754765634 0.057889328 0.0005061402686115351 68.949062 0.09571147485841398 0.2907472100000001 0.0023208798852285854 34.50443799999998 0.04446491427598008 0.5028769300000001 0.0005242588311621646 
0.8 100.0 0.0 1.0 0.0 7.337622700000001 0.008473710309952262 0.19668866000000007 0.0008700039138093993 0.08385319799999996 0.000408859408829031 8.343959799999999 0.005927059093659003 0.18415505999999993 0.0008100664552765291 4.214116400000001 0.003250889187644099 0.28403879 0.0024589969394163886 0.04999798200000001 0.00046544260605445146 71.06868600000003 0.09844624897878242 0.25804345000000006 0.002221694356538421 35.560327 0.045708596453079016 0.5258907799999999 0.0005648374705320118 
0.85 100.0 0.0 1.0 0.0 7.515331600000001 0.008705074106174292 0.18120999000000002 0.0008793083900992874 0.07607627299999999 0.0004037942151736568 8.475595900000007 0.006005854015929479 0.16953182000000003 0.0008188667454939515 4.2760487 0.0032874763775649733 0.2522086900000001 0.0023540544964673845 0.04320176 0.0004294881629963793 73.10767099999998 0.10127469126416519 0.2289939700000001 0.002127114845580852 36.57644400000001 0.04699077199441738 0.54823294 0.0006058076545932352 
0.9 100.0 0.0 1.0 0.0 7.6881989 0.008944557751942618 0.16659060000000003 0.0008881105682289661 0.06889879300000001 0.0003990126549152194 8.599757600000002 0.0060928190800647606 0.15573902 0.0008271105009585696 4.334542600000001 0.003325479419936634 0.2237565999999999 0.002254097712389737 0.03731965000000001 0.0003972415833784217 75.07029800000001 0.10421628808366992 0.20304888000000001 0.0020368808408092985 37.55484400000001 0.04832155153383663 0.56995549 0.000647100716657622 
0.9500000000000001 100.0 0.0 1.0 0.0 7.856221099999999 0.009192477788830191 0.15275742999999997 0.0008963742070424519 0.06226214099999999 0.00039443410535626027 8.717088399999998 0.006188613912258146 0.14270525000000006 0.0008347674426298479 4.389891900000001 0.003365090482259841 0.19821182 0.0021594777611440887 0.032208018999999984 0.00036788851132292316 76.96044999999998 0.10728882325297313 0.1797736400000001 0.0019513582186014683 38.49737300000001 0.04970775084128779 0.5911059699999999 0.000688636829318283 
1.0 100.0 0.0 1.0 0.0 8.019429299999999 0.009448356897633708 0.13964775 0.0009040301487644429 0.05611533099999999 0.0003900396315214429 8.828141500000001 0.006293481914419992 0.13036892000000008 0.0008417905370908792 4.4423455999999995 0.0034063462781126546 0.17520056000000003 0.0020703837892197146 0.02775142599999999 0.00034091853842999336 78.78153499999999 0.11050897023659283 0.1588233999999999 0.0018707441191142256 39.40570699999999 0.051155049335397884 0.61172849 0.0007302844373944437 
1.05 100.0 0.0 1.0 0.0 8.177871199999998 0.009710120454744623 0.12720776 0.0009110029084607578 0.050413600999999995 0.0003858392399834329 8.933392099999999 0.00640728670390721 0.118677325 0.0008481462905282729 4.4921215 0.003449014712578858 0.15442159000000003 0.0019864156528830628 0.023856077000000017 0.0003161913583792264 80.536549 0.11388048591839701 0.13991970700000006 0.0017946989709392105 40.28126100000002 0.05266175507683757 0.6318647200000002 0.0007719346579943385 
1.1 100.0 0.0 1.0 0.0 8.3315974 0.0099737512056618 0.11539101999999993 0.0009172112565369997 0.04511761500000001 0.00038184975003101215 9.033249700000004 0.006528820932487536 0.10758494499999999 0.0008537546330092737 4.539403499999999 0.003492631676484805 0.135626412 0.0019067085178738209 0.020444976 0.00029384554587102724 82.22805599999997 0.11738475656867711 0.122833284 0.001722478419086703 41.12531800000001 0.05421936540345732 0.6515543199999999 0.0008134325059764086 
1.1500000000000001 100.0 0.0 1.0 0.0 8.480656999999999 0.010233916932923501 0.10415765299999999 0.0009225169256381548 0.04019297200000001 0.00037806400868656227 9.128070200000003 0.006656394717804899 0.09705227300000004 0.0008585420003224588 4.5843516 0.003536584676541612 0.11860655100000002 0.0018303403151296535 0.017454256 0.0002740264421668822 83.85828099999999 0.1209945665449759 0.10737155699999999 0.00165329210053351 41.938933000000006 0.055812106483310156 0.67083502 0.0008545829650760398 
1.2 100.0 0.0 1.0 0.0 8.6250974 0.01048668093499652 0.09347260800000003 0.0009269029060787741 0.03560961 0.0003744125135582383 9.218163199999998 0.006788700399764765 0.08704486000000002 0.0008624535067236662 4.6271065999999985 0.003580425380382976 0.10318625700000002 0.0017565511229196968 0.0148302927 0.00025665407337963325 85.429149 0.12468664504669316 0.09337255800000001 0.0015864964980075891 42.723055999999985 0.05742628249032818 0.68974352 0.0008952287403212345 
1.25 100.0 0.0 1.0 0.0 8.764958799999995 0.010731559343653227 0.083305452 0.0009303819846283434 0.03134136300000001 0.00037074058104731307 9.3037984 0.00692621277863263 0.07753290599999998 0.0008655267135043561 4.667789199999999 0.0036241930127540083 0.089217099 0.0016849132401666872 0.012527662399999999 0.00024134812175710552 86.94231700000002 0.12846686593858572 0.08069914100000002 0.001521688123919006 43.478463999999995 0.059062424815149964 0.7083150200000001 0.0009353112092743869 
1.3 100.0 0.0 1.0 0.0 8.900252599999996 0.010971102544104211 0.073631027 0.0009329873412365904 0.027365686000000004 0.0003667948588353355 9.385198100000004 0.007071883867350514 0.06849143999999996 0.000867757633028986 4.706500999999999 0.003668496592621443 0.076567782 0.0016152502663472168 0.0105069113 0.0002274028704700384 88.398976 0.13238844410368142 0.06923020299999999 0.0014586721220202024 44.20576299999999 0.06074053072965365 0.72658555 0.0009747592513411182 
1.35 100.0 0.0 1.0 0.0 9.0309415 0.011212107330356803 0.064429672 0.0009347101292615729 0.023663114 0.00036230799548456005 9.462543300000004 0.00723191039908123 0.05990082199999998 0.000869117137223286 4.743320999999999 0.00371477459747615 0.06511654100000001 0.0015474057579530243 0.008732767299999998 0.00021389493786314216 89.79977599999997 0.13656996034383043 0.05885365600000001 0.0013972470236435003 44.905249 0.06250610617367286 0.74459301 0.0010134554298537113 
1.4000000000000001 100.0 0.0 1.0 0.0 9.156949599999999 0.01147149921494978 0.05568659500000002 0.0009356909587362294 0.020216434399999993 0.00035722002578513086 9.535966300000002 0.007417070487237412 0.05174600100000003 0.0008697315420363715 4.7783076 0.0037656437752949987 0.05475359800000001 0.0014801298600102424 0.0071747617 0.00019998365443380965 91.14488800000002 0.1412279734632588 0.049468508000000015 0.001336229257122943 45.57698299999999 0.06445067461331755 0.7623775699999998 0.0010514425877123658 
1.45 100.0 0.0 1.0 0.0 9.2781468 0.011774202285408986 0.047392746 0.0009361469158710304 0.017011336700000004 0.00035173948692732713 9.6055578 0.007640107870402417 0.044017349000000004 0.0008698193045989421 4.811498000000001 0.0038245158673876887 0.045386803 0.0014102807637725557 0.005809185099999999 0.000185287719306191 92.433782 0.14662327527629485 0.04099020899999999 0.0012727880227949144 46.22068599999999 0.06668882321686309 0.7799836900000003 0.0010888957119635778 
1.5 100.0 0.0 1.0 0.0 9.3942345 0.012122434100765198 0.039551023 0.0009358939173580024 0.014039673400000006 0.0003459960456552129 9.671302900000004 0.007899768342494454 0.03671651400000001 0.0008692289939504028 4.842880200000001 0.0038906898153904792 0.03693350899999999 0.0013354449588965473 0.0046177621 0.00016996836054956202 93.66416099999998 0.15274921743124212 0.033343292999999996 0.0012048071167288634 46.83519499999999 0.06921561877758405 0.7974687499999997 0.0011255531645732147 
1.55 100.0 0.0 1.0 0.0 9.504411299999997 0.012401034075183203 0.032195681299999994 0.0009307609236238917 0.011307324799999996 0.0003383258000045078 9.732917500000005 0.008141499975216893 0.029874637800000013 0.000864062310495336 4.8723169 0.003943785756587331 0.029321409199999992 0.0012461844443017712 0.00358500639 0.00015348132637220662 94.828569 0.1585295189087111 0.0264617872 0.0011238578417679078 47.41679600000001 0.07150278079788949 0.8149296300000002 0.001156165442022338 
1.6 100.0 0.0 1.0 0.0 9.606929100000004 0.012302243592172768 0.0254227882 0.0009031702802657365 0.008839498900000003 0.00032245340306071696 9.789611800000003 0.008252047868669687 0.02357991979999999 0.0008379811466247836 4.899424100000001 0.003919065980791942 0.022553880399999997 0.0011188642362787893 0.002697611769999999 0.0001335077808457972 95.909561 0.16171170639075103 0.020347314999999994 0.0010086564515889302 47.956715999999986 0.07219087343601922 0.8325474000000002 0.0011576749760616053 
1.6500000000000001 100.0 0.0 1.0 0.0 9.6994751 0.011589745370374752 0.019362478470000003 0.0008317032284058919 0.006666173689999999 0.0002918824721473682 9.840323599999998 0.008196333554155314 0.017951381169999992 0.0007712127910616185 4.923681600000001 0.0037549413329871855 0.016642947390000003 0.0009597186755940471 0.0019430073671000004 0.00010998130213607862 96.88404599999998 0.16154324647247711 0.01500923539 0.000864725040273714 48.44336700000001 0.07036350224441033 0.85056394 0.0010991423552774728 
1.7 100.0 0.0 1.0 0.0 9.781342500000001 0.010609428858685852 0.01404539805 0.0007289053547458649 0.004784765837999999 0.00025167773669888355 9.884808900000001 0.008151191507847037 0.013016019620000001 0.0006754916962946747 4.944965699999999 0.0035161768790966537 0.011563089052999999 0.0007995833427651315 0.0013119137364520003 8.727079955433897e-05 97.74521000000004 0.16145526567723026 0.010423761990000002 0.0007200246244758302 48.87329599999999 0.06772787950215262 0.8691063200000001 0.0009923246175391107 
1.75 100.0 0.0 1.0 0.0 9.851607499999998 0.0097858965817123 0.009526134742999999 0.0006148433834613548 0.0032049142029000003 0.00020886311261108224 9.9226154 0.008237279176313832 0.008823388582000002 0.000569454784554259 4.9630586999999995 0.0032854285524146084 0.007475807692170002 0.0006387662048871856 0.0008182261792924702 6.745624691180558e-05 98.48241099999991 0.16383380686541996 0.006735886687860002 0.000575047442183635 49.24125200000001 0.06598005385690617 0.8883402200000002 0.0008615484101969327 
1.8 100.0 0.0 1.0 0.0 9.907241500000001 0.009134419002203421 0.0059828310972 0.000489611843473734 0.0019797313766959997 0.0001635983562943126 9.952260200000003 0.00839209197155834 0.005537724695499998 0.0004531967083580696 4.977246300000002 0.0030711693005965107 0.0045183680897931 0.00047699131967562187 0.00047397874591793273 4.9459085825717534e-05 99.064099 0.16742277776037778 0.004068903571585402 0.0004293612027885519 49.531496000000004 0.06490610609049645 0.9086180400000003 0.0007056033870226309 
1.85 100.0 0.0 1.0 0.0 9.9467942 0.008647454308836643 0.00348058127474 0.0003560060548751068 0.0011278492877430006 0.00011689439317332259 9.973193400000001 0.00856290932945734 0.003218952585308001 0.0003293101317967062 4.987266999999998 0.002883705375052956 0.002544918631814735 0.00034012402604940463 0.00025693336642480444 3.48729637861563e-05 99.476786 0.17111574641753596 0.002290693105112648 0.0003061241322530394 49.737356 0.0642670160551912 0.9301532800000001 0.0005272984824724056 
1.9000000000000001 100.0 0.0 1.0 0.0 9.9726561 0.008517432256117358 0.0018523851709072005 0.00023590239946996776 0.00058656852885099 7.59833869221223e-05 9.986809800000001 0.008774431321723048 0.0017116366508945007 0.00021804556192359112 4.9937881 0.002771778233198741 0.0013123122424696396 0.0002387865579942687 0.00012848516594247508 2.410025564219613e-05 99.74631600000001 0.1754578070404327 0.0011808044218420543 0.00021487475788460391 49.87173599999999 0.06466013437235706 0.9528170900000005 0.00035886586687832904 
1.95 100.0 0.0 1.0 0.0 9.9880905 0.008696014643939648 0.0008856119056752197 0.0001460268797718533 0.00027408224997183423 4.6213792764859326e-05 9.994894100000002 0.009002488119486023 0.00081763380024285 0.00013487814972154842 4.9976616 0.0027493794126215517 0.0006172469381320372 0.00015998942282069667 5.89205993062624e-05 1.5710017524743745e-05 99.90694099999999 0.1800449093426258 0.000555231045136812 0.00014392530643885922 49.951785000000015 0.06599345936324168 0.9763825500000002 0.0002280279804565858 
2.0 100.0 0.0 1.0 0.0 9.9961603 0.00897315917550345 0.0003820765543697989 8.502586192285631e-05 0.0001157952441554756 2.6565144119103503e-05 9.999106499999996 0.00920111212886112 0.00035248728637025 7.84969104617493e-05 4.9996804 0.002777135765212002 0.00026842104865332505 0.00010249837522792987 2.4963842075216764e-05 9.689684815161931e-06 99.99099199999996 0.1840315895313642 0.00024137697681261245 9.216752442528712e-05 49.993628 0.0675728302216194 1.0006117 0.00013622151481292255 
2.05 100.0 0.0 1.0 0.0 9.999856900000003 0.009219077026118874 0.00015246215716942037 5.077691577884021e-05 4.5693942902894256e-05 1.5745491652376098e-05 10.001028799999997 0.009346644308338549 0.00014059976804824326 4.6869226879091646e-05 5.0006032 0.0028162182936711843 0.00011185380812786577 6.441760634120209e-05 1.0220773878896123e-05 5.771401106336036e-06 100.02949499999997 0.18696326119007756 0.0001005591897100407 5.789008081143901e-05 50.01279500000001 0.06889233812793999 1.0252504000000007 8.337420689623366e-05 
2.1 100.0 0.0 1.0 0.0 10.0013076 0.009368317721020848 6.23571740050638e-05 3.370648838758862e-05 1.882236755372596e-05 1.0226250437020637e-05 10.001782400000002 0.009429547674310094 5.751862701811403e-05 3.10909936193614e-05 5.0009656 0.002842708477232559 4.876979958135023e-05 3.7987424198998025e-05 4.286628267076585e-06 3.1800963267309897e-06 100.044689 0.18864160979965566 4.3823511950133074e-05 3.411328381530953e-05 50.02035599999999 0.06968225184825853 1.0501044999999989 5.6751454060669576e-05 
2.15 100.0 0.0 1.0 0.0 10.001845800000002 0.00943989712462292 2.864926036118852e-05 2.17498991238181e-05 8.551428643127989e-06 6.361810242135253e-06 10.0020705 0.009469563458147512 2.641421795702095e-05 2.003680201895783e-05 5.0011019 0.0028553613175828075 2.0402838562477624e-05 1.8753210847372268e-05 1.6587211223755791e-06 1.4817164333985942e-06 100.05040899999999 0.1894470636621601 1.831738099566321e-05 1.6830868962327217e-05 50.023198 0.07005918191043455 1.075049000000002 3.745917727342e-05 
2.2 100.0 0.0 1.0 0.0 10.0021088 0.009476480035637957 1.2437921035001122e-05 1.1129831834565708e-05 3.580703355691221e-06 3.1529533282188282e-06 10.002207999999998 0.009490083488595253 1.145243843145242e-05 1.0241924302223175e-05 5.001167099999999 0.0028614378424100095 5.711219216839967e-06 5.601247121347108e-06 4.374290441750284e-07 4.2632800399999237e-07 100.05316899999998 0.18985976702664362 5.124289299954739e-06 5.025280119830747e-06 50.024560999999984 0.0702484016174348 1.1000216999999983 1.9626541040866495e-05 
2.25 100.0 0.0 1.0 0.0 10.0022571 0.009497208500716291 3.48241831602854e-06 3.2930562906292277e-06 9.72985667322984e-07 9.113913684156656e-07 10.002286100000003 0.009501381308931096 3.203169937082633e-06 3.027973393670124e-06 5.001203299999999 0.002864616114101891 5.361797585445634e-07 5.317371496714715e-07 3.974536843981577e-08 3.9358333804799134e-08 100.05469299999999 0.19008090724355547 4.809278476489924e-07 4.769357290655673e-07 50.025316000000004 0.0703488357077829 1.1250062 5.971230901057029e-06 
2.3000000000000003 100.0 0.0 1.0 0.0 10.002305100000003 0.009504055631668843 5.578637192396998e-07 5.34693195053141e-07 1.5279628126380307e-07 1.4537234441123727e-07 10.002309100000002 0.009504623342452275 5.127865173094015e-07 4.913622228038858e-07 5.001215199999999 0.0028656599082468844 1.4552875885240095e-08 1.445434464382845e-08 1.0482080219114247e-09 1.0402954932975665e-09 100.05518499999998 0.1901505681632214 1.3049847956897439e-08 1.296138948162327e-08 50.02556500000001 0.07038221984811285 1.150001000000002 9.949702945534651e-07 
2.35 100.0 0.0 1.0 0.0 10.002313100000002 0.009505192685784718 6.734713948030469e-08 6.47455917344076e-08 1.8146834112223227e-08 1.732557836466228e-08 10.002313100000002 0.009505192685784718 6.187190655096097e-08 5.9467787368344005e-08 5.001217199999999 0.0028658415241768678 2.154863989681685e-10 2.140854644698678e-10 1.507020790393694e-11 1.4962328454316184e-11 100.05527499999998 0.1901643569620798 1.931805959280794e-10 1.919234136174398e-10 50.025607 0.07038791030077796 1.175000099999998 9.968197465136388e-08 
2.4 100.0 0.0 1.0 0.0 10.002314100000001 0.009505335276680463 7.364429183477621e-09 7.0838825348670505e-09 1.9540851362451642e-09 1.8667863105392877e-09 10.002314100000001 0.009505335276680463 6.762339623529396e-09 6.503224026919133e-09 5.001217399999999 0.0028658589031109695 2.594927236324187e-12 2.5781663349122394e-12 1.7624367070368175e-13 1.7499306547345608e-13 100.05528499999998 0.1901657874139811 2.325733868201398e-12 2.3106973344735024e-12 50.02561299999999 0.07038881120833632 1.200000000000002 7.742870483855355e-09 
2.45 100.0 0.0 1.0 0.0 10.002314100000001 0.009505335276680463 7.732106322101982e-10 7.436239303903961e-10 2.0211616009955595e-10 1.930387467651361e-10 10.002314100000001 0.009505335276680463 7.096566192461062e-10 6.823444668387175e-10 5.001217499999999 0.0028658675977079 2.874683673094424e-14 2.856052009188339e-14 1.89691217850555e-15 1.8833952410699548e-15 100.05528499999998 0.1901657874139811 2.5758523659559998e-14 2.5591417804040594e-14 50.02561299999999 0.07038881120833632 1.2249999999999979 8.296615425989063e-09 
2.5 100.0 0.0 1.0 0.0 10.002314100000001 0.009505335276680463 7.935890259887753e-11 7.628443377782357e-11 2.0441961226371488e-11 1.951173523471128e-11 10.002314100000001 0.009505335276680463 7.28024136316913e-11 6.996574470733572e-11 5.001217499999999 0.0028658675977079 3.040705369648594e-16 3.0208381386563466e-16 1.9502265238424902e-17 1.9361870757864632e-17 100.05529499999999 0.19016721837575687 2.7239823886703745e-16 2.706167768296834e-16 50.02561299999999 0.07038881120833632 1.25 0.0 
