0.05 100.0 0.0 1.0000065 2.2197964295979227e-06 7.724455800000004 0.006749970134975554 0.44125073 0.0007434435287034736 0.20097284999999995 0.0009947493171021805 6.271258800000002 0.005497496383392377 0.4145544499999999 0.0006758286489004602 3.235630399999999 0.0028231839044715904 3.476639 0.009857635922979568 0.8136796899999998 0.006222296231291533 48.636233999999995 0.0684840894839609 3.180772599999999 0.00869804821626059 24.720506 0.030226768230179907 0.042650728 3.067311839630514e-05 
0.1 100.0 0.0 1.0000004 2.799991234038601e-07 8.867067800000001 0.00909060156817855 0.2725789700000001 0.000848123336838658 0.11095191699999997 0.0008645452241636568 7.711251699999996 0.0070728152302779205 0.2546220799999999 0.0007918452988662844 3.910482199999999 0.0033392497827544913 2.8288452999999993 0.011310636986885746 0.51975399 0.005552830761413261 65.54706200000001 0.10319541492509832 2.5722960000000006 0.010175200800965543 33.027074 0.043995713600811635 0.071807699 6.887717590738082e-05 
0.15 100.0 0.0 1.0 0.0 9.479845600000003 0.009855830493984823 0.16869376000000003 0.000851774057379023 0.06202052300000001 0.0006685263180561343 8.5916973 0.007620457357468087 0.15684240000000005 0.0007859555012847662 4.326145199999997 0.0034477264087761335 2.1175939000000006 0.012659181539811482 0.32115214999999997 0.004702185178390494 77.57002199999998 0.12430132599937341 1.9180016000000006 0.01134248579432182 38.937701 0.05093902728751085 0.09524474500000002 0.00010314709547391875 
0.2 100.0 0.0 1.0 0.0 9.7837805 0.01000793155387256 0.10144286099999998 0.0007804878991437582 0.03427920100000001 0.0004951286194242724 9.157773000000002 0.007951152827721467 0.09398105200000001 0.0007118629949863749 4.595239000000001 0.003345543765936122 1.4522213 0.013231344070543235 0.190524125 0.003621846845321975 86.06833699999999 0.14060153013156965 1.3120384000000005 0.01182961718714463 43.120298000000005 0.05555648012569499 0.11623222000000002 0.00012558956212960497 
0.25 100.0 0.0 1.0 0.0 9.9127078 0.010153403304862803 0.05872141299999998 0.0006506156534478223 0.018508327700000007 0.0003542190509921978 9.515550699999999 0.008060115776174246 0.054253625 0.0005906246784826701 4.7661903 0.0031052735997252794 0.91194185 0.01229482800259812 0.10541942599999997 0.0026913054304971294 91.769114 0.15092876741712224 0.8223275099999998 0.010981345336820207 45.92718299999999 0.057397751855948344 0.13674545 0.00013060891652164167 
0.3 100.0 0.0 1.0 0.0 9.965643799999999 0.00996018534745367 0.03254356599999999 0.0004995862756666208 0.009562125399999996 0.0002664157366500884 9.734091099999999 0.00821939626601966 0.029990099000000003 0.00045261865162296214 4.870945100000001 0.0028521978174511726 0.5303899600000002 0.010086505154243638 0.055067455000000015 0.002075311446354675 95.40438099999997 0.1597770652735339 0.4775754500000001 0.00900672278987616 47.718875000000004 0.05875471174938016 0.15781129000000008 0.00012020605416863063 
0.35000000000000003 100.0 0.0 1.0 0.0 9.9854128 0.009720643354318355 0.017251059300000003 0.00036380616872082295 0.00483769457 0.00019246890563469725 9.8612763 0.008497001065871018 0.015871799799999992 0.0003297465977512773 4.9321443 0.002696673221791152 0.2867095800000001 0.0076292336459067465 0.02863084298000002 0.001451901769789736 97.58016300000003 0.16810914631058488 0.2580353199999999 0.006819587529754022 48.792983000000014 0.0607372027845422 0.17983093 0.00010205248478637975 
0.4 100.0 0.0 1.0 0.0 9.9935857 0.009518369250276802 0.0087641952 0.0002546788866959912 0.0024081730010000004 0.00013166376163671376 9.9316805 0.008786122493319722 0.008058000499999999 0.00023093787297225125 4.966110900000001 0.0026464415507970645 0.145618193 0.005366744634633777 0.013924024224800002 0.0009820271539271639 98.80686300000004 0.17507436389494596 0.130986656 0.00479893013796894 49.39857900000002 0.06295249684142776 0.20280498000000005 8.159947423702381e-05 
0.45 100.0 0.0 1.0 0.0 9.9980284 0.00936534193474357 0.0042783098 0.0001699923772366264 0.0011231703865000001 9.05421647282475e-05 9.9689072 0.009045055703604619 0.003927727100000002 0.00015419334687166573 4.9840676 0.0026733732104521415 0.07023967930000001 0.0036051113437414366 0.006234340876889999 0.0006885655657470923 99.46300200000005 0.18062884368184676 0.06312796859999999 0.0032246944257632976 49.722566000000036 0.06514227380438915 0.22654045999999992 6.124350809947208e-05 
0.5 100.0 0.0 1.0 0.0 10.0009261 0.009320525696442181 0.0020167343999999993 0.00011040105504278582 0.00050782297725 6.777678468837879e-05 9.987648700000001 0.009238325605475264 0.0018490353200000002 0.00010032198611130451 4.993122699999999 0.0027199534991022532 0.032711533200000004 0.0023757874919621623 0.002792668754442299 0.0005283399547528613 99.796325 0.18461446181898916 0.029386613399999997 0.0021262178015186138 49.88733700000001 0.06689495862399884 0.25080679 4.416923204004576e-05 
0.55 100.0 0.0 1.0 0.0 10.002734300000004 0.009320711094359177 0.0009314770429999997 7.388370308844885e-05 0.000236347352731 5.149579889448973e-05 9.996622699999998 0.009360389286641714 0.0008542015060000002 6.722339229427531e-05 4.997468899999999 0.0027553843938654564 0.015053222866999994 0.0016561369901789383 0.0013793915631791953 0.0003927326898564929 99.95741000000002 0.18705555220027525 0.013533346766999998 0.0014816303185338463 49.96709100000001 0.06802182473421961 0.2754099000000001 3.2494410280287586e-05 
0.6 100.0 0.0 1.0 0.0 10.0038797 0.0093537039042965 0.00043872302559999984 5.364299042445808e-05 0.00011812526039449997 3.607043582455133e-05 10.000688000000002 0.0094190284923696 0.0004030731115000001 4.855474300088086e-05 4.999442199999999 0.002772153746050032 0.007431436756180002 0.0012533977753113584 0.0006927727463753954 0.00025985828466399595 100.03058599999997 0.18824814996200337 0.006682163685039999 0.0011179693181548143 50.00333799999999 0.06858227385828744 0.30021057 2.5728362771326395e-05 
0.65 100.0 0.0 1.0 0.0 10.004407300000004 0.009379654245035821 0.00022529505023999988 4.160826279988361e-05 5.841595302197998e-05 2.3637682953879753e-05 10.002454599999997 0.009436079753227902 0.00020673062547999996 3.73058474661715e-05 5.0002963 0.002776343518589381 0.004153213566869799 0.0009942860089749768 0.00036451298825419717 0.0001788967952339469 100.062572 0.18862903597315353 0.0037316735892747 0.0008846936054566738 50.019118000000006 0.06875385170852757 0.32511714 2.1622335762072263e-05 
0.7000000000000001 100.0 0.0 1.0 0.0 10.004595999999998 0.00939091386080507 0.00013235025560900002 3.3718778529802886e-05 3.2509652510962e-05 1.6019774019390408e-05 10.003227899999995 0.009436882121060308 0.00012123530788300002 3.007575321235804e-05 5.000668299999998 0.002774973855967388 0.0026915337476676794 0.0008169895093355581 0.00020717222753897612 0.00011381945207190988 100.07625 0.18862275769639464 0.002414920322031783 0.0007262067794474357 50.025893000000025 0.06873969875172595 0.3500740399999999 1.8866525498218333e-05 
0.75 100.0 0.0 1.0 0.0 10.004629399999994 0.009400237898997164 8.95271107526e-05 2.825404331871489e-05 1.7689274090944802e-05 1.0548329651604772e-05 10.003583199999996 0.009430957195230596 8.152517549589999e-05 2.517487852505291e-05 5.000839299999999 0.0027714511659221704 0.0019624261824702787 0.0007007111215291877 0.00010764206157473234 7.856819296004727e-05 100.08254500000004 0.1885294820144511 0.001755815418779052 0.000623055990550525 50.028994000000004 0.06868197464858822 0.37505363999999985 1.6936815079076944e-05 
0.8 100.0 0.0 1.0 0.0 10.00468829999999 0.009403219416914268 6.960878046210002e-05 2.5569597187189736e-05 1.0565103821619599e-05 8.575462548295337e-06 10.003749399999991 0.009424966008315296 6.303175294059998e-05 2.2806781584821675e-05 5.0009190000000014 0.0027678665628896103 0.0016635406712210488 0.0006581497532679596 7.462138353170211e-05 7.16627931151149e-05 100.08557000000006 0.18842806098039716 0.0014865503847762273 0.0005853684191786763 50.03048599999998 0.06862269161175784 0.40004449999999964 1.635440319745188e-05 
0.85 100.0 0.0 1.0 0.0 10.004718999999996 0.009403682672795666 6.256231541134499e-05 2.4740143846128395e-05 8.654430886421208e-06 8.324514704011295e-06 10.003807499999997 0.009421885767064932 5.65586799229506e-05 2.207656256604201e-05 5.000946800000001 0.002765597880654124 0.0015757185126774103 0.0006420025808763781 7.025931200631269e-05 6.984975517904959e-05 100.08655000000003 0.18837228263451172 0.001408050914486865 0.0005710111608556792 50.03098599999996 0.06859116319231334 0.4250425099999999 1.6822529425456958e-05 
0.9 100.0 0.0 1.0 0.0 10.004717799999993 0.009403066332456524 6.065689534885346e-05 2.4432526306821325e-05 8.289330235005348e-06 8.215635777136367e-06 10.003824199999993 0.00942098893877471 5.482531971951787e-05 2.1802267085775706e-05 5.0009544 0.0027649016992247217 0.0015434501530363215 0.0006307024639524902 6.839514839813244e-05 6.805156125072044e-05 100.08680300000003 0.18836064954970733 0.0013791715278676049 0.0005609403925227279 50.031105999999966 0.06858240513186989 0.4500436300000004 1.758323435350797e-05 
0.9500000000000001 100.0 0.0 1.0 0.0 10.004705399999995 0.009403222516192125 5.9926474578499906e-05 2.4207397977045037e-05 8.150648780758363e-06 8.10646823177951e-06 10.003829999999992 0.009420833393137611 5.416086289898084e-05 2.15998501045551e-05 5.000957400000002 0.0027646911675922726 0.0015152098063556632 0.0006197212461551818 6.658490834431082e-05 6.625113891713761e-05 100.08689000000003 0.1883562679310978 0.001353873661715552 0.0005511523252750784 50.031147999999966 0.06858009500568192 0.4750455200000008 1.8391663693923984e-05 
1.0 100.0 0.0 1.0 0.0 10.004688399999992 0.009403373874072677 5.934856562994123e-05 2.3991669482371448e-05 8.03619097413692e-06 7.995576425605726e-06 10.003834999999993 0.009420676917868905 5.363458558976652e-05 2.1405650547881094e-05 5.0009595000000004 0.0027645782766047315 0.0014873365028575782 0.0006088434166014475 6.477520008649661e-05 6.44505102351994e-05 100.08696000000003 0.18835417836598323 0.0013289036025468785 0.0005414584867384935 50.03118299999996 0.06857841513291663 0.50004746 1.9186288957989957e-05 
1.05 100.0 0.0 1.0 0.0 10.004673299999993 0.009403622094816145 5.8786317423950815e-05 2.3776932183471436e-05 7.922932467060766e-06 7.883185639202777e-06 10.003839699999993 0.00942055421035211 5.3122381268638125e-05 2.1212345959562308e-05 5.000961900000002 0.0027644475566867446 0.001459773000017915 0.0005980675913132118 6.296690000085708e-05 6.265127445354021e-05 100.08702100000004 0.18835213834862413 0.0013042097000160035 0.000531856693691197 50.03121299999997 0.06857721861761333 0.5250493699999992 1.997024649281308e-05 
1.1 100.0 0.0 1.0 0.0 10.004657199999995 0.00940383804316519 5.822615717769572e-05 2.356237596925017e-05 7.808483141921846e-06 7.769339471321352e-06 10.003844599999994 0.009420423710708252 5.2611876725619574e-05 2.1019216759617718e-05 5.000964100000001 0.002764331445719379 0.0014325123000001063 0.0005873930580922574 6.116140000000822e-05 6.0854824635852744e-05 100.08708900000003 0.18835032875917238 0.0012797824000000957 0.0005223449483288413 50.03124499999996 0.06857589283986285 0.5500512199999992 2.073081569630527e-05 
1.1500000000000001 100.0 0.0 1.0 0.0 10.004642599999993 0.009404084590940808 5.7666950586098815e-05 2.3347987289325488e-05 7.692640300982988e-06 7.65408015515888e-06 10.003848399999992 0.009420255465518567 5.2101960554149304e-05 2.0826198600088754e-05 5.0009662000000015 0.002764224389499463 0.0014055522000000007 0.0005768191655824135 5.936010000000008e-05 5.9062553765392684e-05 100.08715000000004 0.18834825033140223 0.0012556250000000004 0.0005129245404567322 50.03127699999996 0.06857462559684496 0.575053020000001 2.1471576270231985e-05 
1.2 100.0 0.0 1.0 0.0 10.004627899999994 0.009404332982560463 5.710838004795535e-05 2.3133634580946916e-05 7.575400028604444e-06 7.537427830770003e-06 10.003854199999994 0.009420133894184037 5.159256004578548e-05 2.0633296455855524e-05 5.000968600000001 0.002764103026348226 0.0013788895 0.0005663452237753467 5.75645e-05 5.727595432332402e-05 100.08721800000005 0.1883465084641122 0.0012317321 0.000503593947618422 50.03130799999996 0.06857341052771469 0.6000548000000009 2.220222478369774e-05 
1.25 100.0 0.0 1.0 0.0 10.004613499999992 0.009404553579444226 5.655049000395003e-05 2.2919368394679456e-05 7.456780002701026e-06 7.419402421240755e-06 10.003858899999994 0.009420012594401653 5.1083630003809814e-05 2.0440501459417248e-05 5.000970800000001 0.0027639782765894578 0.0013525225999999999 0.0005559717325667307 5.57759e-05 5.549631979331512e-05 100.08728900000004 0.1883445107660106 0.0012081011 0.0004943528187897767 50.03134099999997 0.06857207205716678 0.6250565299999999 2.291427702655866e-05 
1.3 100.0 0.0 1.0 0.0 10.004599199999994 0.009404793727370903 5.599338000032844e-05 2.270526210871366e-05 7.336820000253689e-06 7.300043728310042e-06 10.003862699999994 0.009419849079357917 5.057510000032003e-05 2.0247800390283786e-05 5.000973000000001 0.002763868623852115 0.0013264466 0.0005456975267272561 5.39958e-05 5.372514265652164e-05 100.08734900000003 0.18834258215516514 0.001184732 0.00048520200116421614 50.031372999999974 0.06857081155806904 0.6500582099999993 2.3606868994760872e-05 
1.35 100.0 0.0 1.0 0.0 10.004585099999993 0.009405026241904722 5.543679000002759e-05 2.2491172509507556e-05 7.215530000023718e-06 7.179361702065692e-06 10.003867499999993 0.009419720166149375 5.006703000002716e-05 2.005521075063196e-05 5.000975100000002 0.0027637602663298844 0.0013006611 0.0005355226984523419 5.22253e-05 5.196351739912437e-05 100.08741900000003 0.1883406125595391 0.0011616205 0.0004761400319570362 50.03140499999996 0.0685694747156935 0.6750598499999988 2.4285993680033956e-05 
1.4000000000000001 100.0 0.0 1.0 0.0 10.004570299999994 0.009405194618399483 5.488081000000235e-05 2.2277167969976267e-05 7.092950000002207e-06 7.057396142025378e-06 10.003872099999993 0.00941960579254049 4.955933000000232e-05 1.986270821302092e-05 5.0009774 0.0027636410860235475 0.0012751637 0.0005254476073241871 5.04659e-05 5.021293650227897e-05 100.08748700000004 0.1883388858765265 0.0011387669000000001 0.0004671673873829956 50.03143799999996 0.06856821799925115 0.700061440000001 2.4946912667945333e-05 
1.45 100.0 0.0 1.0 0.0 10.004557499999994 0.009405443407326882 5.4325530000000185e-05 2.2063309788716898e-05 6.969100000000204e-06 6.934166947939744e-06 10.003875999999993 0.009419435464025764 4.9052030000000196e-05 1.967030878677533e-05 5.000979700000001 0.002763518671726255 0.0012499503 0.0005154705671929186 4.8718900000000005e-05 4.847469344965371e-05 100.08754800000004 0.1883368252383856 0.0011161671999999998 0.00045828331925554694 50.031470999999954 0.06856688883587315 0.7250629900000003 2.5585779072708445e-05 
1.5 100.0 0.0 1.0 0.0 10.004543899999993 0.009405664123234559 5.377070000000001e-05 2.1849464646505645e-05 6.844000000000019e-06 6.809694019557707e-06 10.003880799999996 0.009419311378974247 4.854505000000002e-05 1.947799226564368e-05 5.000981800000002 0.002763411063777537 0.0012250187 0.0005055919198402928 4.69855e-05 4.6749982226173086e-05 100.08761700000002 0.18833502435301983 0.0010938188 0.0004494872489807755 50.031503999999956 0.06856550918561967 0.7500645 2.6211632922524707e-05 
1.55 100.0 0.0 1.0 0.0 10.004530399999991 0.009405877897343673 5.32165e-05 2.1635754503282293e-05 6.717670000000002e-06 6.683997256628028e-06 10.003885599999995 0.009419183794101406 4.803855e-05 1.928584229253353e-05 5.000984000000002 0.002763299650746 0.0012003701 0.0004958122515310306 4.5267e-05 4.504009631550536e-05 100.08768800000003 0.18833304959689484 0.0010717231000000002 0.0004407799088502944 50.03153599999996 0.0685643094406414 0.7750659600000003 2.6820730528379435e-05 
1.6 100.0 0.0 1.0 0.0 10.004517999999992 0.0094061168651624 5.2662709999999994e-05 2.1422051573583216e-05 6.59014e-06 6.55710650877382e-06 10.003890199999994 0.009419039164413097 4.753224e-05 1.90937038502388e-05 5.000986300000001 0.002763182294570965 0.0011759996 0.00048612995236557726 4.3564600000000006e-05 4.334622970257506e-05 100.08774800000003 0.18833110604689762 0.0010498786 0.00043216082046823774 50.03156899999997 0.06856298729938066 0.8000673699999986 2.7409829601094016e-05 
1.6500000000000001 100.0 0.0 1.0 0.0 10.004504799999994 0.009406324802515714 5.210954e-05 2.120849090028529e-05 6.461429999999999e-06 6.429041675743827e-06 10.003894999999995 0.00941891228490111 4.702627e-05 1.8901665268361173e-05 5.000988600000002 0.002763057885771059 0.0011519085 0.0004765466472534745 4.18796e-05 4.16696758710504e-05 100.08781900000004 0.18832917127540896 0.0010282819000000001 0.0004236292815424046 50.03160099999997 0.06856174283826605 0.8250687500000013 2.7986597677870465e-05 
1.7 100.0 0.0 1.0 0.0 10.004492899999994 0.009406543117796005 5.155673e-05 2.0994928324544737e-05 6.331559999999999e-06 6.29982265728679e-06 10.003899799999994 0.009418789625020624 4.652056e-05 1.8709702514814713e-05 5.0009906000000015 0.0027629596805328997 0.0011280921999999999 0.00046706033415377035 4.0213e-05 4.001142980836851e-05 100.08789000000004 0.1883272080897922 0.0010069317 0.00041518532003822237 50.031633999999976 0.06856042207027821 0.8500700799999994 2.85434463643779e-05 
1.75 100.0 0.0 1.0 0.0 10.004479999999996 0.009406708236166223 5.1004499999999996e-05 2.0781505621987546e-05 6.20056e-06 6.1694793030258235e-06 10.003903599999994 0.009418624663461479 4.601516e-05 1.851783467329655e-05 5.0009928000000015 0.0027628500323945843 0.0011045490999999998 0.0004576714347265971 3.8566099999999997e-05 3.837278499819762e-05 100.08795000000003 0.1883252734682455 0.0009858285 0.0004068292434538691 50.03166699999997 0.06855910695257326 0.87507138 2.9086889793986178e-05 
1.8 100.0 0.0 1.0 0.0 10.004468399999991 0.009406945195739851 5.045259e-05 2.056807622036196e-05 6.068430000000001e-06 6.038011612960926e-06 10.003908199999993 0.009418512836355928 4.551004e-05 1.8326054978139293e-05 5.000995100000001 0.00276273305439939 0.0010812799 0.00044838020487569466 3.6939999999999995e-05 3.675483592671854e-05 100.08802100000004 0.1883233670113377 0.0009649685999999998 0.00039855963766894455 50.031700999999956 0.06855774156893514 0.9000726200000009 2.9610743829374016e-05 
1.85 100.0 0.0 1.0 0.0 10.004456899999994 0.009407145764525735 4.990122e-05 2.0354781690534437e-05 5.9352e-06 5.9054494367152105e-06 10.003912999999995 0.009418387280778255 4.500525e-05 1.8134413974625013e-05 5.000997400000001 0.0027626104235493635 0.0010582811 0.00043918550650839776 3.53358e-05 3.51586770801121e-05 100.08809200000003 0.18832141541334252 0.0009443538 0.00039037811221723944 50.03173399999996 0.06855643122618056 0.9250738099999986 3.0112090322424814e-05 
1.9000000000000001 100.0 0.0 1.0 0.0 10.004445299999992 0.00940735872338355 4.9350150000000004e-05 2.014148132050061e-05 5.8009e-06 5.771822623911791e-06 10.003916799999995 0.00941822694343763 4.450061e-05 1.7942796857206487e-05 5.000999500000002 0.002762507224841622 0.0010355545 0.0004300887223312738 3.3754700000000004e-05 3.358550244330283e-05 100.08815300000003 0.1883193818193204 0.0009239821 0.0003822834637655753 50.03176699999997 0.06855519881193088 0.9500749700000014 3.060563808170482e-05 
1.95 100.0 0.0 1.0 0.0 10.004434199999993 0.009407541315596377 4.879959e-05 1.9928312415320545e-05 5.665530000000001e-06 5.637131174550668e-06 10.003921499999995 0.00941810567620618 4.3996210000000005e-05 1.7751263376420818e-05 5.001001600000002 0.0027624039447784734 0.0010130967999999998 0.00042108883052455523 3.2197800000000005e-05 3.2036406502471525e-05 100.08822500000004 0.1883174277453841 0.0009038510999999999 0.00037427532880458185 50.03179899999996 0.06855388978775678 0.9750760999999989 3.108065530654553e-05 
2.0 100.0 0.0 1.0 0.0 10.004423099999995 0.009407733665151725 4.824940999999999e-05 1.9715203629326756e-05 5.5291300000000005e-06 5.501414888129326e-06 10.003927099999991 0.009418003104009559 4.349214e-05 1.7559880635021525e-05 5.0010039000000015 0.00276228872093222 0.0009909059 0.0004121856315320342 3.0666e-05 3.0512284746311608e-05 100.08829700000005 0.18831546770454005 0.0008839608999999999 0.0003663537307692688 50.03183299999996 0.06855258717320152 1.0000772 3.1522081151330434e-05 
2.05 100.0 0.0 1.0 0.0 10.004412099999994 0.009407916965341854 4.769949e-05 1.9502086094910437e-05 5.3916999999999996e-06 5.364673764647762e-06 10.003930899999995 0.009417839768359573 4.298817e-05 1.7368514161994716e-05 5.0010061000000015 0.002762172803736693 0.0009689831999999999 0.00040337954652408645 2.91606e-05 2.90144306584913e-05 100.08836700000003 0.18831360152681945 0.0008643117999999999 0.00035851948311935237 50.03186799999997 0.06855120957203086 1.0250781000000015 3.194297803680404e-05 
2.1 100.0 0.0 1.0 0.0 10.004401499999995 0.009408083623565804 4.7150040000000004e-05 1.9289097403071612e-05 5.253270000000001e-06 5.226937653729094e-06 10.003935699999994 0.009417719751935014 4.24844e-05 1.7177230463115993e-05 5.001008300000002 0.0027620618821613046 0.0009473247 0.00039466928127503045 2.76823e-05 2.754354073021658e-05 100.08842800000002 0.18831158023895062 0.0008449006999999999 0.00035077106887057417 50.03190299999997 0.06854984114448431 1.0500790999999985 3.237069589556556e-05 
2.15 100.0 0.0 1.0 0.0 10.004390699999995 0.009408263478764573 4.660091e-05 1.9076161852092233e-05 5.11384e-06 5.088206555373318e-06 10.003940399999994 0.009417598251103124 4.198095e-05 1.698610146654832e-05 5.001010400000001 0.0027619627402112753 0.000925932 0.0003860559705940837 2.62325e-05 2.6101007943899407e-05 100.08850200000005 0.18830951455471548 0.0008257281 0.0003431091165634541 50.03193599999996 0.06854862123398406 1.0750801000000016 3.279740646687681e-05 
2.2 100.0 0.0 1.0 0.0 10.004381199999992 0.009408471206658943 4.6052019999999993e-05 1.8863221301993887e-05 4.97345e-06 4.9485202690779184e-06 10.003943999999994 0.009417451294328683 4.147756e-05 1.679498726779106e-05 5.0010126 0.0027618542235811816 0.0009048024 0.00037753886225420875 2.48119e-05 2.4687528790745738e-05 100.08857300000005 0.18830759057340987 0.0008067943 0.0003355338897673752 50.03196999999996 0.06854720003789536 1.1000810999999984 3.3225260159058e-05 
2.25 100.0 0.0 1.0 0.0 10.004371999999995 0.009408643161509807 4.550356e-05 1.8650404603355498e-05 4.8321e-06 4.807878794842898e-06 10.003948699999993 0.009417339187590995 4.0974369999999996e-05 1.660396104400185e-05 5.001015000000001 0.002761727461197072 0.0008839350999999999 0.0003691175774038537 2.34216e-05 2.330419775693641e-05 100.08864700000004 0.18830553371791375 0.0007880965000000001 0.0003280441895626982 50.03200299999996 0.06854598505341647 1.1250818 3.35127975262191e-05 
2.3000000000000003 100.0 0.0 1.0 0.0 10.004361799999995 0.00940879478191772 4.495542e-05 1.843764972597744e-05 4.68981e-06 4.666302032416997e-06 10.003953599999996 0.009417209680739936 4.047145e-05 1.641308965344048e-05 5.001017000000002 0.0027616322654839794 0.0008633302 0.00036079268206339716 2.2062499999999998e-05 2.19519103311648e-05 100.08870800000003 0.18830352493591818 0.000769634 0.00032064026066353554 50.032040999999964 0.06854447627793626 1.1500828000000018 3.3972953485670565e-05 
2.35 100.0 0.0 1.0 0.0 10.004352699999991 0.009408988629941339 4.440756000000001e-05 1.8224946918097292e-05 4.5466e-06 4.523809881548959e-06 10.003957199999993 0.00941706067425023 3.996857000000001e-05 1.622223278719212e-05 5.001019000000002 0.002761532782670645 0.0008429879 0.0003525644176824512 2.07356e-05 2.0631661500868028e-05 100.08878000000004 0.1883015929563402 0.0007514103 0.00031332345399856217 50.032073999999966 0.06854326654942507 1.1750833999999983 3.423717908562832e-05 
2.4 100.0 0.0 1.0 0.0 10.004343799999992 0.00940914991467505 4.385992e-05 1.801224222198158e-05 4.40248e-06 4.380412292113152e-06 10.003961899999993 0.009416943490062111 3.9465979999999996e-05 1.6031538627093657e-05 5.001021500000001 0.0027614120459283982 0.00082290451 0.000344431698493894 1.94419e-05 1.9344446253483195e-05 100.08885300000003 0.18829956798364153 0.0007334199 0.0003060918564806811 50.032107999999965 0.06854185539791471 1.2000841000000018 3.45248004628909e-05 
2.45 100.0 0.0 1.0 0.0 10.004335099999992 0.009409323918917089 4.331262e-05 1.7799648151307822e-05 4.25747e-06 4.2361291638583205e-06 10.003967599999992 0.009416841694731826 3.8963409999999994e-05 1.5840859423352604e-05 5.001023600000002 0.002761304171976917 0.0008030832399999999 0.0003363958228381747 1.81822e-05 1.8091060578959987e-05 100.08893600000003 0.18829796401169968 0.00071566507 0.0002989464237756422 50.032141999999965 0.06854062506565739 1.2250847999999979 3.4861865488683824e-05 
2.5 100.0 0.0 1.0 0.0 10.004326399999993 0.009409472974155281 4.276563e-05 1.7587123732678152e-05 4.11158e-06 4.090970446658837e-06 10.003971499999995 0.009416673826152331 3.84611e-05 1.565034309343728e-05 5.001025700000001 0.002761201518349282 0.00078351854 0.0003284546597985394 1.69575e-05 1.6872499464735508e-05 100.08899800000005 0.18829593166034367 0.0006981435699999999 0.00029188610556201105 50.03217899999996 0.06853915320915141 1.2500855 3.514950217876272e-05 
