0.05 100.0 0.0 1.0 0.0 2.0467344 0.0030156145918184695 0.92281938 0.0001777967006468658 0.8381384499999998 0.0007774807093938673 1.7793068999999997 0.0013344504613927457 0.9134102700000001 0.0001482678231190683 1.3087230999999997 0.0007111477581391115 1.8071903999999994 0.0035154929723185346 1.2962527999999998 0.004292416615568886 4.713567799999999 0.011172346587522957 1.7504198 0.0031767945006866104 3.004909999999998 0.005661594747078268 0.061912768999999986 7.111477583953874e-06 
0.1 100.0 0.0 1.0 0.0 1.8693623000000006 0.0013242719271681505 0.8568604299999998 0.0001801352693280047 0.73661683 0.0005807884126005554 2.4084991999999987 0.0014364839900475105 0.8435000699999999 0.00015960641232089703 1.5725584000000001 0.0007205523953177749 1.3191103999999998 0.0013919923988333824 0.88383121 0.0018311603168659108 7.2569089 0.010497976795442917 1.270746 0.0012516071188652463 4.0703701 0.005195282855624785 0.11854881999999996 1.441092904807519e-05 
0.15 100.0 0.0 1.0 0.0 1.967275800000001 0.0011146092245997473 0.7977036100000007 0.00018972258686876178 0.6525389600000001 0.0004980968247057174 2.965832400000001 0.0015569094907324347 0.7815742099999998 0.00017298782634036282 1.8091853000000002 0.0007589187631709402 1.0946798999999994 0.0009238502962706719 0.67484466 0.0012262986084322998 10.2404704 0.011888366637122826 1.0480315 0.0008251481972942918 5.4576566 0.005873975795362229 0.17072444 2.2760976778414668e-05 
0.2 100.0 0.0 1.0 0.0 2.1635353000000004 0.0011972618047412975 0.7435284299999998 0.00020037945866555534 0.5806897299999999 0.00045677389436380654 3.4710820999999985 0.001674126842881862 0.72543526 0.0001860273682111673 2.0258859000000005 0.0008014979986869031 0.95185523 0.0007513082484370493 0.54015375 0.0009728006444669788 13.480351999999998 0.013738051279589339 0.9061106200000001 0.0006694967793478262 7.010255199999998 0.00678957340851493 0.21896455 3.206221569270471e-05 
0.25 100.0 0.0 1.0 0.0 2.4120258000000008 0.001364752909333859 0.6934388099999999 0.0002113354824443988 0.5183343700000004 0.0004338929348655913 3.9341553 0.0017879469480772303 0.6739827099999998 0.00019866022969211252 2.226245 0.0008453326031805835 0.8486983299999997 0.0006723237397375434 0.44434665000000023 0.0008336356548716811 16.886319999999998 0.015778711544404092 0.8037703400000001 0.0005996326407418258 8.665332300000001 0.007804498023364981 0.26368778000000004 4.226883622718485e-05 
0.3 100.0 0.0 1.0 0.0 2.6922862999999984 0.0015652140918120557 0.6468507800000002 0.00022260118938711537 0.46369429000000006 0.00041935563816196457 4.3614991 0.0018993941776298366 0.6265000700000002 0.00021104140505419502 2.412597 0.0008904290707414183 0.7690811199999997 0.0006348217216358965 0.37243364 0.0007428278984426222 20.39778 0.017940923053213893 0.72500917 0.0005672164340108472 10.385107 0.008883980893162589 0.30524421999999996 5.342133577769814e-05 
0.35000000000000003 100.0 0.0 1.0 0.0 2.9928673000000017 0.0017852030296278704 0.6033300800000001 0.00023426934484564531 0.4154778600000001 0.0004085015554470883 4.757881600000001 0.00200988868701454 0.5824576599999999 0.00022332593052443373 2.5866793000000006 0.0009370666278800706 0.70514338 0.0006206624099759605 0.31659616 0.0006763808453406942 23.970931000000004 0.020207877607190294 0.6619714400000001 0.0005552598304065208 12.143764000000003 0.01001830419977517 0.34393241999999996 6.559785390050352e-05 
0.4 100.0 0.0 1.0 0.0 3.3065476 0.002021829162516386 0.5625293100000001 0.00024643225790896907 0.37268876000000006 0.0003992278024176157 5.127077400000001 0.002120705743954774 0.5414359200000002 0.00023563447272096348 2.749883299999999 0.000985719960840225 0.6524761699999999 0.0006222434914171258 0.27221497 0.0006243499868589088 27.573455999999993 0.022579603509573793 0.6102249300000002 0.0005568002669257102 13.922837 0.011209048635324062 0.38000937999999995 7.885718456090277e-05 
0.45 100.0 0.0 1.0 0.0 3.6284725000000004 0.0022745456925350386 0.52415776 0.0002592238164678859 0.33453155999999995 0.0003906463163326641 5.4722063999999975 0.0022333349079077342 0.5030882299999999 0.0002481574076506496 2.9033692 0.0010369003199892615 0.6083625500000003 0.0006364925085750423 0.23632733000000003 0.0005825477089569545 31.18151099999999 0.02506666235846248 0.56702536 0.0005692364546506329 15.708916000000006 0.012457531113242734 0.4136968300000002 9.331490454240315e-05 
0.5 100.0 0.0 1.0 0.0 3.9552810999999997 0.0025439983054095752 0.48796488000000027 0.00027280076146299137 0.30035673999999996 0.0003824723081797032 5.795924399999998 0.002349701122860931 0.4671195000000001 0.0002610843153053702 3.0481404999999997 0.0010911560692787809 0.5710124000000001 0.0006626260714763827 0.20692035000000003 0.0005492823090860212 34.777792999999996 0.02768247565725142 0.53055772 0.0005921381053573241 17.492357 0.013773528034219659 0.44518595000000033 0.00010911560691424395 
0.55 100.0 0.0 1.0 0.0 4.284633999999999 0.0028310929373820608 0.45372924000000003 0.0002873957588835257 0.26962483999999987 0.000374641720506914 6.100541200000001 0.0024720393616243885 0.43327324000000017 0.00027467165274794276 3.1850827000000006 0.0011495323036184312 0.5391874100000004 0.0007008050483648942 0.18256749999999997 0.0005237346455029821 38.350275999999994 0.030453429433212498 0.4995629399999998 0.0006258431979078381 19.266417000000008 0.015166120931486277 0.4746408799999998 0.00012645457863046263 
0.6 100.0 0.0 1.0 0.0 4.6149505 0.00313847477089162 0.4212512200000001 0.0003032822535452276 0.24188157000000007 0.0003671901450895774 6.388109000000001 0.002603119776299757 0.4013212500000002 0.0002892369974157208 3.3149955 0.0012130921430229381 0.5120025199999999 0.0007511770011768112 0.1622250599999999 0.000505000415014008 41.891254999999994 0.03341604346352164 0.47313831999999967 0.0006706071022428656 21.026743 0.016655839952127313 0.50220059 0.00014557915448301523 
0.65 100.0 0.0 1.0 0.0 4.9452477 0.0034711294613131334 0.3903462300000002 0.00032090153812267897 0.21674006 0.0003600912658811105 6.660490300000001 0.002747042564068454 0.37105665000000015 0.0003052267040640135 3.438615 0.0012835764371370692 0.48881376000000015 0.0008135129747111357 0.14511181 0.0004918627277391741 45.39685700000002 0.03663160302930191 0.45062464000000013 0.0007262547921381429 22.770987000000005 0.01827031645333802 0.52798003 0.0001668702966084891 
0.7000000000000001 100.0 0.0 1.0 0.0 5.2750634000000005 0.0038375658228182335 0.36083913 0.00034083810809695336 0.19386628000000009 0.0003534175403337708 6.919420800000001 0.0029092373285110364 0.34228655999999996 0.000323245902161455 3.556643299999999 0.0013633119016333648 0.4691510700000001 0.0008875820703742529 0.13063256 0.0004829835970962043 48.86679699999997 0.040189231031918494 0.43153788 0.0007925392761606569 24.498710999999993 0.020057021857539385 0.5520699 0.0001908712249134786 
0.75 100.0 0.0 1.0 0.0 5.6044263 0.004251689971427752 0.3325573399999999 0.0003639320371220402 0.17296793999999996 0.00034740217466805266 7.1665737 0.0030974300691148484 0.31482512000000007 0.0003441639470602182 3.6697716999999987 0.0014557935915441441 0.45267948 0.0009740530334097823 0.11832715999999997 0.000477590510525597 52.30449699999999 0.04422682501507506 0.4155292599999999 0.0008700737175229201 26.211416000000007 0.02208230747536639 0.57453445 0.00021835937276443672 
0.8 100.0 0.0 1.0 0.0 5.933904600000001 0.004735484328787055 0.30532217999999994 0.00039143900249764526 0.15378373 0.00034267270356851554 7.4036385 0.0033226880424882684 0.28848461999999997 0.00036918347248569746 3.7787113000000003 0.0015657615760726496 0.43918043000000007 0.0010757766695974346 0.10783535500000002 0.0004757817567022536 55.717763 0.04894519746936132 0.40236429 0.0009614530727285103 27.912802000000003 0.02444714146809545 0.5954062100000003 0.0002505200655789707 
0.85 100.0 0.0 1.0 0.0 6.2647733000000025 0.005324760687668328 0.2789350200000001 0.00042528006442286184 0.13607177000000006 0.0003405196968911266 7.632447999999999 0.003601918608207782 0.26306127999999984 0.00040021051312625917 3.884259699999999 0.0017010789661734446 0.4285552400000001 0.0011991380159191184 0.098871793 0.0004785293458028639 59.12041399999998 0.05466127773899134 0.3919237599999999 0.0010724737521378318 29.60963999999999 0.02731027162091783 0.6146758200000001 0.0002891831438265848 
0.9 100.0 0.0 1.0 0.0 6.599405700000001 0.006082800592239334 0.25314995999999995 0.00046891216275987647 0.11959253 0.0003431916617446473 7.855207499999998 0.003964987072824057 0.23831028000000004 0.00044055420984911666 3.9873999 0.0018756822198357456 0.4208628400000002 0.0013551614997275698 0.09120930000000001 0.0004875135226411743 62.53594700000001 0.06193298666225738 0.38423468 0.0012130643223572063 31.313577 0.030950717143699562 0.6322679899999999 0.00033762116891634963 
0.9500000000000001 100.0 0.0 1.0 0.0 6.942265899999999 0.007136790312325813 0.22761471999999996 0.0005294333807157678 0.10407860300000005 0.000354650578088989 8.0750038 0.004472474207380792 0.21388849000000007 0.0004969432950535077 4.089540800000001 0.0021177009074725317 0.41643848999999983 0.0015623545080103913 0.084675745 0.0005058751813330305 66.00647400000001 0.0718854069281972 0.3795760799999999 0.001399777758122976 33.045575999999976 0.03593089236651254 0.6479872300000001 0.00040236564486703826 
1.0 100.0 0.0 1.0 0.0 7.3026930000000005 0.008809156455068166 0.20170897000000004 0.0006246345831691254 0.08915542200000001 0.0003834336602818558 8.297171800000003 0.005275949335166287 0.18920308000000005 0.0005862175585359154 4.193164100000001 0.002498551152549231 0.4162655099999999 0.0018625893487562045 0.07917555299999997 0.0005413032885295741 69.617633 0.08733116948790245 0.3788110699999999 0.0016699989672008457 34.84840200000001 0.04365843842770749 0.6613672299999999 0.0004997099902652661 
1.05 100.0 0.0 1.0 0.0 7.7048932 0.012257361081308184 0.17395469 0.0008191324485936722 0.07406704499999998 0.00045755034630819266 8.5342958 0.00692326814181593 0.16285599999999995 0.0007692554328700823 4.304181099999999 0.003276576563719202 0.4230308800000001 0.0023996473374342073 0.07472766600000001 0.0006115404491842218 73.58996 0.11840996154029146 0.38433054 0.002152667669540296 36.832349000000015 0.059210412285159754 0.67112195 0.0006880790405727137 
1.1 100.0 0.0 1.0 0.0 8.228158900000004 0.022088076496091614 0.13940352099999995 0.0014099172552056857 0.056594079999999984 0.0006928036779261673 8.828177899999996 0.011911870886082695 0.13020245499999997 0.0013235395817317807 4.442385499999999 0.005639655811086066 0.44076726 0.003455015885943948 0.070951839 0.0007384131862810839 78.68449700000001 0.21140710334540858 0.39967664999999997 0.003097568489101604 39.37772700000002 0.10569634388993457 0.6726750200000003 0.0012407238311533705 
1.1500000000000001 100.0 0.0 1.0 0.0 9.024261999999998 0.03458980930563245 0.08578305199999998 0.002486153677457804 0.03232122410000001 0.001066634159824454 9.281414400000001 0.020917298249685023 0.07984286299999999 0.0023241467328280634 4.656867900000002 0.009944577142634362 0.42113609 0.00684774181826526 0.05935394399999999 0.001291662355102387 86.81417299999997 0.38021131620687143 0.3809380700000001 0.0061838203527957054 43.436764999999966 0.18964911773793952 0.65392041 0.0022872570511899845 
1.2 100.0 0.0 1.0 0.0 9.7300477 0.0201373142960229 0.030026407600000003 0.001783792200880783 0.010257226219999995 0.0006833742783056057 9.749531200000003 0.01492963082613378 0.027829822300000008 0.001658848665455703 4.879893900000001 0.0071351938220242245 0.236660407 0.010476046875070697 0.027928585900000004 0.0014863333018554563 95.37926099999997 0.27441785083304876 0.21346796399999995 0.009456069555396638 47.70359600000003 0.13656055243664647 0.6288253199999997 0.0017124434934269726 
1.25 100.0 0.0 1.0 0.0 9.942207300000002 0.0051201673231122125 0.00816963001 0.0006680359622298757 0.0025164223626 0.000223325525009727 9.932126100000001 0.0055499243488154985 0.007541496530000001 0.0006166618992734925 4.967321699999999 0.002672112164778469 0.08312547066000002 0.006757217751348908 0.008638780719580002 0.0007875513939224697 98.74843000000003 0.10155228356319371 0.07484915986999999 0.006083567988113629 49.37853900000001 0.050429370150567254 0.6331696199999999 0.000668037479005699 
1.3 100.0 0.0 1.0 0.0 9.981650800000002 0.001800416499851311 0.002996150309999999 0.00032172828203086895 0.0009256088828510002 0.000111463404863196 9.975105199999996 0.0026730990572889734 0.0027660904691999984 0.0002970079859780585 4.988015300000001 0.001286909774929222 0.033863664582039994 0.0040522464987815 0.0035578955526206924 0.00047099507157304517 99.54204100000007 0.048602952812203455 0.0304963377829 0.003647931606077618 49.77279800000002 0.024093575034282035 0.6531160499999997 0.00033459779658412024 
1.35 100.0 0.0 1.0 0.0 9.991084600000006 0.0011799207375423188 0.0015905414151620003 0.0002389957651020306 0.0005181771573978401 8.471947273279819e-05 9.9867581 0.001986763502244246 0.0014713904472870001 0.00022075909451771533 4.9936378999999995 0.0009559761848248362 0.018951828660096273 0.0031574969377856582 0.002031463505442625 0.00036471020250025655 99.75719799999993 0.03599318899548243 0.017071780446767486 0.002842485279170313 49.879613 0.0178317318092331 0.6767177900000001 0.00025811907689338897 
1.4000000000000001 100.0 0.0 1.0 0.0 9.994378499999998 0.0009869026438835897 0.0010991102499384 0.00021062156362936933 0.0003534388043524882 7.342092459932576e-05 9.9908543 0.0017502481438665344 0.0010162577453377 0.00019446611585207516 4.995603699999999 0.0008425076338766891 0.013670086492641415 0.0027922667608590267 0.0014034501906516862 0.0003102607909769775 99.83302299999997 0.03168668764299047 0.012307131815368294 0.0025124884076075894 49.91721699999998 0.01570260946897719 0.7012309500000004 0.00023589527309593648 
1.45 100.0 0.0 1.0 0.0 9.995490499999999 0.0009568818253158013 0.0009260614900948648 0.00019826017753317142 0.0002958566081260445 6.750243883097527e-05 9.992296200000004 0.001645624955736963 0.0008560388230383628 0.0001828427269163457 4.9962961 0.0007930699198791258 0.011753572178354273 0.0025599996717637617 0.0011957592925904508 0.00028086955098725316 99.85968300000002 0.029866557252280733 0.010580477033634463 0.002303067668623951 49.93043900000001 0.01480605132282832 0.7260741800000002 0.00022998041888806564 
1.5 100.0 0.0 1.0 0.0 9.995631 0.000988553716232661 0.000853812904815302 0.0001889259907838639 0.0002700745720992581 6.373463067992897e-05 9.992899299999998 0.0015678312170998433 0.0007889535791812239 0.00017420332329764758 4.996585299999998 0.0007556663346139335 0.010604118038644028 0.0023483759273937046 0.0010668859509581352 0.0002566498317073008 99.87040800000005 0.028564075816191404 0.009544418102529493 0.0021127109347298416 49.93573999999999 0.014165475495513146 0.7510246000000003 0.00022671263968687813 
1.55 100.0 0.0 1.0 0.0 9.9955751 0.001020917053193403 0.000803889009554852 0.00018010151489300475 0.0002515056795503581 6.022146169974978e-05 9.993317799999998 0.00149436022162325 0.0007425132550529219 0.0001660396939166844 4.996784699999998 0.0007203843621463049 0.009644221962333395 0.0021492451001300936 0.0009601361678040865 0.00023356705248779217 99.87763800000005 0.027335667130301937 0.008679318341349395 0.0019334611706540515 49.939298000000015 0.013562196501613947 0.7759968200000005 0.0002233295356030326 
1.6 100.0 0.0 1.0 0.0 9.9955182 0.0010469819520165231 0.0007583407276277906 0.00017141858345739045 0.0002332345571014343 5.677862346349938e-05 9.993699999999997 0.0014220395638295286 0.0006999955750822317 0.00015800226382557025 4.996966399999999 0.0006856970544783421 0.008760276395576064 0.0019600442674243 0.0008619267016902601 0.00021178211097961364 99.88423599999996 0.02611833951628642 0.007882683815736815 0.001763145416825281 49.942550999999995 0.012963238676854361 0.8009706499999987 0.00021941590757880292 
1.6500000000000001 100.0 0.0 1.0 0.0 9.995467500000002 0.001068182319158653 0.0007153949866777856 0.00016280912524380874 0.0002165039449613021 5.351802954256634e-05 9.9940605 0.0013503714776667412 0.0006599625597675221 0.0001500417248717242 4.997138100000002 0.0006512263766521123 0.007930583742483422 0.0017803092136404555 0.0007701810776935922 0.0001911127100360701 99.89045900000002 0.02490425140722391 0.007134984811708986 0.00160135331650989 49.945615 0.01236528393338518 0.825944360000001 0.00021491113997415442 
1.7 100.0 0.0 1.0 0.0 9.995434299999998 0.0010811948602196808 0.0006740958527011811 0.00015421561672735573 0.00020068908003065478 5.0293539788224746e-05 9.994406599999998 0.0012788373957954547 0.000621495029785933 0.00014209816969360607 4.997303799999998 0.000616807016674004 0.007150058756002434 0.0016100985296515536 0.0006846130656578844 0.00017174709935284088 99.89645700000001 0.023680234130988843 0.006431673454504841 0.0014481457333355326 49.94857400000003 0.01176257970049333 0.8509167799999996 0.00020973439515358547 
1.75 100.0 0.0 1.0 0.0 9.9954359 0.001087510828445118 0.000633618629288702 0.00014568490359137732 0.00018544218901291927 4.727027200145311e-05 9.994745700000001 0.001207956764502607 0.0005838211473597078 0.00013422098164477783 4.997465399999999 0.0005827060051187847 0.006421903804189877 0.00144911435736153 0.0006076217606762493 0.00015357247991218452 99.90237900000004 0.022457647528478758 0.005775871198076802 0.0013032457943337474 49.95149300000003 0.011159162445650968 0.8758870699999999 0.0002039613293062096 
1.8 100.0 0.0 1.0 0.0 9.9954428 0.0010854371476861438 0.0005953160025167892 0.00013713240847759443 0.00017264860392358257 4.4296420355177855e-05 9.9950649 0.0011368736562208238 0.0005483531224281322 0.0001263209869609815 4.997618899999999 0.0005485381827903666 0.005741714642821773 0.0012973467484167385 0.0005375562885842426 0.00013651828643373426 99.90795400000003 0.02121984917008305 0.005163476930128601 0.0011666464468810549 49.954247 0.010547891965138742 0.9008572500000005 0.0001974722620388933 
1.85 100.0 0.0 1.0 0.0 9.995480999999998 0.0010750623566096343 0.0005574542347718793 0.0001286013460506608 0.00016034477264362585 4.131956090612533e-05 9.9953799 0.0010659403783397372 0.0005133310365262907 0.00011843886152139271 4.9977701 0.0005143747562812317 0.005103892942844922 0.0011549440711428782 0.00047224841101616027 0.00012067674118409403 99.91350599999998 0.01997225699971787 0.004589266852641723 0.0010384908395141648 49.95698800000002 0.009931835205345055 0.9258250599999989 0.0001903315260163144 
1.9000000000000001 100.0 0.0 1.0 0.0 9.995562999999999 0.0010566856345304446 0.0005193695277885072 0.0001201197624076355 0.00014784847972193176 3.837217698552815e-05 9.995697000000002 0.0009953929023005172 0.0004780897640027272 0.00011060379893365496 4.9979228 0.0004805136642164625 0.004508355732006586 0.0010218433366773725 0.0004117819910022188 0.00010606620125325057 99.91915 0.018721631259761 0.0040531803840060995 0.0009187253878794738 49.959779999999995 0.009313693037379611 0.9507894300000009 0.00018257931275480463 
1.95 100.0 0.0 1.0 0.0 9.995688499999998 0.001030955715766284 0.0004811563447137235 0.00011169461778579369 0.00013520652009471357 3.5483102239316404e-05 9.996015200000004 0.0009254742290310961 0.00044271735875604513 0.00010282411047985256 4.998075299999999 0.0004467925796539908 0.003957397020000014 0.0008978987704545697 0.00035701946080000447 9.266321020658957e-05 99.92486900000002 0.01746993026192853 0.003557356341000013 0.0008072185793525566 49.96261500000001 0.0086929625986803 0.9757506099999992 0.00017424342284087443 
2.0 100.0 0.0 1.0 0.0 9.995828199999998 0.0009965537456321958 0.0004445558100106172 0.00010324703109579163 0.00012365107332240992 3.2633024208389495e-05 9.996320000000003 0.0008552086526108702 0.0004088996148119269 9.502624999347588e-05 4.998221900000001 0.00041297933824854555 0.00345104242076 0.0007830581390793054 0.00030841776043400007 8.041207429436355e-05 99.93036499999998 0.016202905812623382 0.003101863908519999 0.0007039191665796249 49.96533399999999 0.008065769550739699 1.0007114 0.00016516482798281475 
2.05 100.0 0.0 1.0 0.0 9.9959851 0.0009521944600658444 0.0004089410524192398 9.472750766216067e-05 0.00011298348668953424 2.9803882262918964e-05 9.996615599999998 0.0007845161482295295 0.0003760568684392726 8.716567179786172e-05 4.9983642 0.0003789017597508702 0.0029824949317526005 0.0006775261610261765 0.00026425913881365006 6.934294561897234e-05 99.935727 0.01491218869485573 0.0026804698225372 0.0006090150033735709 49.967999000000006 0.007425781910583987 1.025671000000001 0.00015539675017225523 
2.1 100.0 0.0 1.0 0.0 9.9961904 0.0008964870656297435 0.0003725159124594003 8.61005201826096e-05 0.00010239089734140358 2.7024604496394873e-05 9.996917400000003 0.0007129602457810415 0.0003425020474464005 7.921465535233248e-05 4.998509799999999 0.0003444351314227656 0.002551217600460652 0.0005815886053410244 0.0002242770901822951 5.943791335496163e-05 99.94126800000002 0.013593965930428466 0.0022926679004297234 0.0005227580088123008 49.97074300000001 0.00677094694179428 1.0506257999999988 0.00014468214692530876 
2.15 100.0 0.0 1.0 0.0 9.996431600000001 0.0008370150023361653 0.00033667189620301716 7.79213618773114e-05 9.202189426306694e-05 2.438002019297765e-05 9.997214800000002 0.0006450917218299388 0.0003094887048765171 7.167589524209387e-05 4.9986532000000015 0.0003117124275252238 0.002169949800001371 0.0004971032886013531 0.00018875601000055344 5.0667511789534425e-05 99.946768 0.012334206085502899 0.0019498185200012802 0.0004467965024353867 49.973477 0.006144956445170039 1.0755795000000015 0.00013404621394682157 
2.2 100.0 0.0 1.0 0.0 9.9966577 0.0007850091827753975 0.0003043106029297837 7.06813998769996e-05 8.21016322996117e-05 2.1923773971419615e-05 9.997483300000003 0.000584893820021364 0.00027962039285976675 6.499275924420812e-05 4.998782900000001 0.00028267604398368826 0.0018328909100000037 0.0004220366839659957 0.00015712064100000152 4.2877918435775636e-05 99.951754 0.011218207202905778 0.0016466950700000035 0.000379304367216561 49.97595000000001 0.005590501318504066 1.1005357999999985 0.00012444349567359946 
2.25 100.0 0.0 1.0 0.0 9.996895400000001 0.0007325985586628736 0.00027319840014999175 6.380068003320692e-05 7.237300811689223e-05 1.9618321235235102e-05 9.997741999999999 0.0005277909249153214 0.0002508845701463141 5.864487122453499e-05 4.998907000000001 0.0002552361454859082 0.0015308235380000002 0.00035423257028392025 0.0001294651434 3.595600177160253e-05 99.95657899999998 0.01015394665241026 0.0013751164259999998 0.00031835342801915273 49.978357 0.005060654553181422 1.1254917000000004 0.0001148173379246507 
2.3000000000000003 100.0 0.0 1.0 0.0 9.997136900000001 0.0006769178781073573 0.00024373481780759948 5.7092628138045424e-05 6.363587630586932e-05 1.7471105149576054e-05 9.997986599999999 0.0004722234899626857 0.00022372389840740733 5.246477241530392e-05 4.9990247 0.00022839270810151536 0.00126259907452 0.0002934014678294205 0.00010569888962 2.9817452983800768e-05 99.961164 0.009110943258727935 0.0011340542945299998 0.0002636783488430247 49.980636000000004 0.004542312520795375 1.1504487000000014 0.0001050841237948175 
2.35 100.0 0.0 1.0 0.0 9.9973887 0.0006174239007336911 0.00021527967060038278 5.053643255022474e-05 5.556320074029271e-05 1.5452643066257756e-05 9.998222399999998 0.000417891352774238 0.00019753332950037274 4.643178171904497e-05 4.999138799999999 0.0002021503541596615 0.0010243368784783999 0.00023945058285547476 8.496012392566002e-05 2.439417942377322e-05 99.96560800000002 0.008086759880216067 0.0009199615483281 0.00021519065273247406 49.98284400000001 0.004032804561889373 1.1754046999999987 9.50170990779731e-05 
2.4 100.0 0.0 1.0 0.0 9.9976536 0.0005554627173130328 0.00018762401021801923 4.41986256421502e-05 4.7852871668014544e-05 1.3553747240556438e-05 9.998451 0.00036547526631008003 0.00017209390959001868 4.060523836431223e-05 4.9992492 0.0001767921196922766 0.0008156778244953453 0.00019232608039574495 6.717709319294129e-05 1.965286808514715e-05 99.96994400000001 0.007091460259758401 0.0007325115539440781 0.00017284041841120323 49.985010999999986 0.003536719920949889 1.2003600000000012 8.489145986301075e-05 
2.45 100.0 0.0 1.0 0.0 9.997913900000004 0.0004965915195314357 0.00016186670889960098 3.8406513780981265e-05 4.0945603356100726e-05 1.1865969616211434e-05 9.998664200000002 0.0003175968563093118 0.00014843104370590088 3.528778526458014e-05 4.999352600000001 0.00015365634474203785 0.000635277371217539 0.0001515976381968773 5.2142700710229636e-05 1.5536143135204208e-05 99.97400000000002 0.006179978313909052 0.0005704845451644902 0.0001362389224491603 49.987029000000014 0.003083234434332569 1.2253173999999982 7.53171458463104e-05 
2.5 100.0 0.0 1.0 0.0 9.998169800000001 0.00044221426869160376 0.00013777227011065006 3.319285227411492e-05 3.477030278115004e-05 1.0344038765520055e-05 9.998862799999998 0.0002745449726105517 0.00012632756966538005 3.050380838913305e-05 4.9994493 0.00013273750430686869 0.0004818734451386363 0.0001163945916977724 3.953367314380791e-05 1.193702094558972e-05 99.97780300000001 0.0053584877448245175 0.0004327245121614044 0.00010460180429470124 49.98892399999999 0.0026741245766471323 1.2502757000000002 6.639567073631175e-05 
2.5500000000000003 100.0 0.0 1.0 0.0 9.9984118 0.0003909775536809396 0.00011600222614061099 2.842170204365705e-05 2.93579310199379e-05 8.879092891591257e-06 9.9990424 0.00023512563097489626 0.00010637500522644502 2.612072028120021e-05 4.9995362000000005 0.00011369650594970224 0.00035442494818933206 8.600067900258623e-05 2.9083033913172674e-05 8.81325267236437e-06 99.98125599999997 0.004603865189356586 0.000318275786173203 7.728646060615956e-05 49.990642 0.0022978921558556363 1.2752366000000015 5.7947255169340206e-05 
2.6 100.0 0.0 1.0 0.0 9.998637 0.00033753721319816746 9.641809094533946e-05 2.376050898029478e-05 2.4427585446437882e-05 7.420007062270491e-06 9.999204099999996 0.0001965360090179184 8.841917428207871e-05 2.1836561217587426e-05 4.9996144 9.508326072283271e-05 0.00024803766590094533 6.018933541176904e-05 2.0340071172496643e-05 6.164616144681414e-06 99.98436500000001 0.0038620492934044585 0.00022273807276086439 5.409010089562544e-05 49.992193000000015 0.0019281495005131198 1.3002004999999992 4.941039875868067e-05 
2.65 100.0 0.0 1.0 0.0 9.9988697 0.0002799881587191381 7.746281060499515e-05 1.909823189960616e-05 1.9620025297239335e-05 5.962466528455092e-06 9.999361100000002 0.00015792465777658492 7.10358219932378e-05 1.7551560325851746e-05 4.9996901000000005 7.641642372135433e-05 0.00016063027177440456 3.896233320398494e-05 1.3164382655485895e-05 3.989150952275163e-06 99.98739500000002 0.0031151399167887762 0.00014424550053800415 3.50140063291366e-05 49.993701 0.0015562766422853385 1.3251644000000011 4.052414563899562e-05 
2.7 100.0 0.0 1.0 0.0 9.9991191 0.00021787349945728788 5.847901306669351e-05 1.4406349945897591e-05 1.4809600505185291e-05 4.4992247364022255e-06 9.999517399999998 0.00011913191251086064 5.362685041793684e-05 1.3239775163465182e-05 4.999766200000001 5.76338050453116e-05 9.171732807390244e-05 2.221649146617538e-05 7.5178100040039714e-06 2.2768253987710558e-06 99.990451 0.0023576303701361655 8.236185606613072e-05 1.9965293069230602e-05 49.99523 0.001178005516914498 1.3501262999999981 3.1100050564766625e-05 
2.75 100.0 0.0 1.0 0.0 9.999394200000001 0.0001491976649348942 3.896675020013897e-05 9.563916029805558e-06 9.88626740771596e-06 2.9981023420325764e-06 9.9996784 7.91148165042564e-05 3.5735576020282324e-05 8.79058024767583e-06 4.9998439999999995 3.825650285848634e-05 4.081025400043212e-05 9.816789026574836e-06 3.3602280000228046e-06 1.0150278888693785e-06 99.99361499999999 0.0015712239717591146 3.6649152000386616e-05 8.822992294590058e-06 49.996809999999996 0.0007848878907906443 1.3750856000000005 2.1018239357634585e-05 
2.8000000000000003 100.0 0.0 1.0 0.0 9.9996927 7.475665208179211e-05 1.916656231716896e-05 4.647736796476623e-06 4.911933548395231e-06 1.4824908188358995e-06 9.9998418 3.847710429297507e-05 1.758271900284933e-05 4.2745798742500324e-06 4.999923399999999 1.8571066529958956e-05 9.993381400002442e-06 2.369317617974836e-06 8.416790000001257e-07 2.5501773766082997e-07 99.99684699999997 0.0007665226359078688 8.976529000002182e-06 2.1305869381355734e-06 49.998423999999986 0.00038338004058905664 1.4000430000000017 1.0428325003021737e-05 
2.85 100.0 0.0 1.0 0.0 9.9999146 2.1010193414260638e-05 5.220826146574395e-06 1.2794676508661178e-06 1.3726653402252695e-06 4.2206506350193654e-07 9.9999567 1.0643353593250101e-05 4.7932537231639215e-06 1.1785304932147286e-06 4.999979 5.094119256252813e-06 7.968499100000135e-07 2.115528933574788e-07 7.130271000000068e-08 2.432303872966242e-08 99.99913800000002 0.0002119564285838809 7.162338600000122e-07 1.9049112210590924e-07 49.99956800000002 0.0001059043842134874 1.4250118999999999 2.904111309380235e-06 
2.9 100.0 0.0 1.0 0.0 9.999987000000003 3.5425222215884177e-06 7.907634882179334e-07 2.1175310181164926e-07 2.1340473293297948e-07 7.064956983812106e-08 9.9999936 1.7692441799021259e-06 7.266128264850575e-07 1.953321940191077e-07 4.999997000000001 8.425364800180039e-07 2.105261360000007e-08 7.67838485354517e-09 2.0083243000000034e-09 8.824819886580602e-10 99.99986999999999 3.5426401579478813e-05 1.8936576900000065e-08 6.9194274404518786e-09 49.99993599999999 1.7693164678774735e-05 1.4500017000000005 5.486987149773999e-07 
2.95 100.0 0.0 1.0 0.0 9.9999987 4.392987673923559e-07 8.734037434055836e-08 2.5737862864125418e-08 2.3827644213016745e-08 8.489772206141749e-09 9.9999996 2.413804141439985e-07 8.028340021280252e-08 2.3752498759498554e-08 4.999999900000001 9.902267292640298e-08 2.9127561600000037e-10 1.3306942311575257e-10 2.8502794000000025e-11 1.49058904466826e-11 99.99998699999998 4.399323499553984e-06 2.6207805200000034e-10 1.199093659391522e-10 49.999996 2.4154520305469396e-06 1.4749999999999972 7.300048299977714e-09 
