0.01 2.72876e-26 1.64943e-13 -8.65974e-15 -2.54528e-15 0.988105 0.87629 1.21887 0.0129048 0.975682 0.393255 1
0.02 5.29589e-25 7.23911e-13 -7.41629e-14 -6.51273e-15 0.966208 0.839087 1.43125 0.0254593 0.952084 0.446492 1
0.03 3.15398e-24 -1.76232e-12 2.14717e-13 4.59216e-14 0.946571 0.809026 1.61841 0.0377177 0.931288 0.482989 1
0.04 2.27537e-25 -4.70221e-13 8.01581e-14 1.88937e-15 0.928481 0.782869 1.78929 0.0497114 0.912302 0.511593 1
0.05 3.76336e-26 -1.89612e-13 4.08562e-14 -3.39937e-15 0.911558 0.759332 1.94821 0.0614623 0.894644 0.535435 1
0.06 9.9566e-27 -9.65061e-14 2.5091e-14 -3.68918e-15 0.895567 0.737739 2.09772 0.0729872 0.878031 0.556034 1
0.07 3.54535e-27 -5.701e-14 1.68754e-14 -3.23124e-15 0.88035 0.717678 2.23952 0.0842996 0.862275 0.574253 1
0.08 1.55542e-27 -3.73174e-14 1.24345e-14 -2.86607e-15 0.865793 0.698875 2.37478 0.0954107 0.847246 0.590637 1
0.09 7.90061e-28 -2.63123e-14 9.54792e-15 -2.56166e-15 0.85181 0.681132 2.50439 0.10633 0.832845 0.605553 1
0.1 4.51208e-28 -1.96371e-14 7.77156e-15 -2.27953e-15 0.838333 0.664306 2.62903 0.117067 0.818997 0.619264 1
0.11 2.79658e-28 -1.52933e-14 6.43929e-15 -2.07549e-15 0.825311 0.648282 2.74923 0.127627 0.805641 0.631963 1
0.12 8.01382e-21 -8.19254e-11 3.51135e-11 -8.31233e-12 0.812699 0.632973 2.86543 0.138019 0.792729 0.643797 1
0.13 5.71401e-21 -6.84457e-11 3.1124e-11 -7.77731e-12 0.800461 0.618306 2.97801 0.148248 0.780222 0.654882 1
0.14 4.23222e-21 -5.82986e-11 2.79419e-11 -7.26231e-12 0.788566 0.60422 3.08725 0.158319 0.768084 0.665311 1
0.15 3.23623e-21 -5.04696e-11 2.53579e-11 -6.78382e-12 0.776989 0.590667 3.19342 0.168239 0.756287 0.675159 1
0.16 2.54234e-21 -4.43013e-11 2.32263e-11 -6.34662e-12 0.765706 0.577603 3.29675 0.17801 0.744806 0.684488 1
0.17 2.04386e-21 -3.93526e-11 2.1444e-11 -5.94942e-12 0.754699 0.564992 3.39742 0.187639 0.73362 0.69335 1
0.18 1.67613e-21 -3.53195e-11 1.99352e-11 -5.58976e-12 0.743949 0.552801 3.49561 0.197129 0.72271 0.701789 1
0.19 1.39847e-21 -3.19869e-11 1.86442e-11 -5.26354e-12 0.733441 0.541003 3.59147 0.206483 0.712059 0.709844 1
0.2 1.18453e-21 -2.9199e-11 1.75291e-11 -4.96738e-12 0.723162 0.529573 3.68513 0.215706 0.701652 0.717545 1
0.21 1.01665e-21 -2.68411e-11 1.65572e-11 -4.69737e-12 0.713099 0.518489 3.77672 0.224801 0.691475 0.724923 1
0.22 8.82774e-22 -2.48271e-11 1.5703e-11 -4.45053e-12 0.703241 0.507732 3.86634 0.23377 0.681518 0.732001 1
0.23 7.74446e-22 -2.30911e-11 1.49467e-11 -4.22428e-12 0.693578 0.497282 3.9541 0.242618 0.671767 0.738801 1
0.24 6.85632e-22 -2.15824e-11 1.42724e-11 -4.01637e-12 0.684101 0.487125 4.04007 0.251347 0.662215 0.745343 1
0.25 6.11931e-22 -2.02612e-11 1.36673e-11 -3.82374e-12 0.674801 0.477246 4.12434 0.25996 0.652851 0.751644 1
0.26 5.50096e-22 -1.90957e-11 1.31211e-11 -3.64517e-12 0.665671 0.467631 4.207 0.26846 0.643667 0.757719 1
0.27 4.97678e-22 -1.80608e-11 1.26246e-11 -3.47925e-12 0.656704 0.458267 4.2881 0.276848 0.634656 0.763583 1
0.28 4.52822e-22 -1.71359e-11 1.21709e-11 -3.32437e-12 0.647893 0.449145 4.36771 0.285128 0.62581 0.769248 1
0.29 4.14095e-22 -1.63042e-11 1.17542e-11 -3.17941e-12 0.639232 0.440253 4.44589 0.293302 0.617123 0.774725 1
0.3 3.80363e-22 -1.55516e-11 1.13689e-11 -3.04272e-12 0.630715 0.431581 4.5227 0.301372 0.608589 0.780025 1
0.31 3.50751e-22 -1.48668e-11 1.10107e-11 -2.91413e-12 0.622338 0.423121 4.59818 0.30934 0.600203 0.785158 1
0.32 3.24555e-22 -1.42401e-11 1.06759e-11 -2.79266e-12 0.614094 0.414863 4.67238 0.317208 0.591958 0.790131 1
0.33 3.01195e-22 -1.3663e-11 1.0361e-11 -2.67725e-12 0.605981 0.406802 4.74535 0.324979 0.58385 0.794954 1
0.34 2.80222e-22 -1.31286e-11 1.00633e-11 -2.56781e-12 0.597992 0.398928 4.81713 0.332654 0.575874 0.799634 1
0.35 2.61251e-22 -1.26306e-11 9.78018e-12 -2.46299e-12 0.590125 0.391235 4.88777 0.340235 0.568026 0.804177 1
0.36 2.43962e-22 -1.2164e-11 9.50884e-12 -2.3625e-12 0.582375 0.383717 4.95728 0.347724 0.560302 0.80859 1
0.37 2.28103e-22 -1.1724e-11 9.24749e-12 -2.26622e-12 0.574739 0.376368 5.02572 0.355123 0.552697 0.812878 1
0.38 2.13462e-22 -1.13065e-11 8.99458e-12 -2.17345e-12 0.567213 0.369181 5.09312 0.362433 0.545209 0.817048 1
0.39 1.99842e-22 -1.09077e-11 8.74767e-12 -2.0838e-12 0.559794 0.362152 5.1595 0.369656 0.537834 0.821104 1
0.4 1.8709e-22 -1.05244e-11 8.5052e-12 -1.99703e-12 0.552479 0.355275 5.22489 0.376793 0.530568 0.82505 1
0.41 1.75084e-22 -1.01537e-11 8.26605e-12 -1.91271e-12 0.545266 0.348545 5.28933 0.383847 0.523408 0.828893 1
0.42 1.63695e-22 -9.79261e-12 8.02802e-12 -1.83052e-12 0.538151 0.341958 5.35283 0.390819 0.516352 0.832635 1
0.43 1.5283e-22 -9.43834e-12 7.78999e-12 -1.75024e-12 0.531132 0.33551 5.41544 0.397709 0.509396 0.83628 1
0.44 1.42413e-22 -9.0889e-12 7.55063e-12 -1.67134e-12 0.524206 0.329195 5.47716 0.40452 0.502538 0.839833 1
0.45 1.3236e-22 -8.74145e-12 7.30793e-12 -1.59416e-12 0.51737 0.323011 5.53803 0.411253 0.495775 0.843297 1
0.46 1.22623e-22 -8.39406e-12 7.06102e-12 -1.51798e-12 0.510624 0.316953 5.59806 0.41791 0.489105 0.846675 1
0.47 1.13152e-22 -8.04457e-12 6.80855e-12 -1.44237e-12 0.503964 0.311017 5.65727 0.42449 0.482525 0.84997 1
0.48 1.03891e-22 -7.69046e-12 6.5481e-12 -1.36748e-12 0.497388 0.305201 5.7157 0.430997 0.476034 0.853185 1
0.49 9.48306e-23 -7.32997e-12 6.27942e-12 -1.29266e-12 0.490895 0.2995 5.77334 0.437431 0.469629 0.856323 1
0.5 8.59398e-23 -6.96071e-12 6.00031e-12 -1.21845e-12 0.484482 0.293912 5.83024 0.443793 0.463307 0.859386 1
0.51 7.72113e-23 -6.58068e-12 5.70943e-12 -1.14384e-12 0.478147 0.288434 5.88639 0.450084 0.457068 0.862378 1
0.52 6.86343e-23 -6.18738e-12 5.40434e-12 -1.06944e-12 0.471889 0.283062 5.94182 0.456306 0.450909 0.8653 1
0.53 6.02299e-23 -5.77882e-12 5.08393e-12 -9.94355e-13 0.465707 0.277794 5.99655 0.46246 0.444828 0.868155 1
0.54 5.20189e-23 -5.35227e-12 4.74643e-12 -9.18409e-13 0.459598 0.272628 6.05059 0.468546 0.438823 0.870944 1
0.55 4.40444e-23 -4.90569e-12 4.38982e-12 -8.41474e-13 0.453561 0.267559 6.10396 0.474567 0.432894 0.873671 1
0.56 3.63539e-23 -4.43612e-12 4.01146e-12 -7.63513e-13 0.447594 0.262587 6.15666 0.480522 0.427038 0.876336 1
0.57 2.90365e-23 -3.94118e-12 3.61045e-12 -6.84285e-13 0.441696 0.257708 6.20872 0.486413 0.421253 0.878942 1
0.58 2.21679e-23 -3.41732e-12 3.18212e-12 -6.03257e-13 0.435866 0.252921 6.26016 0.492242 0.415538 0.881491 1
0.59 1.58982e-23 -2.86249e-12 2.72626e-12 -5.21352e-13 0.430101 0.248222 6.31097 0.498008 0.409892 0.883984 1
0.6 1.03693e-23 -2.27274e-12 2.2391e-12 -4.36369e-13 0.424402 0.24361 6.36118 0.503713 0.404314 0.886422 1
0.61 5.77847e-24 -1.64491e-12 1.71774e-12 -3.49478e-13 0.418766 0.239083 6.41079 0.509358 0.398801 0.888808 1
0.62 2.36144e-24 -9.74887e-13 1.15907e-12 -2.59971e-13 0.413192 0.234639 6.45982 0.514943 0.393353 0.891143 1
0.63 4.09192e-25 -2.59348e-13 5.60219e-13 -1.67588e-13 0.40768 0.230275 6.50829 0.520471 0.387968 0.893429 1
0.64 2.68924e-25 5.06595e-13 -8.40439e-14 -7.22675e-14 0.402227 0.22599 6.55619 0.52594 0.382645 0.895666 1
0.65 2.36467e-24 1.32749e-12 -7.75713e-13 2.64783e-14 0.396833 0.221782 6.60355 0.531353 0.377383 0.897856 1
0.66 7.20156e-24 2.20768e-12 -1.52023e-12 1.28914e-13 0.391497 0.217649 6.65037 0.536711 0.372181 0.9 1
0.67 1.53868e-23 3.15303e-12 -2.32159e-12 2.35311e-13 0.386218 0.21359 6.69667 0.542013 0.367037 0.902101 1
0.68 2.76441e-23 4.169e-12 -3.1849e-12 3.46444e-13 0.380994 0.209602 6.74244 0.547261 0.361951 0.904157 1
0.69 4.48417e-23 5.26179e-12 -4.11604e-12 4.61999e-13 0.375826 0.205685 6.78771 0.552456 0.356921 0.906172 1
0.7 6.80113e-23 6.43863e-12 -5.12013e-12 5.82795e-13 0.37071 0.201836 6.83248 0.557598 0.351947 0.908146 1
0.71 9.8383e-23 7.70639e-12 -6.20415e-12 7.09263e-13 0.365648 0.198054 6.87676 0.562688 0.347026 0.910079 1
0.72 1.37417e-22 9.07296e-12 -7.37499e-12 8.41506e-13 0.360637 0.194339 6.92056 0.567727 0.34216 0.911974 1
0.73 1.86848e-22 1.05471e-11 -8.63976e-12 9.80238e-13 0.355678 0.190687 6.96389 0.572716 0.337346 0.913831 1
0.74 2.48741e-22 1.21382e-11 -1.00069e-11 1.12616e-12 0.350768 0.187098 7.00675 0.577655 0.332583 0.915651 1
0.75 3.25543e-22 1.38561e-11 -1.14854e-11 1.27925e-12 0.345908 0.183571 7.04916 0.582545 0.327871 0.917434 1
0.76 4.20137e-22 1.57119e-11 -1.30843e-11 1.44034e-12 0.341097 0.180103 7.09112 0.587387 0.323208 0.919183 1
0.77 5.36001e-22 1.77179e-11 -1.48149e-11 1.61053e-12 0.336333 0.176695 7.13264 0.592181 0.318595 0.920897 1
0.78 6.77191e-22 1.98869e-11 -1.66883e-11 1.78976e-12 0.331616 0.173344 7.17373 0.596928 0.31403 0.922577 1
0.79 8.48592e-22 2.22335e-11 -1.87175e-11 1.97928e-12 0.326945 0.17005 7.21439 0.601629 0.309512 0.924225 1
0.8 1.05586e-21 2.47724e-11 -2.0915e-11 2.17929e-12 0.322319 0.166811 7.25464 0.606284 0.305041 0.925841 1
0.81 1.30585e-21 2.75209e-11 -2.32967e-11 2.39087e-12 0.317738 0.163627 7.29447 0.610894 0.300615 0.927425 1
0.82 1.60666e-21 3.04979e-11 -2.58785e-11 2.61523e-12 0.313202 0.160495 7.33389 0.61546 0.296234 0.928979 1
0.83 1.96797e-21 3.3724e-11 -2.86797e-11 2.85253e-12 0.308708 0.157415 7.37292 0.619982 0.291898 0.930504 1
0.84 2.40088e-21 3.72193e-11 -3.17169e-11 3.10459e-12 0.304257 0.154386 7.41155 0.624461 0.287605 0.931999 1
0.85 2.9191e-21 4.10096e-11 -3.50134e-11 3.37213e-12 0.299849 0.151407 7.4498 0.628897 0.283355 0.933465 1
0.86 3.5388e-21 4.5122e-11 -3.85932e-11 3.65587e-12 0.295481 0.148477 7.48767 0.633291 0.279147 0.934904 1
0.87 4.27878e-21 4.95836e-11 -4.24805e-11 3.95774e-12 0.291154 0.145595 7.52517 0.637644 0.274981 0.936316 1
0.88 5.16194e-21 5.44276e-11 -4.67041e-11 4.27904e-12 0.286868 0.14276 7.5623 0.641955 0.270856 0.9377 1
0.89 6.21524e-21 5.96884e-11 -5.12951e-11 4.62082e-12 0.282621 0.13997 7.59906 0.646226 0.266771 0.939059 1
0.9 7.47046e-21 6.54029e-11 -5.62855e-11 4.98543e-12 0.278413 0.137226 7.63547 0.650457 0.262726 0.940393 1
0.91 8.96628e-21 7.16147e-11 -6.1715e-11 5.37315e-12 0.274243 0.134527 7.67153 0.654649 0.258719 0.941701 1
0.92 9.75306e-27 7.4496e-14 -6.4615e-14 5.32115e-15 0.270112 0.13187 7.70724 0.658802 0.254751 0.942986 1
0.93 1.25852e-26 8.471e-14 -7.32747e-14 6.33996e-15 0.266017 0.129256 7.74261 0.662917 0.250822 0.944246 1
0.94 1.60236e-26 9.54792e-14 -8.28226e-14 6.91218e-15 0.26196 0.126684 7.77764 0.666994 0.246929 0.945483 1
0.95 2.04103e-26 1.07692e-13 -9.35918e-14 7.3062e-15 0.257938 0.124153 7.81234 0.671033 0.243073 0.946697 1
0.96 2.58702e-26 1.21236e-13 -1.0536e-13 8.43787e-15 0.253953 0.121662 7.84672 0.675036 0.239254 0.947889 1
0.97 3.29954e-26 1.37002e-13 -1.18905e-13 9.36009e-15 0.250002 0.11921 7.88077 0.679002 0.23547 0.949059 1
0.98 4.22504e-26 1.54765e-13 -1.34892e-13 1.01145e-14 0.246087 0.116798 7.91451 0.682932 0.231721 0.950207 1
0.99 5.39771e-26 1.7486e-13 -1.52545e-13 1.14547e-14 0.242205 0.114423 7.94793 0.686827 0.228007 0.951334 1
1 6.84515e-26 1.96954e-13 -1.71752e-13 1.27364e-14 0.238358 0.112085 7.98105 0.690686 0.224328 0.952441 1
1.01 8.80169e-26 2.23266e-13 -1.94844e-13 1.43202e-14 0.234544 0.109784 8.01387 0.694511 0.220682 0.953528 1
1.02 1.11433e-25 2.51132e-13 -2.1938e-13 1.54143e-14 0.230763 0.107518 8.04638 0.698302 0.217069 0.954595 1
1.03 1.42104e-25 2.8344e-13 -2.47913e-13 1.74512e-14 0.227014 0.105288 8.0786 0.702059 0.213489 0.955642 1
1.04 1.80896e-25 3.19855e-13 -2.79665e-13 1.93792e-14 0.223297 0.103093 8.11053 0.705783 0.209941 0.95667 1
1.05 2.32906e-25 3.6271e-13 -3.17635e-13 2.13451e-14 0.219612 0.100931 8.14217 0.709474 0.206425 0.95768 1
1.06 2.98854e-25 4.10783e-13 -3.59934e-13 2.36379e-14 0.215958 0.0988031 8.17353 0.713133 0.202941 0.958672 1
1.07 3.83116e-25 4.65072e-13 -4.07563e-13 2.67571e-14 0.212335 0.0967076 8.20461 0.716759 0.199488 0.959646 1
1.08 4.90704e-25 5.26135e-13 -4.6152e-13 2.9756e-14 0.208743 0.0946442 8.23541 0.720354 0.196065 0.960602 1
1.09 6.30673e-25 5.96301e-13 -5.2347e-13 3.28239e-14 0.20518 0.0926124 8.26595 0.723917 0.192673 0.961541 1
1.1 8.13993e-25 6.77236e-13 -5.94969e-13 3.6834e-14 0.201647 0.0906116 8.29621 0.72745 0.18931 0.962463 1
1.11 1.04723e-24 7.67941e-13 -6.75127e-13 4.12165e-14 0.198143 0.0886412 8.32621 0.730951 0.185977 0.963369 1
1.12 1.35212e-24 8.72302e-13 -7.67497e-13 4.6472e-14 0.194669 0.0867007 8.35595 0.734423 0.182672 0.964258 1
1.13 1.7507e-24 9.92206e-13 -8.73857e-13 5.09822e-14 0.191222 0.0847895 8.38543 0.737865 0.179396 0.965131 1
1.14 2.26933e-24 1.12943e-12 -9.95204e-13 5.73559e-14 0.187804 0.0829073 8.41466 0.741277 0.176149 0.965989 1
1.15 2.93935e-24 1.28486e-12 -1.13332e-12 6.38783e-14 0.184414 0.0810533 8.44364 0.744661 0.172929 0.966832 1
1.16 3.82237e-24 1.46494e-12 -1.29274e-12 7.16781e-14 0.181051 0.0792273 8.47237 0.748015 0.169737 0.967659 1
1.17 4.9778e-24 1.67133e-12 -1.47582e-12 8.01152e-14 0.177715 0.0774285 8.50085 0.751341 0.166572 0.968472 1
1.18 6.50666e-24 1.91014e-12 -1.68821e-12 8.93795e-14 0.174406 0.0756567 8.52909 0.754639 0.163434 0.96927 1
1.19 8.50289e-24 2.18303e-12 -1.93057e-12 1.00875e-13 0.171124 0.0739113 8.5571 0.75791 0.160322 0.970054 1
1.2 1.11237e-23 2.49611e-12 -2.20912e-12 1.13408e-13 0.167867 0.0721919 8.58487 0.761153 0.157237 0.970825 1
1.21 1.46318e-23 2.86193e-12 -2.53475e-12 1.27241e-13 0.164637 0.070498 8.61241 0.764368 0.154177 0.971581 1
1.22 1.92766e-23 3.28393e-12 -2.91067e-12 1.42778e-13 0.161432 0.0688292 8.63972 0.767558 0.151143 0.972324 1
1.23 2.54554e-23 3.77287e-12 -3.34588e-12 1.60962e-13 0.158252 0.0671851 8.6668 0.77072 0.148134 0.973054 1
1.24 3.36879e-23 4.33908e-12 -3.85059e-12 1.82337e-13 0.155097 0.0655652 8.69366 0.773856 0.145149 0.973771 1
1.25 4.47126e-23 4.99734e-12 -4.43812e-12 2.05852e-13 0.151967 0.0639691 8.72029 0.776967 0.142189 0.974475 1
1.26 5.94851e-23 5.76239e-12 -5.12113e-12 2.32349e-13 0.148861 0.0623965 8.74671 0.780052 0.139254 0.975166 1
1.27 7.93783e-23 6.65457e-12 -5.91827e-12 2.63002e-13 0.145779 0.0608469 8.77292 0.783112 0.136342 0.975846 1
1.28 1.06201e-22 7.69484e-12 -6.84852e-12 2.97419e-13 0.142721 0.0593199 8.79891 0.786146 0.133454 0.976513 1
1.29 1.42743e-22 8.91853e-12 -7.94287e-12 3.37368e-13 0.139687 0.0578153 8.82469 0.789157 0.13059 0.977168 1
1.3 1.92173e-22 1.03451e-11 -9.21985e-12 3.833e-13 0.136675 0.0563325 8.85027 0.792142 0.127748 0.977812 1
1.31 2.59785e-22 1.20246e-11 -1.0724e-11 4.36449e-13 0.133687 0.0548713 8.87563 0.795104 0.12493 0.978445 1
1.32 3.52283e-22 1.39986e-11 -1.2493e-11 4.9728e-13 0.130721 0.0534312 8.9008 0.798041 0.122133 0.979066 1
1.33 4.79196e-22 1.63215e-11 -1.45768e-11 5.67818e-13 0.127778 0.052012 8.92577 0.800956 0.119359 0.979676 1
1.34 6.54526e-22 1.90696e-11 -1.70427e-11 6.49007e-13 0.124857 0.0506132 8.95053 0.803846 0.116607 0.980275 1
1.35 8.97133e-22 2.23189e-11 -1.99611e-11 7.42194e-13 0.121957 0.0492347 8.97511 0.806714 0.113877 0.980864 1
1.36 1.23528e-21 2.61823e-11 -2.34317e-11 8.51165e-13 0.11908 0.0478759 8.99948 0.809559 0.111168 0.981442 1
1.37 1.70662e-21 3.07652e-11 -2.75531e-11 9.77249e-13 0.116224 0.0465366 9.02367 0.812381 0.108481 0.98201 1
1.38 2.36854e-21 3.6233e-11 -3.24721e-11 1.12439e-12 0.113389 0.0452166 9.04767 0.815182 0.105814 0.982568 1
1.39 3.30082e-21 4.27608e-11 -3.83491e-11 1.29644e-12 0.110575 0.0439154 9.07148 0.81796 0.103169 0.983115 1
1.4 4.62084e-21 5.05784e-11 -4.53919e-11 1.49698e-12 0.107782 0.0426327 9.09511 0.820716 0.100543 0.983653 1
1.41 6.4993e-21 5.99665e-11 -5.38547e-11 1.73081e-12 0.105009 0.0413684 9.11856 0.823451 0.0979382 0.984182 1
1.42 9.18518e-21 7.12671e-11 -6.40481e-11 2.00531e-12 0.102257 0.040122 9.14182 0.826164 0.0953531 0.984701 1
1.43 6.55346e-26 1.90181e-13 -1.71307e-13 4.41322e-15 0.0995247 0.0388933 9.16491 0.828856 0.0927879 0.985211 1
1.44 1.06639e-25 2.42806e-13 -2.1827e-13 6.51262e-15 0.0968122 0.037682 9.18782 0.831528 0.0902422 0.985711 1
1.45 1.70889e-25 3.07421e-13 -2.76223e-13 9.03552e-15 0.0941194 0.0364878 9.21056 0.834179 0.0877159 0.986203 1
1.46 2.73949e-25 3.88578e-13 -3.50497e-13 1.03529e-14 0.091446 0.0353104 9.23312 0.836809 0.0852087 0.986686 1
1.47 4.44658e-25 4.94493e-13 -4.47198e-13 1.21984e-14 0.0887918 0.0341497 9.25552 0.839419 0.0827204 0.98716 1
1.48 7.41899e-25 6.39155e-13 -5.77205e-13 1.46321e-14 0.0861566 0.0330053 9.27774 0.842009 0.0802509 0.987626 1
1.49 1.25005e-24 8.30114e-13 -7.48734e-13 1.89559e-14 0.0835402 0.031877 9.2998 0.84458 0.0777998 0.988083 1
1.5 2.08931e-24 1.07236e-12 -9.68892e-13 2.43188e-14 0.0809424 0.0307644 9.3217 0.847131 0.075367 0.988532 1
1.51 3.55717e-24 1.39899e-12 -1.26454e-12 3.02748e-14 0.078363 0.0296675 9.34343 0.849662 0.0729524 0.988973 1
1.52 6.09704e-24 1.83087e-12 -1.65634e-12 3.85901e-14 0.0758018 0.0285858 9.365 0.852175 0.0705556 0.989406 1
1.53 1.05333e-23 2.4053e-12 -2.17837e-12 5.01461e-14 0.0732586 0.0275193 9.38641 0.854669 0.0681765 0.989831 1
1.54 1.84609e-23 3.18312e-12 -2.88525e-12 6.27926e-14 0.0707333 0.0264676 9.40767 0.857143 0.0658149 0.990248 1
1.55 3.2766e-23 4.23972e-12 -3.84504e-12 8.07215e-14 0.0682256 0.0254305 9.42876 0.8596 0.0634706 0.990658 1
1.56 5.87391e-23 5.67468e-12 -5.15032e-12 1.06017e-13 0.0657354 0.0244078 9.44971 0.862038 0.0611434 0.99106 1
1.57 1.06998e-22 7.65787e-12 -6.95244e-12 1.35915e-13 0.0632625 0.0233993 9.4705 0.864458 0.0588332 0.991455 1
1.58 1.96877e-22 1.03838e-11 -9.43512e-12 1.78403e-13 0.0608066 0.0224048 9.49114 0.86686 0.0565398 0.991843 1
1.59 3.67279e-22 1.41773e-11 -1.28929e-11 2.34667e-13 0.0583677 0.021424 9.51163 0.869244 0.0542629 0.992224 1
1.6 6.9556e-22 1.95038e-11 -1.775e-11 3.11332e-13 0.0559456 0.0204567 9.53198 0.87161 0.0520024 0.992597 1
1.61 1.33868e-21 2.70506e-11 -2.46327e-11 4.11892e-13 0.0535401 0.0195027 9.55218 0.87396 0.0497581 0.992964 1
1.62 2.6167e-21 3.78079e-11 -3.44523e-11 5.51667e-13 0.0511509 0.0185619 9.57223 0.876292 0.0475299 0.993324 1
1.63 5.19907e-21 5.32742e-11 -4.85837e-11 7.46347e-13 0.0487781 0.017634 9.59214 0.878607 0.0453176 0.993677 1
1.64 1.09535e-25 2.44804e-13 -2.22711e-13 2.39405e-15 0.0464213 0.0167188 9.61191 0.880905 0.043121 0.994024 1
1.65 2.75789e-25 3.88134e-13 -3.53717e-13 5.03802e-15 0.0440805 0.0158161 9.63154 0.883186 0.04094 0.994364 1
1.66 7.34897e-25 6.34492e-13 -5.76428e-13 6.88991e-15 0.0417554 0.0149258 9.65103 0.885451 0.0387743 0.994698 1
1.67 1.90852e-24 1.01852e-12 -9.33253e-13 1.34803e-14 0.0394459 0.0140476 9.67038 0.8877 0.0366239 0.995026 1
1.68 5.46193e-24 1.72617e-12 -1.57541e-12 1.84682e-14 0.0371519 0.0131815 9.6896 0.889932 0.0344885 0.995347 1
1.69 1.55859e-23 2.91112e-12 -2.66653e-12 3.00326e-14 0.0348732 0.0123271 9.70869 0.892149 0.0323681 0.995663 1
1.7 4.71598e-23 5.06417e-12 -4.63807e-12 4.767e-14 0.0326097 0.0114843 9.72764 0.894349 0.0302624 0.995972 1
1.71 1.48042e-22 8.96783e-12 -8.22276e-12 8.05825e-14 0.0303612 0.010653 9.74646 0.896534 0.0281714 0.996276 1
1.72 4.87755e-22 1.62718e-11 -1.49321e-11 1.34231e-13 0.0281275 0.00983297 9.76515 0.898703 0.0260948 0.996573 1
1.73 1.69127e-21 3.02887e-11 -2.78175e-11 2.33248e-13 0.0259086 0.00902404 9.78371 0.900857 0.0240325 0.996866 1
1.74 6.20422e-21 5.79907e-11 -5.33023e-11 4.12003e-13 0.0237042 0.00822605 9.80214 0.902996 0.0219844 0.997152 1
1.75 5.0236e-25 5.2236e-13 -4.79061e-13 5.59761e-16 0.0215142 0.00743886 9.82045 0.90512 0.0199503 0.997433 1
1.76 3.13554e-24 1.30074e-12 -1.20148e-12 7.63679e-15 0.0193386 0.00666228 9.83863 0.907229 0.0179301 0.997709 1
1.77 2.27945e-23 3.50719e-12 -3.23941e-12 1.84325e-14 0.0171771 0.00589618 9.85669 0.909323 0.0159237 0.997979 1
1.78 1.93939e-22 1.02455e-11 -9.43223e-12 4.32816e-14 0.0150296 0.00514039 9.87462 0.911402 0.0139308 0.998244 1
1.79 1.91316e-21 3.21515e-11 -2.96552e-11 1.2936e-13 0.012896 0.00439476 9.89244 0.913467 0.0119514 0.998504 1
1.8 8.01049e-25 6.68132e-13 -5.95524e-13 -4.18897e-16 0.0107762 0.00365915 9.91013 0.915518 0.00998539 0.998758 1
1.81 2.5601e-23 3.71925e-12 -3.43048e-12 1.30939e-15 0.00866995 0.00293342 9.92771 0.917554 0.00803256 0.999008 1
1.82 1.60099e-21 2.93899e-11 -2.71517e-11 8.0802e-14 0.00657723 0.0022174 9.94516 0.919576 0.0060928 0.999253 1
1.83 1.87719e-23 3.18823e-12 -2.93376e-12 1.19778e-14 0.00449787 0.00151098 9.96251 0.921585 0.00416599 0.999492 1
1.84 8.41494e-24 2.16815e-12 -1.92713e-12 -1.53759e-14 0.00243175 0.000814002 9.97973 0.92358 0.002252 0.999728 1
1.85 4.13618e-15 4.71895e-08 -4.36959e-08 9.06769e-12 0.000193197 6.44205e-05 9.99839 0.925286 0.000178888 0.999489 0
1.86 5.09502e-06 0.00153234 0.00165666 -4.92022e-05 8.47462e-10 2.81552e-10 10.0166 0.925386 7.84626e-10 0.999495 1
1.87 2.19865e-05 0.00318206 0.0034394 -0.000177543 8.47072e-10 2.80415e-10 10.0344 0.925386 7.84265e-10 0.999495 1
1.88 5.04634e-05 0.00481995 0.00520946 -0.000304948 8.46981e-10 2.79386e-10 10.0521 0.925386 7.84181e-10 0.999495 1
1.89 9.0279e-05 0.00644636 0.00696686 -0.000431593 8.46981e-10 2.78393e-10 10.0697 0.925386 7.84181e-10 0.999495 1
1.9 0.000141189 0.00806105 0.00871194 -0.000557138 7.68057e-10 2.51558e-10 10.0871 0.925386 7.11108e-10 0.999495 1
1.91 0.00020296 0.00966476 0.0104445 -0.000681936 7.64265e-10 2.49434e-10 10.1044 0.925386 7.07598e-10 0.999495 1
1.92 0.000275354 0.0112568 0.0121651 -0.000805842 7.4769e-10 2.43166e-10 10.1217 0.925386 6.92252e-10 0.999495 1
1.93 5.85395e-08 0.0001305 0.00013593 -0.000151764 1.05822e-09 3.52643e-10 10.0014 0.964607 9.79985e-10 1.04161 1
1.94 6.72982e-06 0.00179045 0.0018569 -0.000275704 1.03997e-09 3.45369e-10 10.0186 0.964607 9.63085e-10 1.04161 1
1.95 2.47033e-05 0.00343922 0.00356596 -0.000398739 1.03997e-09 3.44184e-10 10.0357 0.964607 9.63085e-10 1.04161 1
1.96 5.37461e-05 0.00507651 0.00526344 -0.000520922 1.03591e-09 3.4167e-10 10.0526 0.964607 9.59332e-10 1.04161 1
1.97 9.36313e-05 0.00670266 0.00694933 -0.000642235 1.03591e-09 3.40505e-10 10.0695 0.964607 9.59331e-10 1.04161 1
1.98 0.000144138 0.0083179 0.00862371 -0.000762863 1.02745e-09 3.36577e-10 10.0862 0.964607 9.51493e-10 1.04161 1
1.99 0.000205045 0.00992203 0.0102868 -0.000882481 1.00947e-09 3.29567e-10 10.1029 0.964607 9.34841e-10 1.04161 1
2 2.97097e-08 0.000121642 0.000121728 9.75708e-06 1.17981e-08 3.93175e-09 10.0012 0.999635 1.0924e-08 1.07963 1
2.01 6.36528e-06 0.00178195 0.00178266 -0.000109835 1.12155e-08 3.72518e-09 10.0178 0.999635 1.03845e-08 1.07963 1
2.02 1.56436e-09 2.65822e-05 2.64006e-05 -1.26789e-05 1.07949e-08 3.59812e-09 10.0003 1.00992 9.99541e-09 1.0907 1
2.03 5.65772e-06 0.0016876 0.00167109 -0.000131098 1.07949e-08 3.58628e-09 10.0167 1.00992 9.99541e-09 1.0907 1
2.04 2.21252e-05 0.00333772 0.003305 -0.000248737 1.07624e-08 3.56376e-09 10.033 1.00992 9.96532e-09 1.0907 1
2.05 4.91913e-05 0.00497691 0.00492828 -0.000365624 2.92696e-09 9.66038e-10 10.0493 1.00992 2.71018e-09 1.0907 1
2.06 8.65253e-05 0.00658733 0.00654979 -0.000482338 2.717e-11 8.93829e-12 10.0655 1.00992 2.51578e-11 1.0907 1
2.07 0.00013422 0.00821475 0.00814741 -0.000597804 2.717e-11 8.90923e-12 10.0815 1.00992 2.51578e-11 1.0907 1
2.08 0.000181108 0.0085636 0.0103444 -0.000875575 4.21643e-13 1.37924e-13 10.1034 1.00992 3.90498e-13 1.0907 1
2.09 1.37835e-16 1.03363e-08 -3.79995e-09 -4.06884e-09 2.56288e-09 8.54294e-10 10 1.045 2.37304e-09 1.1286 0
2.1 7.04081e-10 1.84058e-05 1.76695e-05 -7.28676e-06 4.17392e-09 1.39126e-09 10.0002 1.04994 3.86477e-09 1.13393 1
2.11 5.38889e-06 0.00167597 0.00160168 -0.000121074 1.22269e-10 4.0626e-11 10.016 1.04994 1.13213e-10 1.13393 1
2.12 2.11951e-05 0.0033265 0.00317406 -0.000234224 1.22269e-10 4.04979e-11 10.0317 1.04994 1.13213e-10 1.13393 1
2.13 4.7215e-05 0.00496524 0.00473721 -0.000346655 1.02878e-10 3.3968e-11 10.0474 1.04994 9.52579e-11 1.13393 1
2.14 8.32637e-05 0.0065944 0.00629024 -0.000458824 8.40324e-11 2.76587e-11 10.0629 1.04994 7.78083e-11 1.13393 1
2.15 0.000129168 0.00821551 0.00783255 -0.00056981 8.40308e-11 2.75717e-11 10.0783 1.04994 7.78068e-11 1.13393 1
2.16 3.18275e-08 0.000120561 0.000111816 -6.92093e-05 5.30365e-09 1.76749e-09 10.0011 1.07964 4.91112e-09 1.16593 1
2.17 5.92848e-06 0.00178137 0.0016501 -0.000179949 4.37223e-09 1.4526e-09 10.0165 1.07964 4.04863e-09 1.16593 1
2.18 2.19684e-05 0.003432 0.00317893 -0.000290027 4.37133e-09 1.44785e-09 10.0318 1.07964 4.04781e-09 1.16593 1
2.19 4.79256e-05 0.00506569 0.00470155 -0.000399893 7.26666e-11 2.39947e-11 10.047 1.07964 6.72885e-11 1.16593 1
2.2 1.4971e-08 6.09866e-05 8.9064e-05 -5.76127e-05 1.75824e-11 5.85991e-12 10.0009 1.09974 1.62809e-11 1.18765 1
2.21 6.84899e-18 -8.49203e-10 2.4726e-09 -1.18655e-10 3.46509e-09 1.15503e-09 10 1.105 3.20842e-09 1.1934 1
2.22 8.07504e-10 2.04259e-05 1.84458e-05 -7.07364e-06 1.64747e-08 5.49135e-09 10.0002 1.10994 1.52544e-08 1.19873 1
2.23 5.13873e-06 0.00168197 0.00151543 -0.000114852 1.2673e-08 4.21151e-09 10.0152 1.10994 1.17343e-08 1.19873 1
2.24 2.0183e-05 0.0033336 0.00300347 -0.00022199 1.2673e-08 4.19894e-09 10.03 1.10994 1.17343e-08 1.19873 1
2.25 4.49568e-05 0.00497542 0.00448264 -0.000328491 1.2673e-08 4.18645e-09 10.0448 1.10994 1.17343e-08 1.19873 1
2.26 2.23883e-09 2.95525e-05 3.50015e-05 -1.18479e-05 5.08493e-11 1.69487e-11 10.0004 1.12989 4.70832e-11 1.22027 1
2.27 5.14018e-06 0.00169107 0.00150555 -0.000117482 5.08493e-11 1.68989e-11 10.0151 1.12989 4.70832e-11 1.22027 1
2.28 2.00162e-05 0.0033396 0.00296889 -0.000221407 4.99019e-11 1.65354e-11 10.0297 1.12989 4.62059e-11 1.22027 1
2.29 4.44602e-05 0.00497838 0.0044237 -0.00032681 4.98435e-11 1.64678e-11 10.0442 1.12989 4.61519e-11 1.22027 1
2.3 7.83204e-05 0.00660988 0.00586903 -0.000429349 3.09048e-11 1.01808e-11 10.0587 1.12989 2.86158e-11 1.22027 1
2.31 1.94706e-16 1.28471e-08 -5.4457e-09 -3.38336e-11 5.64296e-09 1.88099e-09 10 1.155 5.22497e-09 1.2474 0
2.32 4.84261e-06 0.00166176 0.0014389 -0.000103607 5.64134e-09 1.87504e-09 10.0144 1.155 5.22346e-09 1.2474 1
2.33 1.92598e-05 0.00331408 0.0028695 -0.000206602 5.64134e-09 1.86966e-09 10.0287 1.155 5.22346e-09 1.2474 1
2.34 4.30786e-05 0.00495556 0.00429249 -0.000309101 3.73423e-10 1.23406e-10 10.0429 1.155 3.45762e-10 1.2474 1
2.35 2.49236e-08 9.61697e-05 8.19157e-05 -9.46825e-05 1.1152e-08 3.71674e-09 10.0008 1.17471 1.0327e-08 1.26856 1
2.36 5.3664e-06 0.00175758 0.00149622 -0.000196509 1.1152e-08 3.70622e-09 10.015 1.17471 1.0327e-08 1.26856 1
2.37 2.01389e-05 0.00340959 0.00290256 -0.000297754 1.1152e-08 3.69576e-09 10.029 1.17471 1.0327e-08 1.26856 1
2.38 4.41835e-05 0.00505237 0.00430097 -0.00039843 1.10606e-08 3.65515e-09 10.043 1.17471 1.02423e-08 1.26856 1
2.39 7.04311e-09 6.17272e-05 5.16921e-05 -2.36809e-05 1.31366e-08 4.3784e-09 10.0005 1.19481 1.21638e-08 1.29037 1
2.4 5.06601e-06 0.00172337 0.00144246 -0.000123816 1.04213e-08 3.46374e-09 10.0144 1.19481 9.64954e-09 1.29037 1
2.41 1.94296e-05 0.00337584 0.00282549 -0.000223383 9.33211e-09 3.09312e-09 10.0283 1.19481 8.64103e-09 1.29037 1
2.42 4.29431e-05 0.00501915 0.00420087 -0.000322407 9.33211e-09 3.08457e-09 10.042 1.19481 8.64103e-09 1.29037 1
2.43 7.54551e-05 0.00665342 0.00556866 -0.000420889 9.30474e-09 3.06704e-09 10.0557 1.19481 8.61569e-09 1.29037 1
2.44 0.000116816 0.00827868 0.00692893 -0.000518824 7.89523e-09 2.59527e-09 10.0693 1.19481 7.31056e-09 1.29037 1
2.45 0.000166878 0.00989502 0.00828173 -0.000616223 7.89523e-09 2.58815e-09 10.0828 1.19481 7.31056e-09 1.29037 1
2.46 0.000225498 0.0115025 0.00962713 -0.000713103 7.89523e-09 2.58107e-09 10.0963 1.19481 7.31056e-09 1.29037 1
2.47 2.73507e-08 7.97735e-05 6.46666e-05 -0.000129635 1.78814e-08 5.9597e-09 10.0006 1.23476 1.65592e-08 1.33336 1
2.48 5.07366e-06 0.00174152 0.00141047 -0.000226519 1.78814e-08 5.94365e-09 10.0141 1.23476 1.65592e-08 1.33336 1
2.49 1.91769e-05 0.00339298 0.00274959 -0.000323035 4.62816e-10 1.53424e-10 10.0275 1.23476 4.28593e-10 1.33336 1
2.5 4.21992e-05 0.0050367 0.00408111 -0.000418855 4.62816e-10 1.53013e-10 10.0408 1.23476 4.28593e-10 1.33336 1
2.51 6.32335e-08 0.000117171 9.36462e-05 -0.000201828 3.08908e-09 1.0295e-09 10.0009 1.25465 2.86088e-09 1.35473 1
2.52 5.2631e-06 0.00177874 0.00141805 -0.000297207 2.37423e-09 7.89167e-10 10.0142 1.25465 2.19884e-09 1.35473 1
2.53 1.94122e-05 0.00343161 0.00273542 -0.000392025 2.3722e-09 7.86409e-10 10.0274 1.25465 2.19696e-09 1.35473 1
2.54 4.23687e-05 0.00507574 0.00404586 -0.000486342 2.3722e-09 7.84337e-10 10.0405 1.25465 2.19696e-09 1.35473 1
2.55 7.39941e-05 0.0067113 0.00534938 -0.000580159 2.34441e-09 7.73109e-10 10.0535 1.25465 2.17122e-09 1.35473 1
2.56 0.000114149 0.00833811 0.00664614 -0.000673521 1.95387e-09 6.42633e-10 10.0665 1.25465 1.80953e-09 1.35473 1
2.57 2.85479e-08 0.000133071 0.000103625 1.00919e-05 2.31544e-08 7.71653e-09 10.001 1.2846 2.14388e-08 1.3874 1
2.58 5.17974e-06 0.00179465 0.00139717 -8.30414e-05 4.42294e-09 1.47019e-09 10.014 1.2846 4.09523e-09 1.3874 1
2.59 1.91213e-05 0.00344766 0.00268405 -0.000175678 4.42294e-09 1.4664e-09 10.0268 1.2846 4.09523e-09 1.3874 1
2.6 4.535e-09 5.32748e-05 4.10543e-05 3.36726e-06 9.53233e-09 3.17718e-09 10.0004 1.29984 8.82617e-09 1.40384 1
2.61 4.69221e-06 0.00171538 0.00131979 -8.87008e-05 9.53233e-09 3.16906e-09 10.0132 1.29984 8.82617e-09 1.40384 1
2.62 1.88861e-09 3.2835e-05 2.51426e-05 -1.33539e-05 1.07724e-08 3.59064e-09 10.0003 1.3099 9.97462e-09 1.41468 1
2.63 4.55906e-06 0.00169507 0.00129416 -0.000104716 7.68391e-09 2.55468e-09 10.0129 1.3099 7.11483e-09 1.41468 1
2.64 1.77907e-05 0.00334897 0.00255672 -0.000195619 7.68391e-09 2.54821e-09 10.0256 1.3099 7.11483e-09 1.41468 1
2.65 3.39387e-09 4.39412e-05 3.32182e-05 -1.8963e-05 1.55325e-08 5.17716e-09 10.0003 1.32487 1.43822e-08 1.43083 1
2.66 4.58169e-06 0.00170619 0.00128789 -0.000109302 1.55325e-08 5.16417e-09 10.0129 1.32487 1.43822e-08 1.43083 1
2.67 1.7763e-05 0.00336017 0.00253626 -0.000199184 1.55325e-08 5.15124e-09 10.0254 1.32487 1.43822e-08 1.43083 1
2.68 3.93899e-05 0.00500192 0.00377986 -0.000288739 2.53028e-10 8.37053e-11 10.0378 1.32487 2.34289e-10 1.43083 1
2.69 6.93055e-05 0.00663136 0.0050188 -0.000377032 5.94548e-11 1.96196e-11 10.0502 1.32487 5.50518e-11 1.43083 1
2.7 0.000107423 0.00825406 0.00625106 -0.00046603 5.84054e-11 1.92255e-11 10.0625 1.32487 5.40801e-11 1.43083 1
2.71 0.000153699 0.00987519 0.00747481 -0.000553767 5.84054e-11 1.91778e-11 10.0747 1.32487 5.40801e-11 1.43083 1
2.72 0.000148685 0.0052527 0.010985 -0.000650889 1.37409e-13 4.51146e-14 10.1099 1.32487 1.27246e-13 1.43083 1
2.73 5.74359e-09 5.24404e-05 -1.92067e-05 5.12318e-05 2.06387e-12 6.87901e-13 9.99981 1.365 1.91087e-12 1.4742 1
2.74 3.62188e-13 5.40215e-07 -1.96938e-07 -1.77683e-07 5.63775e-11 1.87925e-11 10 1.37 5.22014e-11 1.4796 0
2.75 2.72422e-17 2.65431e-09 4.48145e-09 3.36794e-10 2.43147e-08 8.10489e-09 10 1.375 2.25136e-08 1.485 1
2.76 4.23396e-06 0.00166259 0.00120921 -8.70608e-05 2.24083e-08 7.45136e-09 10.0121 1.375 2.07484e-08 1.485 1
2.77 1.68544e-05 0.00331719 0.00241257 -0.000173702 2.24083e-08 7.43339e-09 10.0241 1.375 2.07484e-08 1.485 1
2.78 3.77369e-05 0.00496339 0.00361028 -0.0002599 1.28314e-09 4.24624e-10 10.0361 1.375 1.18809e-09 1.485 1
2.79 6.67657e-05 0.00660193 0.00480216 -0.000345725 1.28208e-09 4.23255e-10 10.048 1.375 1.18711e-09 1.485 1
2.8 3.88693e-08 0.000154295 0.000110305 -5.3807e-05 2.1737e-08 7.24406e-09 10.0011 1.39954 2.01278e-08 1.51142 1
2.81 5.00141e-06 0.00181585 0.00129795 -0.000139289 2.18863e-09 7.2765e-10 10.013 1.39954 2.02661e-09 1.51142 1
2.82 1.82401e-05 0.00346987 0.00247987 -0.000224429 2.18858e-09 7.25908e-10 10.0248 1.39954 2.02656e-09 1.51142 1
2.83 3.96378e-05 0.00511611 0.00365618 -0.000309114 2.18858e-09 7.24191e-10 10.0366 1.39954 2.02656e-09 1.51142 1
2.84 6.90787e-05 0.0067546 0.00482694 -0.000393338 2.18741e-09 7.22097e-10 10.0483 1.39954 2.02548e-09 1.51142 1
2.85 0.000106452 0.00838565 0.00599209 -0.000477228 2.18733e-09 7.20372e-10 10.0599 1.39954 2.02541e-09 1.51142 1
2.86 0.00015162 0.0100075 0.0071523 -0.000560765 6.86299e-10 2.25494e-10 10.0715 1.39954 6.35494e-10 1.51142 1
2.87 0.000204507 0.0116229 0.00830669 -0.000644017 6.23432e-10 2.04359e-10 10.0831 1.39954 5.77281e-10 1.51142 1
2.88 0.000265002 0.0132313 0.00945548 -0.000726711 6.23432e-10 2.03881e-10 10.0946 1.39954 5.77281e-10 1.51142 1
2.89 0.000332941 0.0148302 0.0105996 -0.000808817 3.446e-10 1.12432e-10 10.106 1.39954 3.1909e-10 1.51142 1
2.9 0.000408211 0.0164199 0.011739 -0.000891072 1.15817e-10 3.76997e-11 10.1174 1.39954 1.07244e-10 1.51142 1
2.91 0.000490705 0.0180008 0.0128736 -0.000972478 1.15817e-10 3.76122e-11 10.1287 1.39954 1.07244e-10 1.51142 1
2.92 0.000580511 0.0195798 0.0140011 -0.00105357 1.15817e-10 3.75251e-11 10.14 1.39954 1.07244e-10 1.51142 1
2.93 0.000676891 0.0211359 0.0151287 -0.0011335 4.45636e-11 1.44054e-11 10.1513 1.39954 4.12647e-11 1.51142 1
2.94 0.00078069 0.0226998 0.016246 -0.00121551 4.45634e-11 1.43722e-11 10.1625 1.39954 4.12646e-11 1.51142 1
2.95 0.000891405 0.0242577 0.0173577 -0.00129452 4.4456e-11 1.43046e-11 10.1736 1.39954 4.11651e-11 1.51142 1
2.96 0.000987024 0.0252392 0.0186567 -0.00139044 2.15357e-12 6.91511e-13 10.1866 1.39954 1.9942e-12 1.51142 1
2.97 0.00111497 0.0269087 0.0197153 -0.00148179 2.13343e-12 6.83456e-13 10.1972 1.39954 1.97557e-12 1.51142 1
2.98 3.20989e-17 -2.80504e-09 9.505e-10 -4.82983e-09 1.13567e-08 3.78555e-09 10 1.49 1.05154e-08 1.6092 1
2.99 9.79675e-10 2.49275e-05 1.67473e-05 -8.82182e-06 1.71934e-08 5.73095e-09 10.0002 1.49493 1.592e-08 1.61451 1
3 4.13083e-06 0.0016876 0.00112912 -8.89098e-05 5.74938e-09 1.91213e-09 10.0113 1.49493 5.32355e-09 1.61451 1
3.01 1.62066e-05 0.00334308 0.00223651 -0.000168641 5.74938e-09 1.90789e-09 10.0224 1.49493 5.32355e-09 1.61451 1
3.02 3.61225e-05 0.0049912 0.003339 -0.000248019 5.74938e-09 1.90366e-09 10.0334 1.49493 5.32355e-09 1.61451 1
3.03 6.37749e-05 0.00663209 0.00443659 -0.000327047 5.74938e-09 1.89946e-09 10.0444 1.49493 5.32355e-09 1.61451 1
3.04 9.90611e-05 0.00826576 0.00552934 -0.000405722 4.69865e-09 1.5489e-09 10.0553 1.49493 4.35063e-09 1.61451 1
3.05 0.000141876 0.00989206 0.00661735 -0.000484044 4.69768e-09 1.54517e-09 10.0662 1.49493 4.34974e-09 1.61451 1
3.06 0.000192126 0.0115114 0.00770052 -0.000562031 4.69658e-09 1.54141e-09 10.077 1.49493 4.34872e-09 1.61451 1
3.07 0.000249707 0.0131235 0.00877897 -0.000639676 4.69658e-09 1.53804e-09 10.0878 1.49493 4.34872e-09 1.61451 1
3.08 0.000314492 0.0147273 0.00985313 -0.00071693 7.45856e-10 2.4372e-10 10.0985 1.49493 6.90614e-10 1.61451 1
3.09 0.000386435 0.0163251 0.0109223 -0.000793975 6.16338e-10 2.00959e-10 10.1092 1.49493 5.70688e-10 1.61451 1
3.1 0.000465202 0.0179081 0.0119893 -0.000870615 1.40443e-10 4.56922e-11 10.1199 1.49493 1.30041e-10 1.61451 1
3.11 0.000551251 0.0194964 0.0130478 -0.000946531 1.34376e-10 4.36233e-11 10.1305 1.49493 1.24423e-10 1.61451 1
3.12 3.1823e-07 0.000474271 0.000304341 -2.59589e-05 5.14174e-08 1.71287e-08 10.003 1.55858 4.7609e-08 1.68325 1
3.13 6.44751e-06 0.00213536 0.00137011 -0.000102694 5.14172e-08 1.70921e-08 10.0137 1.55858 4.76087e-08 1.68325 1
3.14 2.03029e-05 0.00378938 0.00243135 -0.000179103 5.14126e-08 1.70542e-08 10.0243 1.55858 4.76045e-08 1.68325 1
3.15 4.17859e-05 0.00543636 0.00348808 -0.00025519 5.02058e-08 1.66185e-08 10.0349 1.55858 4.64871e-08 1.68325 1
3.16 7.07992e-05 0.00707638 0.00454033 -0.000330951 5.02058e-08 1.65833e-08 10.0454 1.55858 4.64871e-08 1.68325 1
3.17 0.000107246 0.00870943 0.00558812 -0.000406387 3.74001e-08 1.23274e-08 10.0559 1.55858 3.46299e-08 1.68325 1
3.18 0.000151034 0.0103356 0.0066315 -0.000481508 3.71928e-08 1.22332e-08 10.0663 1.55858 3.4438e-08 1.68325 1
3.19 0.000202065 0.0119549 0.00767048 -0.000556305 1.54676e-08 5.07677e-09 10.0767 1.55858 1.43219e-08 1.68325 1
3.2 0.000260252 0.0135674 0.00870509 -0.000630797 1.54676e-08 5.06611e-09 10.0871 1.55858 1.43219e-08 1.68325 1
3.21 0.000325499 0.0151732 0.00973538 -0.000704976 1.54676e-08 5.05548e-09 10.0974 1.55858 1.43219e-08 1.68325 1
3.22 0.00039772 0.0167722 0.0107613 -0.000778853 1.49421e-08 4.8735e-09 10.1076 1.55858 1.38353e-08 1.68325 1
3.23 0.000476824 0.0183646 0.011783 -0.00085241 1.49414e-08 4.8631e-09 10.1178 1.55858 1.38347e-08 1.68325 1
3.24 0.000562723 0.0199503 0.0128004 -0.000925656 1.33558e-08 4.33795e-09 10.128 1.55858 1.23665e-08 1.68325 1
3.25 0.000655183 0.0215252 0.0138149 -0.000998437 2.83896e-10 9.20178e-11 10.1381 1.55858 2.62868e-10 1.68325 1
3.26 0.000719469 0.0221297 0.0151209 -0.00105174 1.59071e-12 5.14664e-13 10.1512 1.55858 1.47287e-12 1.68325 1
3.27 0.000813959 0.0234509 0.0161996 -0.00126001 7.37798e-13 2.38271e-13 10.162 1.55858 6.83251e-13 1.68325 1
3.28 0.00089764 0.0243664 0.0173955 -0.00114746 6.53515e-13 2.10612e-13 10.174 1.55858 6.05075e-13 1.68325 1
3.29 5.67492e-14 2.20509e-07 -6.7017e-08 -6.02823e-08 6.17721e-11 2.05907e-11 10 1.645 5.71964e-11 1.7766 0
3.3 2.87276e-06 0.00125878 0.0011337 -5.42808e-05 2.3673e-12 7.87588e-13 10.0113 1.645 2.19191e-12 1.7766 1
3.31 9.30795e-15 8.93903e-08 -2.69842e-08 -2.42728e-08 6.93076e-11 2.31025e-11 10 1.655 6.41737e-11 1.7874 0
3.32 3.71994e-06 0.00164032 0.00101195 -7.22969e-05 6.88573e-11 2.29065e-11 10.0101 1.655 6.37568e-11 1.7874 1
3.33 1.501e-05 0.00330943 0.00200918 -0.000144445 6.88573e-11 2.28604e-11 10.0201 1.655 6.37568e-11 1.7874 1
3.34 4.61302e-08 0.000143484 8.74895e-05 -0.000133747 7.87505e-10 2.62456e-10 10.0009 1.66956 7.29275e-10 1.80287 1
3.35 1.95742e-09 3.76213e-05 2.25911e-05 5.62988e-06 7.04021e-09 2.34663e-09 10.0002 1.67489 6.51866e-09 1.80889 1
3.36 3.9286e-06 0.00170082 0.00101562 -6.58764e-05 6.88441e-09 2.29014e-09 10.0102 1.67489 6.3744e-09 1.80889 1
3.37 9.42267e-09 7.97386e-05 4.74189e-05 -2.85634e-05 6.09523e-09 2.03155e-09 10.0005 1.68476 5.64389e-09 1.81949 1
3.38 4.11714e-06 0.00174266 0.00103458 -9.96566e-05 6.08408e-09 2.02383e-09 10.0103 1.68476 5.63356e-09 1.81949 1
3.39 1.56535e-05 0.00339891 0.00201788 -0.000170402 2.37513e-09 7.88515e-10 10.0202 1.68476 2.19925e-09 1.81949 1
3.4 3.45335e-05 0.00504897 0.00299722 -0.000240941 2.36878e-09 7.84862e-10 10.03 1.68476 2.19338e-09 1.81949 1
3.41 6.06666e-05 0.00669228 0.0039728 -0.000311173 2.36878e-09 7.83321e-10 10.0397 1.68476 2.19338e-09 1.81949 1
3.42 9.37e-05 0.00830963 0.00495026 -0.000380642 4.68061e-11 1.54479e-11 10.0495 1.68476 4.33402e-11 1.81949 1
3.43 8.79699e-08 0.000255814 0.00014938 -1.46518e-05 9.25749e-09 3.08491e-09 10.0015 1.71423 8.57179e-09 1.85136 1
3.44 4.93934e-06 0.00191825 0.00111917 -8.44758e-05 9.25749e-09 3.07892e-09 10.0112 1.71423 8.57179e-09 1.85136 1
3.45 1.7147e-05 0.00357424 0.0020852 -0.000154031 7.58897e-09 2.51911e-09 10.0209 1.71423 7.02685e-09 1.85136 1
3.46 3.66258e-05 0.00522386 0.00304749 -0.000223326 7.49299e-09 2.48244e-09 10.0305 1.71423 6.93798e-09 1.85136 1
3.47 6.32908e-05 0.00686707 0.00400608 -0.000292332 6.62708e-09 2.19133e-09 10.0401 1.71423 6.13621e-09 1.85136 1
3.48 9.70589e-05 0.00850394 0.00496099 -0.00036108 6.62708e-09 2.18711e-09 10.0496 1.71423 6.13621e-09 1.85136 1
3.49 5.77261e-08 0.000207466 0.000118992 -2.2914e-05 9.57549e-08 3.19107e-08 10.0012 1.74438 8.86633e-08 1.8839 1
3.5 4.65509e-06 0.0018701 0.00107212 -9.15253e-05 2.42275e-08 8.05853e-09 10.0107 1.74438 2.24333e-08 1.8839 1
3.51 1.65484e-05 0.00352643 0.00202167 -0.000159895 2.21532e-08 7.35454e-09 10.0202 1.74438 2.05126e-08 1.8839 1
3.52 3.56553e-05 0.00517655 0.0029676 -0.000228002 2.21532e-08 7.34057e-09 10.0297 1.74438 2.05126e-08 1.8839 1
3.53 6.18923e-05 0.00682033 0.00390996 -0.000295849 2.21532e-08 7.32666e-09 10.0391 1.74438 2.05126e-08 1.8839 1
3.54 9.5179e-05 0.00845793 0.00484875 -0.000363443 2.21408e-08 7.3087e-09 10.0485 1.74438 2.05011e-08 1.8839 1
3.55 1.29264e-08 9.17178e-05 5.17208e-05 -4.28856e-05 2.30732e-08 7.69027e-09 10.0005 1.77472 2.1365e-08 1.91662 1
3.56 4.06967e-06 0.00175488 0.000988891 -0.00011036 2.30732e-08 7.67584e-09 10.0099 1.77472 2.1365e-08 1.91662 1
3.57 1.53685e-05 0.00341186 0.00192254 -0.00017758 2.25586e-08 7.49063e-09 10.0192 1.77472 2.08885e-08 1.91662 1
3.58 3.38281e-05 0.00506264 0.00285271 -0.000244549 2.25525e-08 7.4746e-09 10.0285 1.77472 2.08828e-08 1.91662 1
3.59 5.93684e-05 0.00670728 0.0037794 -0.000311268 2.25525e-08 7.46067e-09 10.0378 1.77472 2.08828e-08 1.91662 1
3.6 9.19095e-05 0.00834577 0.00470265 -0.000377737 2.25525e-08 7.44678e-09 10.047 1.77472 2.08828e-08 1.91662 1
3.61 0.000131374 0.00997821 0.00562247 -0.000443961 2.25525e-08 7.43296e-09 10.0562 1.77472 2.08828e-08 1.91662 1
3.62 0.000177683 0.0116046 0.00653888 -0.00050994 2.25525e-08 7.41918e-09 10.0654 1.77472 2.08828e-08 1.91662 1
3.63 0.000230758 0.0132248 0.00745192 -0.000575669 9.2962e-09 3.05255e-09 10.0745 1.77472 8.60796e-09 1.91662 1
3.64 0.000290527 0.0148391 0.00836158 -0.00064117 7.76794e-09 2.54601e-09 10.0836 1.77472 7.19285e-09 1.91662 1
3.65 0.000356916 0.0164476 0.00926786 -0.000706404 7.76776e-09 2.54126e-09 10.0927 1.77472 7.19268e-09 1.91662 1
3.66 0.000429848 0.0180501 0.0101708 -0.000771411 7.76776e-09 2.53658e-09 10.1017 1.77472 7.19268e-09 1.91662 1
3.67 0.000509237 0.0196464 0.0110705 -0.000836159 2.65667e-09 8.65948e-10 10.1107 1.77472 2.45998e-09 1.91662 1
3.68 0.000595011 0.0212365 0.0119671 -0.000900794 1.63607e-09 5.32303e-10 10.1197 1.77472 1.51494e-09 1.91662 1
3.69 0.00068715 0.0228219 0.01286 -0.000965091 1.63607e-09 5.31329e-10 10.1286 1.77472 1.51494e-09 1.91662 1
3.7 0.000785474 0.0243998 0.0137501 -0.00102909 7.07797e-10 2.29444e-10 10.1375 1.77472 6.55396e-10 1.91662 1
3.71 0.000889989 0.0259722 0.0146369 -0.00109296 6.39479e-10 2.0692e-10 10.1464 1.77472 5.92136e-10 1.91662 1
3.72 0.0010007 0.0275408 0.01552 -0.00115656 6.39479e-10 2.06544e-10 10.1552 1.77472 5.92136e-10 1.91662 1
3.73 1.31401e-06 0.000948031 0.000509164 -0.000394968 2.8505e-08 9.49199e-09 10.0051 1.86215 2.6404e-08 2.01032 1
3.74 8.97646e-06 0.00260835 0.00140076 -0.000459144 2.8505e-08 9.47505e-09 10.014 1.86215 2.6404e-08 2.01032 1
3.75 2.36848e-05 0.00426271 0.0022892 -0.000523084 2.85038e-08 9.45777e-09 10.0229 1.86215 2.64029e-08 2.01032 1
3.76 4.53641e-05 0.00591122 0.00317447 -0.000586798 2.85038e-08 9.44094e-09 10.0317 1.86215 2.64029e-08 2.01032 1
3.77 7.39397e-05 0.00755387 0.00405658 -0.000650282 1.95211e-08 6.45423e-09 10.0406 1.86215 1.80823e-08 2.01032 1
3.78 0.000109337 0.00919067 0.00493558 -0.000713542 1.52206e-08 5.02346e-09 10.0494 1.86215 1.40988e-08 2.01032 1
3.79 0.000151485 0.0108217 0.00581147 -0.000776575 1.51474e-08 4.99046e-09 10.0581 1.86215 1.4031e-08 2.01032 1
3.8 0.00020031 0.0124469 0.00668427 -0.0008394 1.12686e-08 3.70598e-09 10.0668 1.86215 1.0438e-08 2.01032 1
3.81 0.000255743 0.0140665 0.00755398 -0.000901994 1.12686e-08 3.69945e-09 10.0755 1.86215 1.0438e-08 2.01032 1
3.82 0.00031771 0.0156803 0.00842064 -0.000964359 1.12686e-08 3.69293e-09 10.0842 1.86215 1.0438e-08 2.01032 1
3.83 0.000386141 0.0172884 0.00928426 -0.00102651 1.12686e-08 3.68645e-09 10.0928 1.86215 1.0438e-08 2.01032 1
3.84 0.000460968 0.0188909 0.0101449 -0.00108846 6.78929e-09 2.21718e-09 10.1014 1.86215 6.28889e-09 2.01032 1
3.85 0.000542124 0.0204877 0.0110024 -0.00115017 6.78929e-09 2.2133e-09 10.11 1.86215 6.28889e-09 2.01032 1
3.86 0.000629553 0.0220793 0.0118569 -0.00121166 6.78929e-09 2.20943e-09 10.1186 1.86215 6.28889e-09 2.01032 1
3.87 2.42877e-07 0.000418432 0.000216436 0.000144732 3.75125e-08 1.24987e-08 10.0022 1.93374 3.47276e-08 2.08882 1
3.88 5.49462e-06 0.00208082 0.00107609 8.2821e-05 3.75123e-08 1.24772e-08 10.0108 1.93374 3.47274e-08 2.08882 1
3.89 1.77044e-05 0.00373741 0.0019328 2.11352e-05 2.29751e-08 7.62877e-09 10.0193 1.93374 2.12695e-08 2.08882 1
3.9 3.67967e-05 0.00538791 0.00278667 -4.03502e-05 3.2153e-09 1.06579e-09 10.0279 1.93374 2.9766e-09 2.08882 1
3.91 6.27115e-05 0.00703351 0.00363744 -0.000101633 3.21274e-09 1.06312e-09 10.0364 1.93374 2.97423e-09 2.08882 1
3.92 9.53634e-05 0.00867279 0.00448549 -0.000162713 3.21112e-09 1.06077e-09 10.0449 1.93374 2.97273e-09 2.08882 1
3.93 0.000134698 0.010307 0.00533051 -0.00022355 3.21097e-09 1.05891e-09 10.0533 1.93374 2.97259e-09 2.08882 1
3.94 0.000180641 0.0119356 0.00617267 -0.000284193 3.19471e-09 1.05176e-09 10.0617 1.93374 2.95754e-09 2.08882 1
3.95 2.78849e-07 0.000457039 0.000232087 -0.000126884 3.12727e-09 1.04194e-09 10.0023 1.97363 2.89598e-09 2.13126 1
3.96 5.68085e-06 0.0021193 0.00107437 -0.000187546 2.60988e-09 8.68092e-10 10.0107 1.97363 2.41685e-09 2.13126 1
3.97 1.79852e-05 0.00377644 0.00191369 -0.000247982 2.60988e-09 8.66632e-10 10.0191 1.97363 2.41685e-09 2.13126 1
3.98 3.71145e-05 0.00542723 0.00275039 -0.000308208 2.6059e-09 8.63855e-10 10.0275 1.97363 2.41317e-09 2.13126 1
3.99 6.30086e-05 0.00707296 0.00358417 -0.00036823 2.6059e-09 8.62407e-10 10.0358 1.97363 2.41317e-09 2.13126 1
4 1.39235e-07 0.000311705 0.000155982 -0.000133206 1.2182e-08 4.05941e-09 10.0016 1.99906 1.12812e-08 2.1587 1
4.01 4.91161e-06 0.00197447 0.000987821 -0.000193086 1.2182e-08 4.05265e-09 10.0099 1.99906 1.12812e-08 2.1587 1
4.02 1.65548e-05 0.00363178 0.00181688 -0.000252789 1.19081e-08 3.95495e-09 10.0182 1.99906 1.10275e-08 2.1587 1
4.03 3.49991e-05 0.00528347 0.00264321 -0.00031225 4.0492e-09 1.3426e-09 10.0264 1.99906 3.74976e-09 2.1587 1
4.04 6.01765e-05 0.00692962 0.00346683 -0.000371534 4.0492e-09 1.34037e-09 10.0347 1.99906 3.74976e-09 2.1587 1
4.05 9.20237e-05 0.00857054 0.00428767 -0.000430672 4.04914e-09 1.33814e-09 10.0429 1.99906 3.74971e-09 2.1587 1
4.06 0.000130472 0.010206 0.0051058 -0.000489566 4.04914e-09 1.33593e-09 10.0511 1.99906 3.74971e-09 2.1587 1
4.07 0.000175459 0.0118363 0.00592121 -0.00054826 4.04907e-09 1.33371e-09 10.0592 1.99906 3.74964e-09 2.1587 1
4.08 0.0002269 0.0134604 0.00673411 -0.000606769 2.06776e-09 6.7997e-10 10.0673 1.99906 1.91485e-09 2.1587 1
4.09 0.000284662 0.0150762 0.00754509 -0.000665409 3.32703e-10 1.09228e-10 10.0755 1.99906 3.081e-10 2.1587 1
4.1 6.12122e-07 0.000655248 0.000320012 -0.000283486 2.99385e-08 9.97311e-09 10.0032 2.04803 2.77288e-08 2.21124 1
4.11 6.76589e-06 0.00231708 0.00113144 -0.000341887 2.95069e-08 9.81338e-09 10.0113 2.04803 2.73291e-08 2.21124 1
4.12 1.97137e-05 0.00397355 0.00194022 -0.000400102 1.95725e-08 6.49887e-09 10.0194 2.04803 1.8128e-08 2.21124 1
4.13 3.93887e-05 0.00562459 0.00274641 -0.000458128 1.9549e-08 6.48053e-09 10.0275 2.04803 1.81061e-08 2.21124 1
4.14 6.57259e-05 0.0072703 0.00354999 -0.000515967 1.9549e-08 6.47005e-09 10.0355 2.04803 1.81061e-08 2.21124 1
4.15 9.86622e-05 0.0089108 0.00435095 -0.00057362 1.9549e-08 6.45962e-09 10.0435 2.04803 1.81061e-08 2.21124 1
4.16 1.64899e-08 0.000105279 5.06943e-05 -5.32579e-05 2.58534e-08 8.61691e-09 10.0005 2.07968 2.39396e-08 2.24593 1
4.17 3.86503e-06 0.00176893 0.000850656 -0.000110851 2.58534e-08 8.60313e-09 10.0085 2.07968 2.39396e-08 2.24593 1
4.18 1.44908e-05 0.0034273 0.00164805 -0.000168259 2.10232e-08 6.98465e-09 10.0165 2.07968 1.9467e-08 2.24593 1
4.19 3.18275e-05 0.00508023 0.00244293 -0.000225476 8.69465e-09 2.88406e-09 10.0244 2.07968 8.05104e-09 2.24593 1
4.2 5.58125e-05 0.00672798 0.00323527 -0.000282537 8.63091e-09 2.85835e-09 10.0324 2.07968 7.99202e-09 2.24593 1
4.21 8.63744e-05 0.00837001 0.0040252 -0.000339368 2.82094e-09 9.32744e-10 10.0403 2.07968 2.61213e-09 2.24593 1
4.22 0.000123464 0.0100074 0.00481249 -0.000396043 2.82094e-09 9.31264e-10 10.0481 2.07968 2.61213e-09 2.24593 1
4.23 0.00016701 0.0116394 0.00559734 -0.000452543 2.82094e-09 9.29788e-10 10.056 2.07968 2.61213e-09 2.24593 1
4.24 0.000216955 0.0132664 0.00637965 -0.000508928 2.6588e-09 8.74959e-10 10.0638 2.07968 2.46199e-09 2.24593 1
4.25 0.000273239 0.0148883 0.00715948 -0.000565072 2.63116e-09 8.64494e-10 10.0716 2.07968 2.43639e-09 2.24593 1
4.26 0.000335794 0.016505 0.00793688 -0.000620981 2.60141e-09 8.53372e-10 10.0794 2.07968 2.40884e-09 2.24593 1
4.27 0.00040457 0.0181167 0.00871179 -0.000676774 2.60141e-09 8.52028e-10 10.0871 2.07968 2.40884e-09 2.24593 1
4.28 0.000479494 0.0197232 0.00948432 -0.000732489 2.6014e-09 8.50686e-10 10.0948 2.07968 2.40884e-09 2.24593 1
4.29 0.000560511 0.0213246 0.0102544 -0.000787907 2.6014e-09 8.49351e-10 10.1025 2.07968 2.40884e-09 2.24593 1
4.3 0.00010983 -0.00132881 -0.000616984 -0.0103771 1.54753e-08 5.16479e-09 9.99383 2.15398 1.44968e-08 2.29936 1
4.31 1.93683e-08 0.000111656 5.18742e-05 -6.48875e-05 5.12873e-08 1.7094e-08 10.0005 2.15466 4.74914e-08 2.32688 1
4.32 3.84521e-06 0.0017753 0.000824026 -0.000120461 1.19598e-08 3.98002e-09 10.0082 2.15466 1.10746e-08 2.32688 1
4.33 1.43625e-05 0.00343385 0.00159382 -0.000175881 1.19598e-08 3.97389e-09 10.0159 2.15466 1.10746e-08 2.32688 1
4.34 3.14672e-05 0.00508267 0.0023623 -0.000230643 3.37681e-10 1.12029e-10 10.0236 2.15466 3.12688e-10 2.32688 1
4.35 5.51375e-05 0.00672838 0.00312797 -0.00028667 2.99084e-10 9.90717e-11 10.0313 2.15466 2.76949e-10 2.32688 1
4.36 8.53934e-05 0.00837531 0.00388985 -0.000341577 2.99084e-10 9.89195e-11 10.0389 2.15466 2.76949e-10 2.32688 1
4.37 0.000121979 0.0100095 0.00465117 -0.000395908 2.90414e-10 9.59048e-11 10.0465 2.15466 2.6892e-10 2.32688 1
4.38 3.10986e-07 0.000494405 0.000225969 -0.000124452 4.49172e-08 1.49656e-08 10.0023 2.18852 4.1595e-08 2.36331 1
4.39 5.65646e-06 0.00215704 0.000985667 -0.000179145 3.63591e-08 1.20958e-08 10.0099 2.18852 3.36699e-08 2.36331 1
4.4 1.76403e-05 0.00381406 0.00174317 -0.000233683 3.61405e-09 1.20048e-09 10.0174 2.18852 3.34674e-09 2.36331 1
4.41 3.62074e-05 0.00546654 0.00249829 -0.000288017 3.53402e-09 1.17212e-09 10.025 2.18852 3.27263e-09 2.36331 1
4.42 6.12938e-05 0.00711383 0.00325117 -0.000342191 2.4361e-09 8.06754e-10 10.0325 2.18852 2.25592e-09 2.36331 1
4.43 9.28501e-05 0.00875671 0.00400164 -0.000396283 2.43433e-09 8.04949e-10 10.04 2.18852 2.25428e-09 2.36331 1
4.44 0.000130797 0.0103938 0.00475004 -0.000450132 2.43433e-09 8.03735e-10 10.0475 2.18852 2.25428e-09 2.36331 1
4.45 0.000174282 0.0119887 0.00550456 -0.000504097 6.72775e-11 2.21795e-11 10.055 2.18852 6.23015e-11 2.36331 1
4.46 4.78907e-07 0.00060911 0.000273636 -0.000181701 4.70783e-09 1.56842e-09 10.0027 2.22817 4.35988e-09 2.40599 1
4.47 6.25471e-06 0.00227145 0.0010197 -0.000235404 4.70783e-09 1.56608e-09 10.0102 2.22817 4.35988e-09 2.40599 1
4.48 1.86301e-05 0.00392894 0.00176352 -0.000288947 4.70783e-09 1.56374e-09 10.0176 2.22817 4.35988e-09 2.40599 1
4.49 3.75382e-05 0.00558073 0.0025053 -0.000342305 2.10334e-09 6.976e-10 10.0251 2.22817 1.94788e-09 2.40599 1
4.5 6.21177e-05 0.0071658 0.0032586 -0.000387971 1.3061e-11 4.32545e-12 10.0326 2.22817 1.20956e-11 2.40599 1
4.51 9.21609e-05 0.00870682 0.00401833 -0.000452945 1.25452e-11 4.14862e-12 10.0402 2.22817 1.16181e-11 2.40599 1
4.52 0.00012967 0.0103344 0.00475556 -0.000504775 1.25452e-11 4.14248e-12 10.0476 2.22817 1.16181e-11 2.40599 1
4.53 0.000173848 0.0119766 0.0054863 -0.000556506 1.25452e-11 4.13633e-12 10.0549 2.22817 1.16181e-11 2.40599 1
4.54 0.000224838 0.0136345 0.00621036 -0.000608318 1.25452e-11 4.13019e-12 10.0621 2.22817 1.16181e-11 2.40599 1
4.55 0.000280795 0.0152364 0.00694353 -0.000658367 1.15115e-11 3.78427e-12 10.0694 2.22817 1.06607e-11 2.40599 1
4.56 0.000344471 0.0168896 0.00766227 -0.000709589 1.15115e-11 3.77866e-12 10.0766 2.22817 1.06607e-11 2.40599 1
4.57 0.00035036 0.0164901 0.00882701 -0.000722173 1.1641e-12 3.81713e-13 10.0883 2.22817 1.07804e-12 2.40599 1
4.58 4.64447e-17 -6.80829e-09 2.99578e-10 4.66071e-11 3.28047e-08 1.09349e-08 10 2.29 3.03748e-08 2.4732 0
4.59 3.30027e-06 0.00166413 0.000726767 -5.23251e-05 3.27528e-08 1.09017e-08 10.0073 2.29 3.03267e-08 2.4732 1
4.6 1.31636e-05 0.00332357 0.00145139 -0.000104492 2.80427e-08 9.32044e-09 10.0145 2.29 2.59655e-08 2.4732 1
4.61 2.95328e-05 0.00497819 0.00217392 -0.00015652 2.75591e-08 9.14642e-09 10.0217 2.29 2.55177e-08 2.4732 1
4.62 5.23507e-05 0.00662796 0.00289437 -0.000208392 2.75591e-08 9.13319e-09 10.0289 2.29 2.55177e-08 2.4732 1
4.63 8.15622e-05 0.00827301 0.00361274 -0.000260113 2.75591e-08 9.11999e-09 10.0361 2.29 2.55177e-08 2.4732 1
4.64 1.87501e-08 0.000108126 4.67005e-05 -6.98423e-05 1.83657e-08 6.12135e-09 10.0005 2.31968 1.70066e-08 2.50506 1
4.65 3.73872e-06 0.00177207 0.00076403 -0.000121482 1.526e-08 5.07891e-09 10.0076 2.31968 1.41307e-08 2.50506 1
4.66 1.39915e-05 0.00343122 0.00147931 -0.000172975 1.526e-08 5.07163e-09 10.0148 2.31968 1.41307e-08 2.50506 1
4.67 3.07219e-05 0.00508571 0.00219253 -0.000224328 1.52569e-08 5.06335e-09 10.0219 2.31968 1.41278e-08 2.50506 1
4.68 5.38736e-05 0.00673544 0.00290371 -0.000275529 1.50874e-08 4.99994e-09 10.029 2.31968 1.39709e-08 2.50506 1
4.69 8.33907e-05 0.00838041 0.00361288 -0.000326593 1.50865e-08 4.99249e-09 10.0361 2.31968 1.397e-08 2.50506 1
4.7 0.000119222 0.0100208 0.00432 -0.000377504 1.50863e-08 4.98531e-09 10.0432 2.31968 1.39698e-08 2.50506 1
4.71 0.000161307 0.0116564 0.00502514 -0.000428268 1.50863e-08 4.97822e-09 10.0503 2.31968 1.39698e-08 2.50506 1
4.72 0.000209576 0.0132865 0.00572844 -0.000478889 1.7158e-09 5.65382e-10 10.0573 2.31968 1.58882e-09 2.50506 1
4.73 0.000264029 0.0149134 0.00642945 -0.000529335 1.68946e-09 5.55912e-10 10.0643 2.31968 1.56443e-09 2.50506 1
4.74 0.00032454 0.0165344 0.00712878 -0.000579798 1.68946e-09 5.55125e-10 10.0713 2.31968 1.56443e-09 2.50506 1
4.75 2.08426e-06 0.00103613 0.000436888 -0.000905438 4.61879e-08 1.53825e-08 10.0044 2.37189 4.28082e-08 2.55915 1
4.76 9.48388e-06 0.00269754 0.00113736 -0.000955822 4.61879e-08 1.5361e-08 10.0114 2.37189 4.28082e-08 2.55915 1
4.77 2.3342e-05 0.00435425 0.00183585 -0.00100607 2.17946e-08 7.2382e-09 10.0184 2.37189 2.01998e-08 2.55915 1
4.78 4.35916e-05 0.00600515 0.00253264 -0.00105617 1.93939e-09 6.43188e-10 10.0253 2.37189 1.79747e-09 2.55915 1
4.79 7.01973e-05 0.00765234 0.00322731 -0.00110609 1.51439e-09 5.01538e-10 10.0323 2.37189 1.40357e-09 2.55915 1
4.8 2.47005e-07 0.000454639 0.000189797 -6.54576e-05 7.23215e-09 2.4098e-09 10.0019 2.39863 6.69682e-09 2.59038 1
4.81 5.27801e-06 0.00211772 0.000883148 -0.000115374 7.23215e-09 2.40646e-09 10.0088 2.39863 6.69682e-09 2.59038 1
4.82 1.67671e-05 0.00377632 0.00157455 -0.000165155 7.23215e-09 2.40313e-09 10.0157 2.39863 6.69682e-09 2.59038 1
4.83 3.3442e-05 0.0053057 0.00228984 -0.00021932 8.89112e-12 2.95038e-12 10.0229 2.39863 8.23304e-12 2.59038 1
4.84 8.77572e-17 -2.48182e-09 6.07201e-09 -6.68793e-09 1.44681e-08 4.82272e-09 10 2.42 1.33964e-08 2.6136 0
4.85 4.95089e-09 6.25287e-05 2.58574e-05 -1.92989e-05 6.74128e-08 2.24698e-08 10.0003 2.42481 6.24204e-08 2.61875 1
4.86 3.4935e-06 0.00172673 0.000712168 -6.8709e-05 5.09872e-08 1.69715e-08 10.0071 2.42481 4.72113e-08 2.61875 1
4.87 1.3428e-05 0.00338576 0.0013967 -0.000117966 3.54925e-09 1.17978e-09 10.014 2.42481 3.2864e-09 2.61875 1
4.88 2.97597e-05 0.00504066 0.00207931 -0.000167142 3.54924e-09 1.17816e-09 10.0208 2.42481 3.28639e-09 2.61875 1
4.89 5.24391e-05 0.00669141 0.00275997 -0.00021615 3.54924e-09 1.17655e-09 10.0276 2.42481 3.28639e-09 2.61875 1
4.9 8.1409e-05 0.00833746 0.00343882 -0.000265041 3.46773e-09 1.14796e-09 10.0344 2.42481 3.21093e-09 2.61875 1
4.91 0.000116617 0.00997888 0.00411584 -0.000313781 3.46773e-09 1.1464e-09 10.0412 2.42481 3.21093e-09 2.61875 1
4.92 0.000158024 0.0116164 0.00479092 -0.000362392 2.81026e-09 9.27779e-10 10.0479 2.42481 2.60215e-09 2.61875 1
4.93 0.00020554 0.0132481 0.00546442 -0.00041093 1.96345e-09 6.4733e-10 10.0546 2.42481 1.81804e-09 2.61875 1
4.94 9.14223e-07 0.0008275 0.000335427 -0.000341988 4.30134e-08 1.43282e-08 10.0034 2.46752 3.98413e-08 2.66398 1
4.95 7.36923e-06 0.00248969 0.00100905 -0.000390472 4.30134e-08 1.43089e-08 10.0101 2.46752 3.98413e-08 2.66398 1
4.96 2.02188e-05 0.0041474 0.00168087 -0.000438826 4.30134e-08 1.42896e-08 10.0168 2.46752 3.98413e-08 2.66398 1
4.97 3.94115e-05 0.00580066 0.00235088 -0.000487049 4.30134e-08 1.42704e-08 10.0235 2.46752 3.98413e-08 2.66398 1
4.98 6.48906e-05 0.0074491 0.00301913 -0.00053513 5.42093e-09 1.79607e-09 10.0302 2.46752 5.02115e-09 2.66398 1
4.99 2.60992e-07 0.000466958 0.000187332 -8.85916e-05 8.15132e-08 2.71609e-08 10.0019 2.4936 7.54815e-08 2.69286 1
5 5.28581e-06 0.00213011 0.000854283 -0.00013661 3.28578e-08 1.09339e-08 10.0085 2.4936 3.04264e-08 2.69286 1
