0.01 2.69907e-23 5.17497e-12 -4.07674e-13 2.10114e-13 0.954498 0.790556 1.57346 0.012636 0.936282 0.161773 1
0.02 9.51227e-25 -9.58927e-13 1.52323e-13 -9.21049e-14 0.911863 0.726729 1.97837 0.0245898 0.891292 0.195431 1
0.03 2.37857e-25 -4.71387e-13 1.05471e-13 -6.72872e-14 0.877093 0.67968 2.30358 0.0360502 0.855158 0.220248 1
0.04 6.00145e-26 -2.30982e-13 6.81677e-14 -4.48887e-14 0.847126 0.641553 2.58144 0.047108 0.824284 0.24073 1
0.05 2.17539e-26 -1.37015e-13 4.59632e-14 -2.94637e-14 0.820526 0.609207 2.82658 0.0578211 0.797046 0.258525 1
0.06 1.00214e-26 -9.22457e-14 3.28626e-14 -2.07901e-14 0.79647 0.580994 3.04725 0.0682306 0.772528 0.27445 1
0.07 5.4561e-27 -6.77097e-14 2.5091e-14 -1.55542e-14 0.774427 0.555923 3.24866 0.0783679 0.750149 0.288977 1
0.08 3.38992e-27 -5.28605e-14 2.15383e-14 -1.148e-14 0.754033 0.533338 3.4344 0.0882581 0.729511 0.302409 1
0.09 2.26805e-27 -4.31183e-14 1.75415e-14 -1.00579e-14 0.735021 0.512779 3.60706 0.0979215 0.710327 0.314953 1
0.1 1.61228e-27 -3.63876e-14 1.44329e-14 -8.93983e-15 0.71719 0.49391 3.76857 0.107375 0.692381 0.326759 1
0.11 1.23494e-27 -3.15581e-14 1.39888e-14 -6.58359e-15 0.700383 0.476477 3.92046 0.116634 0.675505 0.337938 1
0.12 9.59176e-28 -2.78944e-14 1.19904e-14 -6.10829e-15 0.684477 0.460279 4.06391 0.12571 0.659566 0.348575 1
0.13 7.60455e-28 -2.50078e-14 1.04361e-14 -5.11416e-15 0.669368 0.445159 4.19989 0.134614 0.644456 0.358738 1
0.14 6.72072e-28 -2.30094e-14 1.04361e-14 -5.80767e-15 0.654974 0.430988 4.32922 0.143357 0.630087 0.368482 1
0.15 5.35036e-28 -2.09832e-14 8.88178e-15 -3.98184e-15 0.641223 0.417659 4.45255 0.151947 0.616383 0.377852 1
0.16 4.75329e-28 -1.96509e-14 8.65974e-15 -3.76535e-15 0.628057 0.405085 4.57046 0.160391 0.603282 0.386885 1
0.17 9.11199e-21 -8.42182e-11 4.11311e-11 -1.80976e-11 0.615423 0.393188 4.68343 0.168698 0.59073 0.395613 1
0.18 7.93155e-21 -7.85637e-11 3.85998e-11 -1.64117e-11 0.603278 0.381907 4.79187 0.176872 0.578681 0.404061 1
0.19 6.97687e-21 -7.36713e-11 3.64075e-11 -1.49634e-11 0.591583 0.371185 4.89615 0.184921 0.567094 0.412254 1
0.2 6.19194e-21 -6.9391e-11 3.4482e-11 -1.37048e-11 0.580304 0.360975 4.9966 0.192849 0.555934 0.420211 1
0.21 5.53795e-21 -6.56102e-11 3.2778e-11 -1.26035e-11 0.56941 0.351235 5.09348 0.200661 0.545169 0.42795 1
0.22 4.9874e-21 -6.22432e-11 3.12734e-11 -1.16258e-11 0.558877 0.341927 5.18706 0.208362 0.534771 0.435486 1
0.23 4.51534e-21 -5.92104e-11 2.98959e-11 -1.07567e-11 0.548678 0.33302 5.27755 0.215957 0.524716 0.442832 1
0.24 4.09443e-21 -5.64211e-11 2.84801e-11 -9.99871e-12 0.538794 0.324483 5.36516 0.223449 0.514982 0.450001 1
0.25 3.77642e-21 -5.4021e-11 2.7798e-11 -9.24284e-12 0.529205 0.316292 5.45006 0.230841 0.505548 0.457004 1
0.26 5.91547e-20 -1.32014e-10 1.96552e-10 -5.56262e-11 0.519894 0.308422 5.53243 0.238138 0.496397 0.46385 0
0.27 3.08097e-21 -4.91909e-11 2.43832e-11 -8.16628e-12 0.510844 0.300854 5.6124 0.245342 0.487512 0.470549 1
0.28 2.90822e-21 -4.74565e-11 2.44851e-11 -7.52173e-12 0.502041 0.293567 5.69011 0.252457 0.478877 0.477108 1
0.29 2.68661e-21 -4.55767e-11 2.36651e-11 -7.02409e-12 0.493472 0.286544 5.76568 0.259485 0.47048 0.483535 1
0.3 2.47704e-21 -4.37611e-11 2.27796e-11 -6.56507e-12 0.485124 0.27977 5.83923 0.26643 0.462307 0.489836 1
0.31 2.28986e-21 -4.20478e-11 2.20042e-11 -6.13737e-12 0.476988 0.273231 5.91087 0.273293 0.454348 0.496017 1
0.32 2.11408e-21 -4.03855e-11 2.12186e-11 -5.73313e-12 0.469051 0.266912 5.98068 0.280077 0.446591 0.502085 1
0.33 1.95083e-21 -3.87756e-11 2.04583e-11 -5.36121e-12 0.461305 0.260803 6.04876 0.286784 0.439027 0.508044 1
0.34 1.79714e-21 -3.71997e-11 1.97025e-11 -5.0133e-12 0.453741 0.254892 6.11518 0.293417 0.431646 0.5139 1
0.35 1.65255e-21 -3.56513e-11 1.89666e-11 -4.66978e-12 0.44635 0.249168 6.18003 0.299978 0.424441 0.519656 1
0.36 1.5147e-21 -3.41142e-11 1.82205e-11 -4.35123e-12 0.439126 0.243622 6.24337 0.306468 0.417403 0.525317 1
0.37 1.38349e-21 -3.25837e-11 1.74738e-11 -4.0569e-12 0.43206 0.238245 6.30528 0.31289 0.410525 0.530886 1
0.38 1.25785e-21 -3.10479e-11 1.67253e-11 -3.76078e-12 0.425146 0.23303 6.3658 0.319244 0.4038 0.536368 1
0.39 1.13669e-21 -2.94966e-11 1.59479e-11 -3.5085e-12 0.418379 0.227967 6.425 0.325534 0.397222 0.541765 1
0.4 1.02033e-21 -2.7923e-11 1.51739e-11 -3.22266e-12 0.411751 0.223051 6.48294 0.33176 0.390785 0.547082 1
0.41 9.07875e-22 -2.63163e-11 1.43754e-11 -2.94506e-12 0.405258 0.218275 6.53966 0.337925 0.384482 0.55232 1
0.42 7.98814e-22 -2.46682e-11 1.35145e-11 -2.76599e-12 0.398895 0.213632 6.59521 0.344029 0.37831 0.557483 1
0.43 6.93394e-22 -2.29705e-11 1.2593e-11 -2.67671e-12 0.392656 0.209117 6.64963 0.350074 0.372263 0.562573 1
0.44 6.08834e-22 -2.12134e-11 1.26026e-11 4.65575e-14 0.386537 0.204724 6.70298 0.356061 0.366336 0.567592 1
0.45 3.18706e-19 8.37713e-12 1.89731e-10 5.31637e-10 0.380534 0.200448 6.75528 0.361992 0.360525 0.572544 0
0.46 4.10638e-22 -1.74517e-11 1.02904e-11 -4.27396e-13 0.374643 0.196284 6.80657 0.367869 0.354825 0.57743 1
0.47 3.19435e-22 -1.54948e-11 8.75722e-12 -1.6299e-12 0.368859 0.192228 6.8569 0.373691 0.349234 0.582252 1
0.48 2.41257e-22 -1.34062e-11 7.77223e-12 -1.05944e-12 0.36318 0.188275 6.90629 0.379461 0.343746 0.587013 1
0.49 1.68918e-22 -1.12106e-11 6.44396e-12 -1.30973e-12 0.357601 0.184422 6.95477 0.38518 0.338359 0.591713 1
0.5 1.07667e-22 -8.8945e-12 5.26779e-12 -8.97603e-13 0.352119 0.180664 7.00238 0.390848 0.333069 0.596356 1
0.51 5.76123e-23 -6.44723e-12 3.94795e-12 -6.77645e-13 0.346732 0.176998 7.04914 0.396467 0.327873 0.600943 1
0.52 2.15229e-23 -3.85647e-12 2.53175e-12 -4.90645e-13 0.341436 0.173421 7.09509 0.402037 0.322768 0.605475 1
0.53 2.36266e-24 -1.10784e-12 1.03095e-12 -2.69256e-13 0.336229 0.169929 7.14024 0.407561 0.317751 0.609954 1
0.54 3.61728e-24 1.81222e-12 -5.74873e-13 -5.17128e-14 0.331107 0.16652 7.18463 0.413038 0.312819 0.614381 1
0.55 2.95083e-23 4.91851e-12 -2.3016e-12 1.384e-13 0.326068 0.16319 7.22826 0.41847 0.307971 0.618758 1
0.56 8.49954e-23 8.22786e-12 -4.14391e-12 3.5451e-13 0.32111 0.159936 7.27118 0.423857 0.303202 0.623086 1
0.57 1.76028e-22 1.17567e-11 -6.12366e-12 5.56352e-13 0.316231 0.156756 7.3134 0.429201 0.298511 0.627366 1
0.58 3.09621e-22 1.55246e-11 -8.24729e-12 7.67652e-13 0.311427 0.153648 7.35493 0.434502 0.293896 0.631601 1
0.59 4.94037e-22 1.95507e-11 -1.05281e-11 9.81611e-13 0.306698 0.150609 7.39581 0.439761 0.289355 0.63579 1
0.6 7.39133e-22 2.3857e-11 -1.29831e-11 1.18983e-12 0.302041 0.147637 7.43604 0.44498 0.284885 0.639935 1
0.61 1.05636e-21 2.84663e-11 -1.56219e-11 1.40712e-12 0.297453 0.144729 7.47564 0.450157 0.280484 0.644037 1
0.62 1.45932e-21 3.34033e-11 -1.84633e-11 1.62472e-12 0.292934 0.141884 7.51464 0.455295 0.276151 0.648097 1
0.63 1.9641e-21 3.86959e-11 -2.15249e-11 1.84589e-12 0.288481 0.1391 7.55305 0.460394 0.271883 0.652117 1
0.64 2.58926e-21 4.4371e-11 -2.48235e-11 2.0668e-12 0.284093 0.136374 7.59089 0.465455 0.267679 0.656097 1
0.65 3.35697e-21 5.04613e-11 -2.83786e-11 2.29775e-12 0.279767 0.133705 7.62816 0.470479 0.263538 0.660037 1
0.66 4.29333e-21 5.70008e-11 -3.22156e-11 2.5286e-12 0.275503 0.131091 7.66488 0.475466 0.259457 0.66394 1
0.67 5.42868e-21 6.40257e-11 -3.6356e-11 2.7626e-12 0.271299 0.128531 7.70108 0.480416 0.255436 0.667806 1
0.68 6.79878e-21 7.15752e-11 -4.0826e-11 3.0003e-12 0.267153 0.126023 7.73676 0.485331 0.251472 0.671635 1
0.69 8.44565e-21 7.96928e-11 -4.56528e-11 3.24549e-12 0.263064 0.123565 7.77193 0.490211 0.247564 0.675429 1
0.7 4.57552e-27 5.85088e-14 -3.38618e-14 2.37214e-15 0.25903 0.121156 7.8066 0.495057 0.243711 0.679188 1
0.71 5.93147e-27 6.65024e-14 -3.87468e-14 2.75471e-15 0.255051 0.118794 7.8408 0.499869 0.239911 0.682913 1
0.72 7.60496e-27 7.52731e-14 -4.39648e-14 2.45071e-15 0.251124 0.116479 7.87453 0.504648 0.236164 0.686605 1
0.73 9.74415e-27 8.51541e-14 -4.9849e-14 2.82966e-15 0.24725 0.114209 7.90779 0.509394 0.232467 0.690264 1
0.74 1.23705e-26 9.60343e-14 -5.59552e-14 4.11926e-15 0.243426 0.111982 7.94061 0.514108 0.228821 0.693891 1
0.75 1.5729e-26 1.07914e-13 -6.38378e-14 2.89592e-15 0.239651 0.109798 7.97299 0.518791 0.225223 0.697488 1
0.76 1.99351e-26 1.21458e-13 -7.18314e-14 4.81278e-15 0.235925 0.107656 8.00495 0.523442 0.221673 0.701054 1
0.77 2.52353e-26 1.36557e-13 -8.10463e-14 4.3463e-15 0.232246 0.105553 8.03648 0.528063 0.218169 0.70459 1
0.78 3.17107e-26 1.531e-13 -9.08162e-14 4.85777e-15 0.228613 0.10349 8.06761 0.532655 0.214711 0.708097 1
0.79 4.00854e-26 1.71863e-13 -1.02585e-13 5.00913e-15 0.225026 0.101465 8.09833 0.537216 0.211297 0.711575 1
0.8 5.05096e-26 1.92735e-13 -1.15463e-13 5.5814e-15 0.221482 0.0994765 8.12866 0.541749 0.207926 0.715025 1
0.81 6.33634e-26 2.15605e-13 -1.29785e-13 5.79923e-15 0.217983 0.0975247 8.15861 0.546253 0.204598 0.718447 1
0.82 7.96527e-26 2.41585e-13 -1.45772e-13 6.32648e-15 0.214525 0.0956081 8.18819 0.550729 0.201312 0.721843 1
0.83 1.00235e-25 2.70672e-13 -1.64091e-13 6.75126e-15 0.21111 0.093726 8.2174 0.555177 0.198067 0.725212 1
0.84 1.25177e-25 3.02314e-13 -1.83631e-13 7.91849e-15 0.207735 0.0918774 8.24624 0.559598 0.194862 0.728555 1
0.85 1.56733e-25 3.37952e-13 -2.06057e-13 7.87925e-15 0.2044 0.0900615 8.27474 0.563992 0.191696 0.731872 1
0.86 1.96828e-25 3.78364e-13 -2.31482e-13 9.20654e-15 0.201104 0.0882775 8.30289 0.56836 0.188568 0.735165 1
0.87 2.46349e-25 4.22884e-13 -2.59681e-13 9.1792e-15 0.197847 0.0865247 8.3307 0.572702 0.185478 0.738433 1
0.88 3.07944e-25 4.724e-13 -2.90989e-13 1.03848e-14 0.194628 0.0848023 8.35818 0.577018 0.182425 0.741677 1
0.89 3.86674e-25 5.28688e-13 -3.27183e-13 1.06929e-14 0.191445 0.0831095 8.38533 0.581309 0.179408 0.744898 1
0.9 4.84794e-25 5.91416e-13 -3.67262e-13 1.18543e-14 0.188299 0.0814458 8.41216 0.585575 0.176426 0.748095 1
0.91 6.0745e-25 6.61471e-13 -4.12004e-13 1.2632e-14 0.185188 0.0798103 8.43868 0.589817 0.173479 0.75127 1
0.92 7.61207e-25 7.3952e-13 -4.62741e-13 1.37486e-14 0.182112 0.0782026 8.4649 0.594035 0.170567 0.754422 1
0.93 9.55956e-25 8.28115e-13 -5.19584e-13 1.45791e-14 0.179071 0.0766218 8.49081 0.598229 0.167688 0.757553 1
0.94 1.19979e-24 9.26703e-13 -5.83755e-13 1.54938e-14 0.176063 0.0750675 8.51642 0.6024 0.164842 0.760662 1
0.95 1.50664e-24 1.0375e-12 -6.55698e-13 1.69181e-14 0.173089 0.073539 8.54175 0.606548 0.162028 0.76375 1
0.96 1.89524e-24 1.16218e-12 -7.37743e-13 1.75167e-14 0.170147 0.0720358 8.56679 0.610673 0.159246 0.766818 1
0.97 2.38585e-24 1.30274e-12 -8.2967e-13 1.93855e-14 0.167237 0.0705573 8.59155 0.614776 0.156495 0.769865 1
0.98 3.00741e-24 1.46116e-12 -9.33809e-13 2.03354e-14 0.164359 0.0691029 8.61603 0.618857 0.153775 0.772893 1
0.99 3.79201e-24 1.6388e-12 -1.0516e-12 2.16885e-14 0.161511 0.0676722 8.64024 0.622917 0.151084 0.7759 1
1 4.78704e-24 1.83942e-12 -1.1845e-12 2.34907e-14 0.158694 0.0662646 8.66419 0.626955 0.148424 0.778889 1
1.01 6.05135e-24 2.06579e-12 -1.33538e-12 2.48874e-14 0.155906 0.0648796 8.68787 0.630972 0.145792 0.781859 1
1.02 7.65413e-24 2.32092e-12 -1.50557e-12 2.65983e-14 0.153148 0.0635168 8.7113 0.634969 0.143189 0.78481 1
1.03 9.70048e-24 2.60991e-12 -1.69942e-12 2.86087e-14 0.150419 0.0621757 8.73447 0.638946 0.140615 0.787743 1
1.04 1.23084e-23 2.93665e-12 -1.91924e-12 3.06656e-14 0.147719 0.0608558 8.75739 0.642902 0.138067 0.790659 1
1.05 1.56398e-23 3.30658e-12 -2.16915e-12 3.28075e-14 0.145046 0.0595568 8.78007 0.646839 0.135547 0.793557 1
1.06 1.99037e-23 3.72591e-12 -2.45359e-12 3.50297e-14 0.142401 0.0582781 8.80251 0.650756 0.133054 0.796438 1
1.07 2.53675e-23 4.20164e-12 -2.77711e-12 3.72336e-14 0.139784 0.0570194 8.82471 0.654655 0.130588 0.799302 1
1.08 3.23877e-23 4.74221e-12 -3.14604e-12 4.05617e-14 0.137193 0.0557803 8.84668 0.658534 0.128147 0.802149 1
1.09 4.14267e-23 5.35705e-12 -3.56748e-12 4.25568e-14 0.134628 0.0545604 8.86842 0.662396 0.125732 0.80498 1
1.1 5.30621e-23 6.05582e-12 -4.0481e-12 4.56464e-14 0.132089 0.0533593 8.88993 0.666238 0.123341 0.807796 1
1.11 6.811e-23 6.85296e-12 -4.59832e-12 4.8636e-14 0.129576 0.0521766 8.91122 0.670064 0.120976 0.810596 1
1.12 8.75857e-23 7.76212e-12 -5.22804e-12 5.23828e-14 0.127088 0.0510121 8.93228 0.673871 0.118635 0.81338 1
1.13 1.12854e-22 8.8004e-12 -5.95013e-12 5.53118e-14 0.124625 0.0498652 8.95313 0.677661 0.116318 0.81615 1
1.14 1.45696e-22 9.98723e-12 -6.77847e-12 5.89576e-14 0.122186 0.0487358 8.97377 0.681434 0.114025 0.818905 1
1.15 1.88503e-22 1.13464e-11 -7.73037e-12 6.28445e-14 0.119772 0.0476235 8.9942 0.68519 0.111755 0.821645 1
1.16 2.44441e-22 1.2905e-11 -8.82594e-12 6.63354e-14 0.117381 0.0465278 9.01442 0.68893 0.109509 0.824371 1
1.17 3.17639e-22 1.46928e-11 -1.00874e-11 7.021e-14 0.115014 0.0454487 9.03444 0.692653 0.107285 0.827084 1
1.18 4.13771e-22 1.67487e-11 -1.15432e-11 7.46683e-14 0.11267 0.0443857 9.05425 0.696361 0.105083 0.829783 1
1.19 5.40241e-22 1.91143e-11 -1.32242e-11 7.86129e-14 0.110349 0.0433385 9.07387 0.700053 0.102904 0.832468 1
1.2 7.0723e-22 2.18424e-11 -1.51701e-11 8.28958e-14 0.108051 0.0423069 9.09328 0.703729 0.100746 0.835141 1
1.21 9.28111e-22 2.49903e-11 -1.74237e-11 8.70964e-14 0.105775 0.0412906 9.11251 0.70739 0.09861 0.837801 1
1.22 1.22124e-21 2.86299e-11 -2.0039e-11 9.04132e-14 0.103521 0.0402893 9.13154 0.711036 0.0964952 0.840449 1
1.23 1.61136e-21 3.28442e-11 -2.30783e-11 9.49912e-14 0.101289 0.0393027 9.15039 0.714668 0.0944013 0.843084 1
1.24 2.13203e-21 3.77309e-11 -2.66157e-11 9.76818e-14 0.0990778 0.0383306 9.16905 0.718285 0.0923281 0.845708 1
1.25 2.82908e-21 4.34069e-11 -3.07393e-11 1.01e-13 0.0968882 0.0373728 9.18752 0.721888 0.0902754 0.848319 1
1.26 3.76539e-21 5.00118e-11 -3.55557e-11 1.03647e-13 0.0947197 0.036429 9.20581 0.725477 0.0882429 0.85092 1
1.27 5.02691e-21 5.77091e-11 -4.11894e-11 1.0495e-13 0.0925719 0.0354989 9.22393 0.729053 0.0862304 0.853509 1
1.28 6.73243e-21 6.66963e-11 -4.77914e-11 1.05435e-13 0.0904446 0.0345824 9.24186 0.732615 0.0842377 0.856088 1
1.29 9.04595e-21 7.72076e-11 -5.55421e-11 1.04251e-13 0.0883376 0.0336791 9.25962 0.736164 0.0822644 0.858656 1
1.3 2.53275e-26 1.29119e-13 -9.30367e-14 1.16957e-16 0.0862506 0.032789 9.27721 0.739701 0.0803105 0.861214 1
1.31 3.74048e-26 1.56541e-13 -1.13576e-13 3.54862e-16 0.0841836 0.0319117 9.29462 0.743224 0.0783756 0.863762 1
1.32 5.57014e-26 1.90736e-13 -1.39e-13 -2.87198e-16 0.0821362 0.0310471 9.31186 0.746736 0.0764596 0.866301 1
1.33 8.30799e-26 2.32703e-13 -1.70086e-13 1.36422e-16 0.0801082 0.030195 9.32894 0.750235 0.0745623 0.86883 1
1.34 1.25822e-25 2.85993e-13 -2.09832e-13 3.86196e-17 0.0780995 0.0293552 9.34585 0.753723 0.0726835 0.871349 1
1.35 1.89613e-25 3.50608e-13 -2.58238e-13 1.98566e-16 0.0761099 0.0285274 9.36259 0.757199 0.0708229 0.87386 1
1.36 2.88445e-25 4.31766e-13 -3.19411e-13 -2.06837e-16 0.0741392 0.0277115 9.37918 0.760663 0.0689806 0.876363 1
1.37 4.42e-25 5.33684e-13 -3.96461e-13 -9.88103e-18 0.0721872 0.0269073 9.39559 0.764117 0.0671561 0.878857 1
1.38 6.80348e-25 6.61249e-13 -4.9305e-13 -3.60759e-16 0.0702538 0.0261147 9.41185 0.76756 0.0653495 0.881343 1
1.39 1.0515e-24 8.20899e-13 -6.14508e-13 -4.2899e-16 0.0683388 0.0253335 9.42796 0.770993 0.0635604 0.883821 1
1.4 1.63999e-24 1.02374e-12 -7.69385e-13 -5.5428e-16 0.0664421 0.0245634 9.4439 0.774415 0.0617889 0.886293 1
1.41 2.57065e-24 1.27964e-12 -9.66005e-13 -1.48658e-15 0.0645635 0.0238044 9.45969 0.777828 0.0600347 0.888757 1
1.42 4.05992e-24 1.60594e-12 -1.21692e-12 -1.65734e-15 0.0627029 0.0230563 9.47532 0.78123 0.0582977 0.891214 1
1.43 6.45988e-24 2.02272e-12 -1.53899e-12 -2.66861e-15 0.0608601 0.0223189 9.4908 0.784624 0.0565777 0.893665 1
1.44 1.03564e-23 2.55718e-12 -1.95377e-12 -3.94108e-15 0.0590351 0.0215922 9.50613 0.788008 0.0548747 0.89611 1
1.45 1.67256e-23 3.24463e-12 -2.48956e-12 -5.10046e-15 0.0572277 0.0208758 9.5213 0.791384 0.0531886 0.898549 1
1.46 2.7228e-23 4.13358e-12 -3.18456e-12 -7.31345e-15 0.0554378 0.0201698 9.53633 0.794751 0.0515191 0.900982 1
1.47 4.47038e-23 5.28855e-12 -4.09084e-12 -9.50661e-15 0.0536653 0.019474 9.5512 0.79811 0.0498663 0.903411 1
1.48 7.39857e-23 6.7929e-12 -5.27656e-12 -1.28423e-14 0.0519102 0.0187882 9.56593 0.801462 0.04823 0.905835 1
1.49 1.23617e-22 8.76665e-12 -6.83831e-12 -1.77764e-14 0.0501723 0.0181124 9.58051 0.804805 0.0466101 0.908254 1
1.5 2.08401e-22 1.13649e-11 -8.90166e-12 -2.34497e-14 0.0484516 0.0174464 9.59494 0.808142 0.0450066 0.91067 1
1.51 3.54758e-22 1.48043e-11 -1.16444e-11 -3.17956e-14 0.046748 0.0167901 9.60923 0.811472 0.0434193 0.913082 1
1.52 6.09912e-22 1.93801e-11 -1.53076e-11 -4.27037e-14 0.0450614 0.0161434 9.62337 0.814795 0.0418483 0.915491 1
1.53 1.0595e-21 2.55014e-11 -2.0228e-11 -5.72586e-14 0.0433919 0.0155062 9.63736 0.818112 0.0402935 0.917897 1
1.54 1.86091e-21 3.37418e-11 -2.68775e-11 -7.63804e-14 0.0417394 0.0148784 9.65121 0.821423 0.0387548 0.920301 1
1.55 3.30536e-21 4.48946e-11 -3.5914e-11 -1.02119e-13 0.0401038 0.0142599 9.66491 0.824729 0.0372323 0.922703 1
1.56 5.94076e-21 6.00867e-11 -4.82735e-11 -1.35573e-13 0.0384852 0.0136506 9.67847 0.82803 0.0357258 0.925104 1
1.57 4.77294e-26 1.70086e-13 -1.37113e-13 -4.79515e-16 0.0368836 0.0130504 9.69188 0.831326 0.0342355 0.927504 1
1.58 1.03475e-25 2.50022e-13 -2.02394e-13 -5.41722e-16 0.0352989 0.0124593 9.70515 0.834618 0.0327612 0.929904 1
1.59 2.28048e-25 3.70481e-13 -3.01315e-13 -8.743e-16 0.0337313 0.0118772 9.71827 0.837906 0.0313031 0.932304 1
1.6 5.15506e-25 5.55889e-13 -4.54414e-13 -1.38466e-15 0.0321807 0.011304 9.73125 0.841191 0.0298611 0.934705 1
1.61 1.18452e-24 8.41216e-13 -6.90559e-13 -2.43348e-15 0.0306473 0.0107397 9.74408 0.844474 0.0284353 0.937108 1
1.62 2.78425e-24 1.28753e-12 -1.06137e-12 -3.84567e-15 0.029131 0.0101842 9.75677 0.847754 0.0270258 0.939513 1
1.63 6.70293e-24 1.99407e-12 -1.65123e-12 -5.56341e-15 0.0276321 0.00963753 9.76931 0.851032 0.0256327 0.941921 1
1.64 1.65498e-23 3.12772e-12 -2.60136e-12 -8.59011e-15 0.0261507 0.00909959 9.78169 0.85431 0.0242561 0.944333 1
1.65 4.19547e-23 4.9708e-12 -4.15279e-12 -1.32083e-14 0.0246869 0.00857037 9.79393 0.857587 0.0228962 0.94675 1
1.66 1.09464e-22 8.01403e-12 -6.72595e-12 -2.07715e-14 0.0232409 0.00804988 9.80602 0.860864 0.021553 0.949173 1
1.67 2.94397e-22 1.31181e-11 -1.10595e-11 -3.20195e-14 0.0218129 0.00753811 9.81796 0.864142 0.0202268 0.951602 1
1.68 8.18135e-22 2.18264e-11 -1.84862e-11 -4.80075e-14 0.0204033 0.00703508 9.82974 0.867422 0.0189179 0.954038 1
1.69 2.35505e-21 3.69584e-11 -3.14503e-11 -6.79518e-14 0.0190122 0.00654082 9.84136 0.870705 0.0176265 0.956484 1
1.7 7.04236e-21 6.37818e-11 -5.45366e-11 -8.07891e-14 0.0176402 0.00605538 9.85282 0.873991 0.016353 0.95894 1
1.71 1.73923e-25 3.16414e-13 -2.71672e-13 -6.95548e-16 0.0162875 0.00557882 9.86412 0.877281 0.0150977 0.961408 1
1.72 7.72565e-25 6.65468e-13 -5.74207e-13 -1.94844e-15 0.0149548 0.00511125 9.87525 0.880578 0.013861 0.963889 1
1.73 3.67996e-24 1.4494e-12 -1.25666e-12 -3.56657e-15 0.0136425 0.00465278 9.88621 0.883881 0.0126437 0.966386 1
1.74 1.90283e-23 3.28915e-12 -2.86526e-12 -6.48052e-15 0.0123515 0.00420357 9.89698 0.887193 0.0114462 0.968901 1
1.75 1.07751e-22 7.8102e-12 -6.83753e-12 -1.05193e-14 0.0110826 0.00376384 9.90758 0.890516 0.0102694 0.971436 1
1.76 6.76878e-22 1.953e-11 -1.71888e-11 -9.45965e-16 0.00983668 0.00333384 9.91797 0.89385 0.00911415 0.973994 1
1.77 4.79374e-21 5.18404e-11 -4.58943e-11 1.47785e-13 0.00861512 0.00291392 9.92817 0.897199 0.00798165 0.976579 1
1.78 4.74904e-25 5.15143e-13 -4.57745e-13 -9.91022e-16 0.00741944 0.0025045 9.93814 0.900565 0.00687334 0.979195 1
1.79 8.43547e-24 2.16582e-12 -1.93512e-12 -7.51012e-16 0.00625161 0.00210617 9.94788 0.903952 0.00579101 0.981848 1
1.8 2.04218e-22 1.06264e-11 -9.55491e-12 3.99707e-14 0.00511424 0.00171969 9.95737 0.907365 0.00473707 0.984545 1
1.81 6.7568e-21 6.08368e-11 -5.52636e-11 1.2739e-12 0.00401086 0.00134616 9.96657 0.910808 0.00371478 0.987295 1
1.82 6.15451e-24 1.83586e-12 -1.66855e-12 6.16201e-15 0.0029466 0.000987181 9.97544 0.91429 0.00272889 0.990112 1
1.83 1.02448e-24 7.41518e-13 -6.88893e-13 7.27989e-15 1.2555e-10 4.185e-11 10 0.915 1.1625e-10 0.9882 1
1.84 9.32198e-25 4.15556e-13 4.51639e-13 -7.45341e-13 1.08e-50 3.6e-51 10 0.92 1e-50 0.9936 1
1.85 1.07632e-24 4.49196e-13 4.86056e-13 -7.98929e-13 1.08e-50 3.6e-51 10 0.925 1e-50 0.999 1
1.86 8.64399e-26 1.28009e-13 1.3789e-13 -2.25921e-13 1.08e-50 3.6e-51 10 0.93 1e-50 1.0044 1
1.87 1.21159e-21 1.52867e-11 1.63494e-11 -2.66572e-11 1.08e-50 3.6e-51 10 0.935 1e-50 1.0098 1
1.88 3.314e-26 8.07132e-14 8.54872e-14 -1.38987e-13 1.08e-50 3.6e-51 10 0.94 1e-50 1.0152 1
1.89 4.19927e-23 2.8838e-12 3.05156e-12 -4.93603e-12 1.08e-50 3.6e-51 10 0.945 1e-50 1.0206 1
1.9 2.37258e-25 2.18603e-13 2.29594e-13 -3.69807e-13 1.08e-50 3.6e-51 10 0.95 1e-50 1.026 1
1.91 7.07686e-26 1.20126e-13 1.25455e-13 -2.01493e-13 1.08e-50 3.6e-51 10 0.955 1e-50 1.0314 1
1.92 1.94636e-21 2.00142e-11 2.08482e-11 -3.33338e-11 1.08e-50 3.6e-51 10 0.96 1e-50 1.0368 1
1.93 1.11782e-22 4.82681e-12 5.00133e-12 -7.96683e-12 1.08e-50 3.6e-51 10 0.965 1e-50 1.0422 1
1.94 8.35377e-24 1.3276e-12 1.36868e-12 -2.17208e-12 1.08e-50 3.6e-51 10 0.97 1e-50 1.0476 1
1.95 7.97576e-25 4.13003e-13 4.23217e-13 -6.69247e-13 1.08e-50 3.6e-51 10 0.975 1e-50 1.053 1
1.96 9.2668e-26 1.41331e-13 1.44773e-13 -2.27452e-13 1.08e-50 3.6e-51 10 0.98 1e-50 1.0584 1
1.97 9.41969e-21 4.54015e-11 4.60931e-11 -7.23451e-11 1.08e-50 3.6e-51 10 0.985 1e-50 1.0638 1
1.98 1.95313e-21 2.07968e-11 2.10065e-11 -3.28534e-11 1.08e-50 3.6e-51 10 0.99 1e-50 1.0692 1
1.99 4.45954e-22 9.99556e-12 1.00464e-11 -1.56561e-11 1.08e-50 3.6e-51 10 0.995 1e-50 1.0746 1
2 1.10597e-22 5.00677e-12 5.00688e-12 -7.7756e-12 1.08e-50 3.6e-51 10 1 1e-50 1.08 1
2.01 2.96988e-23 2.60969e-12 2.59637e-12 -4.01835e-12 1.08e-50 3.6e-51 10 1.005 1e-50 1.0854 1
2.02 8.50003e-24 1.40377e-12 1.39022e-12 -2.14401e-12 1.08e-50 3.6e-51 10 1.01 1e-50 1.0908 1
2.03 2.5944e-24 7.80043e-13 7.68496e-13 -1.18125e-12 1.08e-50 3.6e-51 10 1.015 1e-50 1.0962 1
2.04 8.36184e-25 4.45199e-13 4.36762e-13 -6.68745e-13 1.08e-50 3.6e-51 10 1.02 1e-50 1.1016 1
2.05 2.84141e-25 2.61124e-13 2.54685e-13 -3.88704e-13 1.08e-50 3.6e-51 10 1.025 1e-50 1.107 1
2.06 1.02396e-25 1.57874e-13 1.52989e-13 -2.32522e-13 1.08e-50 3.6e-51 10 1.03 1e-50 1.1124 1
2.07 3.61739e-26 9.39249e-14 9.10383e-14 -1.38073e-13 1.08e-50 3.6e-51 10 1.035 1e-50 1.1178 1
2.08 1.39681e-26 5.88418e-14 5.63993e-14 -8.55852e-14 1.08e-50 3.6e-51 10 1.04 1e-50 1.1232 1
2.09 5.38409e-21 3.67038e-11 3.51237e-11 -5.29457e-11 1.08e-50 3.6e-51 10 1.045 1e-50 1.1286 1
2.1 2.59211e-21 2.56004e-11 2.43807e-11 -3.66376e-11 1.08e-50 3.6e-51 10 1.05 1e-50 1.134 1
2.11 1.2806e-21 1.80862e-11 1.71436e-11 -2.56824e-11 1.08e-50 3.6e-51 10 1.055 1e-50 1.1394 1
2.12 6.48506e-22 1.29359e-11 1.22042e-11 -1.82271e-11 1.08e-50 3.6e-51 10 1.06 1e-50 1.1448 1
2.13 3.35985e-22 9.35785e-12 8.78719e-12 -1.30844e-11 1.08e-50 3.6e-51 10 1.065 1e-50 1.1502 1
2.14 1.77841e-22 6.8423e-12 6.39466e-12 -9.49377e-12 1.08e-50 3.6e-51 10 1.07 1e-50 1.1556 1
2.15 9.61147e-23 5.05485e-12 4.70246e-12 -6.96061e-12 1.08e-50 3.6e-51 10 1.075 1e-50 1.161 1
2.16 5.29179e-23 3.76899e-12 3.48988e-12 -5.15106e-12 1.08e-50 3.6e-51 10 1.08 1e-50 1.1664 1
2.17 2.96845e-23 2.83662e-12 2.61435e-12 -3.8475e-12 1.08e-50 3.6e-51 10 1.085 1e-50 1.1718 1
2.18 1.6952e-23 2.15405e-12 1.97597e-12 -2.89958e-12 1.08e-50 3.6e-51 10 1.09 1e-50 1.1772 1
2.19 9.8275e-24 1.64779e-12 1.50435e-12 -2.20209e-12 1.08e-50 3.6e-51 10 1.095 1e-50 1.1826 1
2.2 5.78633e-24 1.2701e-12 1.15485e-12 -1.68508e-12 1.08e-50 3.6e-51 10 1.1 1e-50 1.188 1
2.21 3.4709e-24 9.88321e-13 8.94396e-13 -1.30161e-12 1.08e-50 3.6e-51 10 1.105 1e-50 1.1934 1
2.22 2.10375e-24 7.73159e-13 6.9611e-13 -1.01065e-12 1.08e-50 3.6e-51 10 1.11 1e-50 1.1988 1
2.23 1.29386e-24 6.09068e-13 5.46008e-13 -7.90422e-13 1.08e-50 3.6e-51 10 1.115 1e-50 1.2042 1
2.24 8.04942e-25 4.82503e-13 4.30767e-13 -6.2175e-13 1.08e-50 3.6e-51 10 1.12 1e-50 1.2096 1
2.25 5.04982e-25 3.83693e-13 3.41061e-13 -4.91365e-13 1.08e-50 3.6e-51 10 1.125 1e-50 1.215 1
2.26 3.26182e-25 3.09974e-13 2.74225e-13 -3.93571e-13 1.08e-50 3.6e-51 10 1.13 1e-50 1.2204 1
2.27 2.05975e-25 2.47358e-13 2.17826e-13 -3.11996e-13 1.08e-50 3.6e-51 10 1.135 1e-50 1.2258 1
2.28 1.34989e-25 2.00728e-13 1.76525e-13 -2.52064e-13 1.08e-50 3.6e-51 10 1.14 1e-50 1.2312 1
2.29 8.84276e-26 1.63203e-13 1.42775e-13 -2.03489e-13 1.08e-50 3.6e-51 10 1.145 1e-50 1.2366 1
2.3 5.99916e-26 1.35225e-13 1.17462e-13 -1.67058e-13 1.08e-50 3.6e-51 10 1.15 1e-50 1.242 1
2.31 3.92029e-26 1.09246e-13 9.52571e-14 -1.34886e-13 1.08e-50 3.6e-51 10 1.155 1e-50 1.2474 1
2.32 2.64798e-26 9.03722e-14 7.79377e-14 -1.10627e-13 1.08e-50 3.6e-51 10 1.16 1e-50 1.2528 1
2.33 1.81189e-26 7.4829e-14 6.4615e-14 -9.13477e-14 1.08e-50 3.6e-51 10 1.165 1e-50 1.2582 1
2.34 1.29325e-26 6.35048e-14 5.4845e-14 -7.6757e-14 1.08e-50 3.6e-51 10 1.17 1e-50 1.2636 1
2.35 8.87116e-21 5.30236e-11 4.5127e-11 -6.34288e-11 1.08e-50 3.6e-51 10 1.175 1e-50 1.269 1
2.36 6.62157e-21 4.59897e-11 3.89744e-11 -5.46582e-11 1.08e-50 3.6e-51 10 1.18 1e-50 1.2744 1
2.37 4.97336e-21 4.0012e-11 3.37652e-11 -4.72473e-11 1.08e-50 3.6e-51 10 1.185 1e-50 1.2798 1
2.38 3.75698e-21 3.49096e-11 2.93359e-11 -4.09598e-11 1.08e-50 3.6e-51 10 1.19 1e-50 1.2852 1
2.39 2.8545e-21 3.05445e-11 2.55604e-11 -3.56118e-11 1.08e-50 3.6e-51 10 1.195 1e-50 1.2906 1
2.4 2.1805e-21 2.67963e-11 2.23301e-11 -3.10455e-11 1.08e-50 3.6e-51 10 1.2 1e-50 1.296 1
2.41 1.6751e-21 2.35738e-11 1.95635e-11 -2.71413e-11 1.08e-50 3.6e-51 10 1.205 1e-50 1.3014 1
2.42 1.29325e-21 2.07896e-11 1.71814e-11 -2.37875e-11 1.08e-50 3.6e-51 10 1.21 1e-50 1.3068 1
2.43 1.00346e-21 1.83795e-11 1.5127e-11 -2.09005e-11 1.08e-50 3.6e-51 10 1.215 1e-50 1.3122 1
2.44 7.824e-22 1.62876e-11 1.33502e-11 -1.84088e-11 1.08e-50 3.6e-51 10 1.22 1e-50 1.3176 1
2.45 6.12892e-22 1.44667e-11 1.18097e-11 -1.62524e-11 1.08e-50 3.6e-51 10 1.225 1e-50 1.323 1
2.46 4.82366e-22 1.2879e-11 1.04714e-11 -1.43822e-11 1.08e-50 3.6e-51 10 1.23 1e-50 1.3284 1
2.47 3.81198e-22 1.14893e-11 9.303e-12 -1.27534e-11 1.08e-50 3.6e-51 10 1.235 1e-50 1.3338 1
2.48 3.0268e-22 1.02731e-11 8.28493e-12 -1.13359e-11 1.08e-50 3.6e-51 10 1.24 1e-50 1.3392 1
2.49 2.41128e-22 9.20064e-12 7.38987e-12 -1.00929e-11 1.08e-50 3.6e-51 10 1.245 1e-50 1.3446 1
2.5 1.93077e-22 8.26073e-12 6.60871e-12 -9.00903e-12 1.08e-50 3.6e-51 10 1.25 1e-50 1.35 1
2.51 1.55077e-22 7.42784e-12 5.91882e-12 -8.05429e-12 1.08e-50 3.6e-51 10 1.255 1e-50 1.3554 1
2.52 1.25101e-22 6.69398e-12 5.3122e-12 -7.21611e-12 1.08e-50 3.6e-51 10 1.26 1e-50 1.3608 1
2.53 1.01325e-22 6.04361e-12 4.77773e-12 -6.47866e-12 1.08e-50 3.6e-51 10 1.265 1e-50 1.3662 1
2.54 8.22731e-23 5.46341e-12 4.30211e-12 -5.82375e-12 1.08e-50 3.6e-51 10 1.27 1e-50 1.3716 1
2.55 6.70799e-23 4.94893e-12 3.88178e-12 -5.24592e-12 1.08e-50 3.6e-51 10 1.275 1e-50 1.377 1
2.56 5.48443e-23 4.4893e-12 3.50719e-12 -4.73182e-12 1.08e-50 3.6e-51 10 1.28 1e-50 1.3824 1
2.57 4.50552e-23 4.08162e-12 3.17657e-12 -4.27843e-12 1.08e-50 3.6e-51 10 1.285 1e-50 1.3878 1
2.58 3.70597e-23 3.71325e-12 2.87836e-12 -3.87124e-12 1.08e-50 3.6e-51 10 1.29 1e-50 1.3932 1
2.59 3.06283e-23 3.38618e-12 2.6148e-12 -3.51069e-12 1.08e-50 3.6e-51 10 1.295 1e-50 1.3986 1
2.6 2.54094e-23 3.09353e-12 2.37987e-12 -3.18994e-12 1.08e-50 3.6e-51 10 1.3 1e-50 1.404 1
2.61 2.11062e-23 2.82752e-12 2.16738e-12 -2.90066e-12 1.08e-50 3.6e-51 10 1.305 1e-50 1.4094 1
2.62 1.75826e-23 2.58882e-12 1.97597e-12 -2.64124e-12 1.08e-50 3.6e-51 10 1.31 1e-50 1.4148 1
2.63 1.46877e-23 2.37277e-12 1.80456e-12 -2.40857e-12 1.08e-50 3.6e-51 10 1.315 1e-50 1.4202 1
2.64 1.23266e-23 2.18048e-12 1.65157e-12 -2.201e-12 1.08e-50 3.6e-51 10 1.32 1e-50 1.4256 1
2.65 1.03438e-23 2.00284e-12 1.51168e-12 -2.01177e-12 1.08e-50 3.6e-51 10 1.325 1e-50 1.431 1
2.66 8.72375e-24 1.84452e-12 1.38711e-12 -1.8432e-12 1.08e-50 3.6e-51 10 1.33 1e-50 1.4364 1
2.67 7.36033e-24 1.69864e-12 1.2732e-12 -1.68935e-12 1.08e-50 3.6e-51 10 1.335 1e-50 1.4418 1
2.68 6.23089e-24 1.56763e-12 1.16995e-12 -1.55069e-12 1.08e-50 3.6e-51 10 1.34 1e-50 1.4472 1
2.69 5.3013e-24 1.45017e-12 1.07803e-12 -1.42694e-12 1.08e-50 3.6e-51 10 1.345 1e-50 1.4526 1
2.7 4.50327e-24 1.34004e-12 9.92761e-13 -1.31225e-12 1.08e-50 3.6e-51 10 1.35 1e-50 1.458 1
2.71 3.84373e-24 1.24123e-12 9.16378e-13 -1.20968e-12 1.08e-50 3.6e-51 10 1.355 1e-50 1.4634 1
2.72 3.28404e-24 1.15064e-12 8.4599e-13 -1.11552e-12 1.08e-50 3.6e-51 10 1.36 1e-50 1.4688 1
2.73 2.81824e-24 1.06848e-12 7.82929e-13 -1.03132e-12 1.08e-50 3.6e-51 10 1.365 1e-50 1.4742 1
2.74 2.41827e-24 9.92539e-13 7.2431e-13 -9.5316e-13 1.08e-50 3.6e-51 10 1.37 1e-50 1.4796 1
2.75 2.07564e-24 9.21485e-13 6.70575e-13 -8.81383e-13 1.08e-50 3.6e-51 10 1.375 1e-50 1.485 1
2.76 1.79435e-24 8.59535e-13 6.22613e-13 -8.17253e-13 1.08e-50 3.6e-51 10 1.38 1e-50 1.4904 1
2.77 1.54943e-24 8.00471e-13 5.77982e-13 -7.58033e-13 1.08e-50 3.6e-51 10 1.385 1e-50 1.4958 1
2.78 1.34331e-24 7.4718e-13 5.3757e-13 -7.04307e-13 1.08e-50 3.6e-51 10 1.39 1e-50 1.5012 1
2.79 1.16597e-24 6.97886e-13 5.00489e-13 -6.5455e-13 1.08e-50 3.6e-51 10 1.395 1e-50 1.5066 1
2.8 1.01067e-24 6.51479e-13 4.65183e-13 -6.08151e-13 1.08e-50 3.6e-51 10 1.4 1e-50 1.512 1
2.81 8.8197e-25 6.10179e-13 4.34097e-13 -5.66755e-13 1.08e-50 3.6e-51 10 1.405 1e-50 1.5174 1
2.82 7.66195e-25 5.69989e-13 4.04121e-13 -5.27251e-13 1.08e-50 3.6e-51 10 1.41 1e-50 1.5228 1
2.83 6.72448e-25 5.3535e-13 3.7792e-13 -4.92976e-13 1.08e-50 3.6e-51 10 1.415 1e-50 1.5282 1
2.84 5.87217e-25 5.00933e-13 3.53273e-13 -4.59871e-13 1.08e-50 3.6e-51 10 1.42 1e-50 1.5336 1
2.85 5.15957e-25 4.71401e-13 3.3018e-13 -4.2979e-13 1.08e-50 3.6e-51 10 1.425 1e-50 1.539 1
2.86 4.52465e-25 4.42091e-13 3.09086e-13 -4.01854e-13 1.08e-50 3.6e-51 10 1.43 1e-50 1.5444 1
2.87 3.95602e-25 4.14113e-13 2.88658e-13 -3.75218e-13 1.08e-50 3.6e-51 10 1.435 1e-50 1.5498 1
2.88 3.50895e-25 3.90799e-13 2.71783e-13 -3.5257e-13 1.08e-50 3.6e-51 10 1.44 1e-50 1.5552 1
2.89 3.06646e-25 3.66152e-13 2.53575e-13 -3.29057e-13 1.08e-50 3.6e-51 10 1.445 1e-50 1.5606 1
2.9 2.73082e-25 3.46168e-13 2.39142e-13 -3.09937e-13 1.08e-50 3.6e-51 10 1.45 1e-50 1.566 1
2.91 2.42438e-25 3.27294e-13 2.24931e-13 -2.91072e-13 1.08e-50 3.6e-51 10 1.455 1e-50 1.5714 1
2.92 2.1409e-25 3.08198e-13 2.10942e-13 -2.73143e-13 1.08e-50 3.6e-51 10 1.46 1e-50 1.5768 1
2.93 1.90043e-25 2.911e-13 1.98508e-13 -2.56707e-13 1.08e-50 3.6e-51 10 1.465 1e-50 1.5822 1
2.94 1.69072e-25 2.75335e-13 1.8674e-13 -2.41642e-13 1.08e-50 3.6e-51 10 1.47 1e-50 1.5876 1
2.95 1.52244e-25 2.61569e-13 1.77414e-13 -2.28801e-13 1.08e-50 3.6e-51 10 1.475 1e-50 1.593 1
2.96 1.34108e-25 2.46025e-13 1.66089e-13 -2.14462e-13 1.08e-50 3.6e-51 10 1.48 1e-50 1.5984 1
2.97 1.21143e-25 2.34035e-13 1.57874e-13 -2.03585e-13 1.08e-50 3.6e-51 10 1.485 1e-50 1.6038 1
2.98 1.0703e-25 2.20934e-13 1.4766e-13 -1.90826e-13 1.08e-50 3.6e-51 10 1.49 1e-50 1.6092 1
2.99 9.60097e-26 2.09388e-13 1.4011e-13 -1.80376e-13 1.08e-50 3.6e-51 10 1.495 1e-50 1.6146 1
3 8.66237e-26 1.99174e-13 1.33005e-13 -1.71065e-13 1.08e-50 3.6e-51 10 1.5 1e-50 1.62 1
3.01 7.71352e-26 1.88294e-13 1.25233e-13 -1.61237e-13 1.08e-50 3.6e-51 10 1.505 1e-50 1.6254 1
3.02 6.95055e-26 1.78968e-13 1.18794e-13 -1.52853e-13 1.08e-50 3.6e-51 10 1.51 1e-50 1.6308 1
3.03 6.25329e-26 1.70086e-13 1.12577e-13 -1.44672e-13 1.08e-50 3.6e-51 10 1.515 1e-50 1.6362 1
3.04 5.61556e-26 1.61648e-13 1.06581e-13 -1.36623e-13 1.08e-50 3.6e-51 10 1.52 1e-50 1.6416 1
3.05 5.07475e-26 1.53877e-13 1.0103e-13 -1.29855e-13 1.08e-50 3.6e-51 10 1.525 1e-50 1.647 1
3.06 4.67465e-26 1.48548e-13 9.65894e-14 -1.23897e-13 1.08e-50 3.6e-51 10 1.53 1e-50 1.6524 1
3.07 4.16725e-26 1.40332e-13 9.10383e-14 -1.1701e-13 1.08e-50 3.6e-51 10 1.535 1e-50 1.6578 1
3.08 3.76899e-26 1.33449e-13 8.65974e-14 -1.11276e-13 1.08e-50 3.6e-51 10 1.54 1e-50 1.6632 1
3.09 3.3962e-26 1.26565e-13 8.23785e-14 -1.05627e-13 1.08e-50 3.6e-51 10 1.545 1e-50 1.6686 1
3.1 3.12292e-26 1.22347e-13 7.83817e-14 -1.00582e-13 1.08e-50 3.6e-51 10 1.55 1e-50 1.674 1
3.11 2.82086e-26 1.16129e-13 7.4829e-14 -9.55153e-14 1.08e-50 3.6e-51 10 1.555 1e-50 1.6794 1
3.12 2.57509e-26 1.11022e-13 7.12763e-14 -9.13489e-14 1.08e-50 3.6e-51 10 1.56 1e-50 1.6848 1
3.13 2.31294e-26 1.05471e-13 6.72795e-14 -8.64796e-14 1.08e-50 3.6e-51 10 1.565 1e-50 1.6902 1
3.14 2.13524e-26 1.01474e-13 6.4615e-14 -8.29471e-14 1.08e-50 3.6e-51 10 1.57 1e-50 1.6956 1
3.15 1.92577e-26 9.65894e-14 6.12843e-14 -7.8565e-14 1.08e-50 3.6e-51 10 1.575 1e-50 1.701 1
3.16 1.72953e-26 9.14824e-14 5.81757e-14 -7.44439e-14 1.08e-50 3.6e-51 10 1.58 1e-50 1.7064 1
3.17 1.64236e-26 8.9484e-14 5.63993e-14 -7.23559e-14 1.08e-50 3.6e-51 10 1.585 1e-50 1.7118 1
3.18 1.4494e-26 8.41549e-14 5.28466e-14 -6.79645e-14 1.08e-50 3.6e-51 10 1.59 1e-50 1.7172 1
3.19 1.37019e-26 8.26006e-14 5.10703e-14 -6.53522e-14 1.08e-50 3.6e-51 10 1.595 1e-50 1.7226 1
3.2 1.23947e-26 7.81597e-14 4.88498e-14 -6.24454e-14 1.08e-50 3.6e-51 10 1.6 1e-50 1.728 1
3.21 1.14752e-26 7.54952e-14 4.66294e-14 -6.00117e-14 1.08e-50 3.6e-51 10 1.605 1e-50 1.7334 1
3.22 1.04007e-26 7.17204e-14 4.4631e-14 -5.71397e-14 1.08e-50 3.6e-51 10 1.61 1e-50 1.7388 1
3.23 9.80663e-27 6.99441e-14 4.32987e-14 -5.51333e-14 1.08e-50 3.6e-51 10 1.615 1e-50 1.7442 1
3.24 8.75834e-27 6.57252e-14 4.10783e-14 -5.24511e-14 1.08e-50 3.6e-51 10 1.62 1e-50 1.7496 1
3.25 7.9443e-27 6.26166e-14 3.90799e-14 -4.99623e-14 1.08e-50 3.6e-51 10 1.625 1e-50 1.755 1
3.26 7.37285e-27 6.08402e-14 3.73035e-14 -4.77469e-14 1.08e-50 3.6e-51 10 1.63 1e-50 1.7604 1
3.27 6.82702e-27 5.86198e-14 3.57492e-14 -4.59645e-14 1.08e-50 3.6e-51 10 1.635 1e-50 1.7658 1
3.28 5.97759e-27 5.4623e-14 3.35287e-14 -4.32405e-14 1.08e-50 3.6e-51 10 1.64 1e-50 1.7712 1
3.29 9.50792e-21 6.93605e-11 4.21647e-11 -5.40294e-11 1.08e-50 3.6e-51 10 1.645 1e-50 1.7766 1
3.3 8.92077e-21 6.72822e-11 4.07769e-11 -5.22601e-11 1.08e-50 3.6e-51 10 1.65 1e-50 1.782 1
3.31 8.37531e-21 6.52862e-11 3.94478e-11 -5.05658e-11 1.08e-50 3.6e-51 10 1.655 1e-50 1.7874 1
3.32 7.86783e-21 6.33669e-11 3.8173e-11 -4.89417e-11 1.08e-50 3.6e-51 10 1.66 1e-50 1.7928 1
3.33 7.39592e-21 6.15237e-11 3.69509e-11 -4.73856e-11 1.08e-50 3.6e-51 10 1.665 1e-50 1.7982 1
3.34 6.95592e-21 5.97484e-11 3.57769e-11 -4.58917e-11 1.08e-50 3.6e-51 10 1.67 1e-50 1.8036 1
3.35 6.54587e-21 5.80398e-11 3.46505e-11 -4.44589e-11 1.08e-50 3.6e-51 10 1.675 1e-50 1.809 1
3.36 6.16416e-21 5.63989e-11 3.35705e-11 -4.30853e-11 1.08e-50 3.6e-51 10 1.68 1e-50 1.8144 1
3.37 5.80746e-21 5.48159e-11 3.25318e-11 -4.17655e-11 1.08e-50 3.6e-51 10 1.685 1e-50 1.8198 1
3.38 5.47466e-21 5.32929e-11 3.15343e-11 -4.04983e-11 1.08e-50 3.6e-51 10 1.69 1e-50 1.8252 1
3.39 5.16354e-21 5.18243e-11 3.05751e-11 -3.92804e-11 1.08e-50 3.6e-51 10 1.695 1e-50 1.8306 1
3.4 4.87318e-21 5.04119e-11 2.96541e-11 -3.81112e-11 1.08e-50 3.6e-51 10 1.7 1e-50 1.836 1
3.41 4.60134e-21 4.9049e-11 2.87672e-11 -3.69862e-11 1.08e-50 3.6e-51 10 1.705 1e-50 1.8414 1
3.42 4.34689e-21 4.77336e-11 2.79146e-11 -3.5905e-11 1.08e-50 3.6e-51 10 1.71 1e-50 1.8468 1
3.43 4.10873e-21 4.64662e-11 2.70939e-11 -3.48647e-11 1.08e-50 3.6e-51 10 1.715 1e-50 1.8522 1
3.44 3.88583e-21 4.52447e-11 2.63047e-11 -3.38646e-11 1.08e-50 3.6e-51 10 1.72 1e-50 1.8576 1
3.45 3.67678e-21 4.40648e-11 2.55449e-11 -3.29019e-11 1.08e-50 3.6e-51 10 1.725 1e-50 1.863 1
3.46 3.48051e-21 4.29248e-11 2.48122e-11 -3.19739e-11 1.08e-50 3.6e-51 10 1.73 1e-50 1.8684 1
3.47 3.2966e-21 4.18259e-11 2.41069e-11 -3.10814e-11 1.08e-50 3.6e-51 10 1.735 1e-50 1.8738 1
3.48 3.1237e-21 4.07625e-11 2.34268e-11 -3.02209e-11 1.08e-50 3.6e-51 10 1.74 1e-50 1.8792 1
3.49 2.9615e-21 3.97371e-11 2.27718e-11 -2.93924e-11 1.08e-50 3.6e-51 10 1.745 1e-50 1.8846 1
3.5 2.80897e-21 3.87455e-11 2.21398e-11 -2.85934e-11 1.08e-50 3.6e-51 10 1.75 1e-50 1.89 1
3.51 2.66561e-21 3.77871e-11 2.1531e-11 -2.78237e-11 1.08e-50 3.6e-51 10 1.755 1e-50 1.8954 1
3.52 2.53074e-21 3.68607e-11 2.09437e-11 -2.70811e-11 1.08e-50 3.6e-51 10 1.76 1e-50 1.9008 1
3.53 2.40365e-21 3.59637e-11 2.03761e-11 -2.63643e-11 1.08e-50 3.6e-51 10 1.765 1e-50 1.9062 1
3.54 2.2841e-21 3.50973e-11 1.98286e-11 -2.56732e-11 1.08e-50 3.6e-51 10 1.77 1e-50 1.9116 1
3.55 2.17155e-21 3.42595e-11 1.93008e-11 -2.50064e-11 1.08e-50 3.6e-51 10 1.775 1e-50 1.917 1
3.56 2.06527e-21 3.34466e-11 1.87905e-11 -2.43621e-11 1.08e-50 3.6e-51 10 1.78 1e-50 1.9224 1
3.57 1.96508e-21 3.26603e-11 1.82974e-11 -2.374e-11 1.08e-50 3.6e-51 10 1.785 1e-50 1.9278 1
3.58 1.87068e-21 3.19005e-11 1.78215e-11 -2.31395e-11 1.08e-50 3.6e-51 10 1.79 1e-50 1.9332 1
3.59 1.78148e-21 3.11635e-11 1.73612e-11 -2.25589e-11 1.08e-50 3.6e-51 10 1.795 1e-50 1.9386 1
3.6 1.69728e-21 3.04501e-11 1.69162e-11 -2.19979e-11 1.08e-50 3.6e-51 10 1.8 1e-50 1.944 1
3.61 1.61773e-21 2.97586e-11 1.64861e-11 -2.14559e-11 1.08e-50 3.6e-51 10 1.805 1e-50 1.9494 1
3.62 1.54239e-21 2.90865e-11 1.60698e-11 -2.09314e-11 1.08e-50 3.6e-51 10 1.81 1e-50 1.9548 1
3.63 1.47138e-21 2.84377e-11 1.56684e-11 -2.04249e-11 1.08e-50 3.6e-51 10 1.815 1e-50 1.9602 1
3.64 1.40422e-21 2.78089e-11 1.52798e-11 -1.99352e-11 1.08e-50 3.6e-51 10 1.82 1e-50 1.9656 1
3.65 1.34044e-21 2.71967e-11 1.49025e-11 -1.94601e-11 1.08e-50 3.6e-51 10 1.825 1e-50 1.971 1
3.66 1.28022e-21 2.66049e-11 1.45381e-11 -1.9001e-11 1.08e-50 3.6e-51 10 1.83 1e-50 1.9764 1
3.67 1.22308e-21 2.60294e-11 1.41847e-11 -1.85566e-11 1.08e-50 3.6e-51 10 1.835 1e-50 1.9818 1
3.68 1.16891e-21 2.54705e-11 1.38427e-11 -1.81256e-11 1.08e-50 3.6e-51 10 1.84 1e-50 1.9872 1
3.69 1.11767e-21 2.49294e-11 1.35121e-11 -1.77093e-11 1.08e-50 3.6e-51 10 1.845 1e-50 1.9926 1
3.7 1.06913e-21 2.44047e-11 1.31921e-11 -1.73064e-11 1.08e-50 3.6e-51 10 1.85 1e-50 1.998 1
3.71 1.02291e-21 2.38936e-11 1.28804e-11 -1.69145e-11 1.08e-50 3.6e-51 10 1.855 1e-50 2.0034 1
3.72 9.79127e-22 2.33977e-11 1.25793e-11 -1.65359e-11 1.08e-50 3.6e-51 10 1.86 1e-50 2.0088 1
3.73 9.37531e-22 2.29161e-11 1.22873e-11 -1.6168e-11 1.08e-50 3.6e-51 10 1.865 1e-50 2.0142 1
3.74 8.98106e-22 2.24489e-11 1.20046e-11 -1.58127e-11 1.08e-50 3.6e-51 10 1.87 1e-50 2.0196 1
3.75 8.60531e-22 2.19935e-11 1.17297e-11 -1.54671e-11 1.08e-50 3.6e-51 10 1.875 1e-50 2.025 1
3.76 8.24779e-22 2.15503e-11 1.14631e-11 -1.51315e-11 1.08e-50 3.6e-51 10 1.88 1e-50 2.0304 1
3.77 7.90965e-22 2.11222e-11 1.12053e-11 -1.48074e-11 1.08e-50 3.6e-51 10 1.885 1e-50 2.0358 1
3.78 7.58647e-22 2.07034e-11 1.09546e-11 -1.44918e-11 1.08e-50 3.6e-51 10 1.89 1e-50 2.0412 1
3.79 7.2789e-22 2.02967e-11 1.07103e-11 -1.41854e-11 1.08e-50 3.6e-51 10 1.895 1e-50 2.0466 1
3.8 6.98748e-22 1.99027e-11 1.0475e-11 -1.3889e-11 1.08e-50 3.6e-51 10 1.9 1e-50 2.052 1
3.81 6.70793e-22 1.95162e-11 1.02447e-11 -1.35999e-11 1.08e-50 3.6e-51 10 1.905 1e-50 2.0574 1
3.82 6.44328e-22 1.91431e-11 1.00222e-11 -1.33201e-11 1.08e-50 3.6e-51 10 1.91 1e-50 2.0628 1
3.83 6.19082e-22 1.8779e-11 9.80616e-12 -1.30488e-11 1.08e-50 3.6e-51 10 1.915 1e-50 2.0682 1
3.84 5.94941e-22 1.84235e-11 9.59566e-12 -1.27844e-11 1.08e-50 3.6e-51 10 1.92 1e-50 2.0736 1
3.85 5.72007e-22 1.80791e-11 9.39204e-12 -1.25277e-11 1.08e-50 3.6e-51 10 1.925 1e-50 2.079 1
3.86 5.50067e-22 1.77423e-11 9.19331e-12 -1.22785e-11 1.08e-50 3.6e-51 10 1.93 1e-50 2.0844 1
3.87 5.29167e-22 1.74154e-11 9.00013e-12 -1.20361e-11 1.08e-50 3.6e-51 10 1.935 1e-50 2.0898 1
3.88 5.09173e-22 1.70961e-11 8.81228e-12 -1.18e-11 1.08e-50 3.6e-51 10 1.94 1e-50 2.0952 1
3.89 4.90104e-22 1.67855e-11 8.62976e-12 -1.15706e-11 1.08e-50 3.6e-51 10 1.945 1e-50 2.1006 1
3.9 4.71929e-22 1.64828e-11 8.45324e-12 -1.13485e-11 1.08e-50 3.6e-51 10 1.95 1e-50 2.106 1
3.91 4.54529e-22 1.61884e-11 8.28004e-12 -1.11313e-11 1.08e-50 3.6e-51 10 1.955 1e-50 2.1114 1
3.92 4.37861e-22 1.58997e-11 8.11218e-12 -1.09203e-11 1.08e-50 3.6e-51 10 1.96 1e-50 2.1168 1
3.93 4.22038e-22 1.56211e-11 7.94942e-12 -1.07158e-11 1.08e-50 3.6e-51 10 1.965 1e-50 2.1222 1
3.94 4.06861e-22 1.53484e-11 7.79066e-12 -1.05164e-11 1.08e-50 3.6e-51 10 1.97 1e-50 2.1276 1
3.95 3.92273e-22 1.50808e-11 7.63589e-12 -1.03216e-11 1.08e-50 3.6e-51 10 1.975 1e-50 2.133 1
3.96 3.78387e-22 1.48215e-11 7.48557e-12 -1.0133e-11 1.08e-50 3.6e-51 10 1.98 1e-50 2.1384 1
3.97 3.65058e-22 1.45677e-11 7.33902e-12 -9.94886e-12 1.08e-50 3.6e-51 10 1.985 1e-50 2.1438 1
3.98 3.52289e-22 1.43201e-11 7.19602e-12 -9.7694e-12 1.08e-50 3.6e-51 10 1.99 1e-50 2.1492 1
3.99 3.40073e-22 1.40787e-11 7.05724e-12 -9.59464e-12 1.08e-50 3.6e-51 10 1.995 1e-50 2.1546 1
4 3.28349e-22 1.38429e-11 6.92135e-12 -9.42427e-12 1.08e-50 3.6e-51 10 2 1e-50 2.16 1
4.01 3.17151e-22 1.36136e-11 6.78968e-12 -9.25864e-12 1.08e-50 3.6e-51 10 2.005 1e-50 2.1654 1
4.02 3.06352e-22 1.3388e-11 6.66067e-12 -9.09672e-12 1.08e-50 3.6e-51 10 2.01 1e-50 2.1708 1
4.03 2.9615e-22 1.31717e-11 6.53655e-12 -8.94038e-12 1.08e-50 3.6e-51 10 2.015 1e-50 2.1762 1
4.04 2.86181e-22 1.29554e-11 6.41376e-12 -8.78648e-12 1.08e-50 3.6e-51 10 2.02 1e-50 2.1816 1
4.05 2.76699e-22 1.27467e-11 6.29474e-12 -8.63695e-12 1.08e-50 3.6e-51 10 2.025 1e-50 2.187 1
4.06 2.67551e-22 1.25415e-11 6.17817e-12 -8.49066e-12 1.08e-50 3.6e-51 10 2.03 1e-50 2.1924 1
4.07 2.58868e-22 1.23439e-11 6.06537e-12 -8.3491e-12 1.08e-50 3.6e-51 10 2.035 1e-50 2.1978 1
4.08 2.50475e-22 1.21489e-11 5.95546e-12 -8.21042e-12 1.08e-50 3.6e-51 10 2.04 1e-50 2.2032 1
4.09 2.42397e-22 1.1958e-11 5.84754e-12 -8.07525e-12 1.08e-50 3.6e-51 10 2.045 1e-50 2.2086 1
4.1 2.34662e-22 1.17724e-11 5.74252e-12 -7.94338e-12 1.08e-50 3.6e-51 10 2.05 1e-50 2.214 1
4.11 2.27207e-22 1.15903e-11 5.63993e-12 -7.81432e-12 1.08e-50 3.6e-51 10 2.055 1e-50 2.2194 1
4.12 2.20153e-22 1.14158e-11 5.54112e-12 -7.68957e-12 1.08e-50 3.6e-51 10 2.06 1e-50 2.2248 1
4.13 2.13188e-22 1.1239e-11 5.44254e-12 -7.5665e-12 1.08e-50 3.6e-51 10 2.065 1e-50 2.2302 1
4.14 2.06566e-22 1.10689e-11 5.34706e-12 -7.44673e-12 1.08e-50 3.6e-51 10 2.07 1e-50 2.2356 1
4.15 2.00289e-22 1.09059e-11 5.25513e-12 -7.33026e-12 1.08e-50 3.6e-51 10 2.075 1e-50 2.241 1
4.16 1.94094e-22 1.07403e-11 5.16409e-12 -7.21612e-12 1.08e-50 3.6e-51 10 2.08 1e-50 2.2464 1
4.17 1.88277e-22 1.05844e-11 5.07616e-12 -7.10489e-12 1.08e-50 3.6e-51 10 2.085 1e-50 2.2518 1
4.18 1.82551e-22 1.04268e-11 4.98912e-12 -6.99588e-12 1.08e-50 3.6e-51 10 2.09 1e-50 2.2572 1
4.19 1.77114e-22 1.02753e-11 4.90497e-12 -6.89004e-12 1.08e-50 3.6e-51 10 2.095 1e-50 2.2626 1
4.2 1.71849e-22 1.01266e-11 4.82192e-12 -6.78604e-12 1.08e-50 3.6e-51 10 2.1 1e-50 2.268 1
4.21 1.6683e-22 9.98268e-12 4.74198e-12 -6.68504e-12 1.08e-50 3.6e-51 10 2.105 1e-50 2.2734 1
4.22 1.61891e-22 9.83746e-12 4.66294e-12 -6.58575e-12 1.08e-50 3.6e-51 10 2.11 1e-50 2.2788 1
4.23 1.57203e-22 9.69891e-12 4.58589e-12 -6.48878e-12 1.08e-50 3.6e-51 10 2.115 1e-50 2.2842 1
4.24 1.52674e-22 9.56257e-12 4.51061e-12 -6.39417e-12 1.08e-50 3.6e-51 10 2.12 1e-50 2.2896 1
4.25 1.48295e-22 9.42846e-12 4.4369e-12 -6.30186e-12 1.08e-50 3.6e-51 10 2.125 1e-50 2.295 1
4.26 1.44089e-22 9.2979e-12 4.36517e-12 -6.21155e-12 1.08e-50 3.6e-51 10 2.13 1e-50 2.3004 1
4.27 1.40055e-22 9.17089e-12 4.29567e-12 -6.1235e-12 1.08e-50 3.6e-51 10 2.135 1e-50 2.3058 1
4.28 1.36083e-22 9.04343e-12 4.22617e-12 -6.03647e-12 1.08e-50 3.6e-51 10 2.14 1e-50 2.3112 1
4.29 1.32332e-22 8.9222e-12 4.15912e-12 -5.95216e-12 1.08e-50 3.6e-51 10 2.145 1e-50 2.3166 1
4.3 1.28624e-22 8.79918e-12 4.09273e-12 -5.86922e-12 1.08e-50 3.6e-51 10 2.15 1e-50 2.322 1
4.31 1.25124e-22 8.68239e-12 4.029e-12 -5.78851e-12 1.08e-50 3.6e-51 10 2.155 1e-50 2.3274 1
4.32 1.21687e-22 8.56515e-12 3.96594e-12 -5.70934e-12 1.08e-50 3.6e-51 10 2.16 1e-50 2.3328 1
4.33 1.18451e-22 8.45457e-12 3.9051e-12 -5.63214e-12 1.08e-50 3.6e-51 10 2.165 1e-50 2.3382 1
4.34 1.15268e-22 8.3431e-12 3.84492e-12 -5.55671e-12 1.08e-50 3.6e-51 10 2.17 1e-50 2.3436 1
4.35 1.12174e-22 8.23297e-12 3.78608e-12 -5.48251e-12 1.08e-50 3.6e-51 10 2.175 1e-50 2.349 1
4.36 1.09211e-22 8.12683e-12 3.72813e-12 -5.40991e-12 1.08e-50 3.6e-51 10 2.18 1e-50 2.3544 1
4.37 1.06353e-22 8.02292e-12 3.67173e-12 -5.33894e-12 1.08e-50 3.6e-51 10 2.185 1e-50 2.3598 1
4.38 1.03578e-22 7.92033e-12 3.61644e-12 -5.26948e-12 1.08e-50 3.6e-51 10 2.19 1e-50 2.3652 1
4.39 1.00889e-22 7.81952e-12 3.56226e-12 -5.20138e-12 1.08e-50 3.6e-51 10 2.195 1e-50 2.3706 1
4.4 9.83187e-23 7.72227e-12 3.50986e-12 -5.1348e-12 1.08e-50 3.6e-51 10 2.2 1e-50 2.376 1
4.41 9.57882e-23 7.62412e-12 3.45812e-12 -5.06974e-12 1.08e-50 3.6e-51 10 2.205 1e-50 2.3814 1
4.42 9.33626e-23 7.52953e-12 3.4075e-12 -5.00577e-12 1.08e-50 3.6e-51 10 2.21 1e-50 2.3868 1
4.43 9.10342e-23 7.43805e-12 3.35754e-12 -4.94334e-12 1.08e-50 3.6e-51 10 2.215 1e-50 2.3922 1
4.44 8.87904e-23 7.34834e-12 3.30957e-12 -4.88251e-12 1.08e-50 3.6e-51 10 2.22 1e-50 2.3976 1
4.45 8.65236e-23 7.25553e-12 3.26095e-12 -4.82153e-12 1.08e-50 3.6e-51 10 2.225 1e-50 2.403 1
4.46 8.44288e-23 7.16938e-12 3.21521e-12 -4.76354e-12 1.08e-50 3.6e-51 10 2.23 1e-50 2.4084 1
4.47 8.23724e-23 7.08367e-12 3.16946e-12 -4.70623e-12 1.08e-50 3.6e-51 10 2.235 1e-50 2.4138 1
4.48 8.0358e-23 6.9984e-12 3.12439e-12 -4.64958e-12 1.08e-50 3.6e-51 10 2.24 1e-50 2.4192 1
4.49 7.84158e-23 6.91536e-12 3.08042e-12 -4.59397e-12 1.08e-50 3.6e-51 10 2.245 1e-50 2.4246 1
4.5 7.65287e-23 6.83364e-12 3.0369e-12 -4.53952e-12 1.08e-50 3.6e-51 10 2.25 1e-50 2.43 1
4.51 7.47347e-23 6.75504e-12 2.99538e-12 -4.48685e-12 1.08e-50 3.6e-51 10 2.255 1e-50 2.4354 1
4.52 7.29732e-23 6.67688e-12 2.95386e-12 -4.43477e-12 1.08e-50 3.6e-51 10 2.26 1e-50 2.4408 1
4.53 7.124e-23 6.59828e-12 2.91323e-12 -4.38359e-12 1.08e-50 3.6e-51 10 2.265 1e-50 2.4462 1
4.54 6.95693e-23 6.52189e-12 2.87348e-12 -4.33328e-12 1.08e-50 3.6e-51 10 2.27 1e-50 2.4516 1
4.55 6.79551e-23 6.44729e-12 2.8344e-12 -4.28413e-12 1.08e-50 3.6e-51 10 2.275 1e-50 2.457 1
4.56 6.64122e-23 6.37534e-12 2.79665e-12 -4.23626e-12 1.08e-50 3.6e-51 10 2.28 1e-50 2.4624 1
4.57 6.48968e-23 6.30385e-12 2.75868e-12 -4.18903e-12 1.08e-50 3.6e-51 10 2.285 1e-50 2.4678 1
4.58 6.34114e-23 6.23235e-12 2.72182e-12 -4.14258e-12 1.08e-50 3.6e-51 10 2.29 1e-50 2.4732 1
4.59 6.20292e-23 6.16618e-12 2.68652e-12 -4.09757e-12 1.08e-50 3.6e-51 10 2.295 1e-50 2.4786 1
4.6 6.06011e-23 6.09512e-12 2.65077e-12 -4.05266e-12 1.08e-50 3.6e-51 10 2.3 1e-50 2.484 1
4.61 5.92885e-23 6.03029e-12 2.61657e-12 -4.0097e-12 1.08e-50 3.6e-51 10 2.305 1e-50 2.4894 1
4.62 5.79927e-23 5.96589e-12 2.58216e-12 -3.96652e-12 1.08e-50 3.6e-51 10 2.31 1e-50 2.4948 1
4.63 5.67021e-23 5.89973e-12 2.54863e-12 -3.92426e-12 1.08e-50 3.6e-51 10 2.315 1e-50 2.5002 1
4.64 5.54899e-23 5.83755e-12 2.51621e-12 -3.8835e-12 1.08e-50 3.6e-51 10 2.32 1e-50 2.5056 1
4.65 5.42957e-23 5.77582e-12 2.48357e-12 -3.84284e-12 1.08e-50 3.6e-51 10 2.325 1e-50 2.511 1
4.66 5.31452e-23 5.71543e-12 2.4527e-12 -3.80307e-12 1.08e-50 3.6e-51 10 2.33 1e-50 2.5164 1
4.67 5.19884e-23 5.65326e-12 2.42117e-12 -3.76391e-12 1.08e-50 3.6e-51 10 2.335 1e-50 2.5218 1
4.68 5.09026e-23 5.59508e-12 2.39098e-12 -3.7257e-12 1.08e-50 3.6e-51 10 2.34 1e-50 2.5272 1
4.69 4.98537e-23 5.53824e-12 2.36144e-12 -3.68852e-12 1.08e-50 3.6e-51 10 2.345 1e-50 2.5326 1
4.7 4.88008e-23 5.48006e-12 2.33213e-12 -3.65115e-12 1.08e-50 3.6e-51 10 2.35 1e-50 2.538 1
4.71 4.77892e-23 5.42366e-12 2.30305e-12 -3.61511e-12 1.08e-50 3.6e-51 10 2.355 1e-50 2.5434 1
4.72 4.67923e-23 5.36726e-12 2.27462e-12 -3.57922e-12 1.08e-50 3.6e-51 10 2.36 1e-50 2.5488 1
4.73 4.58674e-23 5.3153e-12 2.24709e-12 -3.54479e-12 1.08e-50 3.6e-51 10 2.365 1e-50 2.5542 1
4.74 4.4923e-23 5.26068e-12 2.21978e-12 -3.5101e-12 1.08e-50 3.6e-51 10 2.37 1e-50 2.5596 1
4.75 4.40506e-23 5.2105e-12 2.1938e-12 -3.47686e-12 1.08e-50 3.6e-51 10 2.375 1e-50 2.565 1
4.76 4.31514e-23 5.15721e-12 2.16693e-12 -3.44369e-12 1.08e-50 3.6e-51 10 2.38 1e-50 2.5704 1
4.77 4.23097e-23 5.10791e-12 2.14095e-12 -3.41104e-12 1.08e-50 3.6e-51 10 2.385 1e-50 2.5758 1
4.78 4.14825e-23 5.05773e-12 2.11631e-12 -3.37981e-12 1.08e-50 3.6e-51 10 2.39 1e-50 2.5812 1
4.79 4.06596e-23 5.00799e-12 2.09077e-12 -3.34788e-12 1.08e-50 3.6e-51 10 2.395 1e-50 2.5866 1
4.8 3.98779e-23 4.96003e-12 2.06679e-12 -3.31729e-12 1.08e-50 3.6e-51 10 2.4 1e-50 2.592 1
4.81 3.91174e-23 4.91296e-12 2.04303e-12 -3.28729e-12 1.08e-50 3.6e-51 10 2.405 1e-50 2.5974 1
4.82 3.83622e-23 4.86589e-12 2.01905e-12 -3.25711e-12 1.08e-50 3.6e-51 10 2.41 1e-50 2.6028 1
4.83 3.76387e-23 4.82014e-12 1.99596e-12 -3.22817e-12 1.08e-50 3.6e-51 10 2.415 1e-50 2.6082 1
4.84 3.69413e-23 4.77574e-12 1.97353e-12 -3.19982e-12 1.08e-50 3.6e-51 10 2.42 1e-50 2.6136 1
4.85 3.62355e-23 4.72999e-12 1.95066e-12 -3.17137e-12 1.08e-50 3.6e-51 10 2.425 1e-50 2.619 1
4.86 3.55772e-23 4.68781e-12 1.92846e-12 -3.14368e-12 1.08e-50 3.6e-51 10 2.43 1e-50 2.6244 1
4.87 3.4915e-23 4.64384e-12 1.90692e-12 -3.11663e-12 1.08e-50 3.6e-51 10 2.435 1e-50 2.6298 1
4.88 3.42656e-23 4.60032e-12 1.8856e-12 -3.08984e-12 1.08e-50 3.6e-51 10 2.44 1e-50 2.6352 1
4.89 3.36593e-23 4.55991e-12 1.86517e-12 -3.06393e-12 1.08e-50 3.6e-51 10 2.445 1e-50 2.6406 1
4.9 3.30302e-23 4.51728e-12 1.84341e-12 -3.03747e-12 1.08e-50 3.6e-51 10 2.45 1e-50 2.646 1
4.91 3.24513e-23 4.47775e-12 1.8241e-12 -3.01226e-12 1.08e-50 3.6e-51 10 2.455 1e-50 2.6514 1
4.92 3.18774e-23 4.43823e-12 1.80411e-12 -2.98742e-12 1.08e-50 3.6e-51 10 2.46 1e-50 2.6568 1
4.93 3.13077e-23 4.3987e-12 1.78391e-12 -2.96256e-12 1.08e-50 3.6e-51 10 2.465 1e-50 2.6622 1
4.94 3.0735e-23 4.35785e-12 1.76414e-12 -2.93802e-12 1.08e-50 3.6e-51 10 2.47 1e-50 2.6676 1
4.95 3.0214e-23 4.32099e-12 1.74594e-12 -2.91457e-12 1.08e-50 3.6e-51 10 2.475 1e-50 2.673 1
4.96 2.96831e-23 4.2828e-12 1.72706e-12 -2.89102e-12 1.08e-50 3.6e-51 10 2.48 1e-50 2.6784 1
4.97 2.91866e-23 4.24727e-12 1.70886e-12 -2.86829e-12 1.08e-50 3.6e-51 10 2.485 1e-50 2.6838 1
4.98 2.86791e-23 4.20997e-12 1.69043e-12 -2.84566e-12 1.08e-50 3.6e-51 10 2.49 1e-50 2.6892 1
4.99 2.82113e-23 4.17577e-12 1.67377e-12 -2.8236e-12 1.08e-50 3.6e-51 10 2.495 1e-50 2.6946 1
5 2.77311e-23 4.1398e-12 1.65601e-12 -2.80192e-12 1.08e-50 3.6e-51 10 2.5 1e-50 2.7 1
